
#(0 0 0 0 0 0 0 1 1 1 1 1 1 1 1 1 0 0 0 2 0 0 0 0 1 1 1 1 1 1 1 1 0 0 0 2 0 0 0
  0 1 1 1 1 1 1 1 1 0 0 0 2 0 0 0 0 1 1 1 1 1 1 1 1 0 0 0 3 2 0 0 0 0 1 1 1 1 1
  1 1 0 0 0 3 2 0 0 0 0 3 1 1 1 1 1 1 0 0 3 3 3 0 0 0 0 3 3 1 1 1 1 1 0 0 2 2 2
  2 0 0 0 0 3 1 1 1 1 1 0 0 0 2 2 2 2 0 0 0 0 1 1 1 1 1 0 0 0 0 2 2 3 0 0 0 0 0
  1 1 1 1 0 0 0 1 1 1 1 3 2 0 0 0 0 1 1 1 0 0 0 1 1 1 1 1 3 2 0 0 0 0 1 1 0 0 0
  0 3 1 1 1 1 3 0 0 0 0 0 0 0 0 0 0 0 0 1 1 1 1 0 0 0 0 0 0 0 0 0 0 0 0 0 3 0 0
  0 0 0 0 0 0 0 0 0 0 0 0 0 0 0 0 0 0 0 0 0 0 0 0 0 0 0 0 0 1 1 1 1 1 1 1 1 1 0
  0 0 0 0 0 0 1 1 1 1 1 1 1 1 1 0 0 0 0 0 0 0 1 1 1 1 1 1 1 1 1 0 0 0 0 0 0 0 0
  1 1 1 1 1 1 1 1 0 0 0 2 0 0 0 0 3 3 3 3 1 1 1 1 0 0 2 2 0 0 0 0 3 3 3 3 3 1 1
  1 0 0 2 2 2 0 0 0 0 3 3 3 3 1 1 1 0 0 0 0 0 0 0 0 0 0 3 1 1 1 1 1 0 0 0 0 0 0
  0 0 0 0 0 1 1 1 1 1 0 0 0 0 0 0 3 0 0 0 0 0 1 1 1 1 0 0 0 1 1 1 3 3 0 0 0 0 0
  1 1 1 0 0 0 3 1 1 1 3 2 0 0 0 0 0 1 1 0 0 0 0 3 1 1 1 3 2 0 0 0 0 0 0 0 0 0 0
  0 0 1 1 1 1 0 0 0 0 0 0 0 0 0 0 0 0 0 2 0 0 0 0 0 0 0 0 0 0 0 0 0 0 0 0 0 0 0
  0 0 0 0 0 0 0 0 0 0 0 1 1 1 1 1 1 1 1 1 1 0 0 0 0 0 0 1 1 1 1 1 1 1 1 1 1 0 0
  0 0 0 0 3 3 1 1 1 1 1 1 1 1 0 0 0 0 0 0 0 3 3 3 3 3 3 3 1 1 0 0 0 0 0 0 0 3 3
  3 3 3 3 3 3 1 0 0 0 0 0 0 0 2 2 2 3 3 3 3 3 1 0 0 0 0 0 0 0 0 2 2 2 3 3 1 1 1
  0 0 0 0 0 0 0 0 0 2 2 1 1 1 1 1 0 0 0 0 0 0 0 0 0 0 1 1 1 1 1 1 0 0 0 0 0 0 2
  0 0 0 0 1 1 1 1 1 0 0 0 1 1 1 3 2 0 0 0 0 1 1 1 1 0 0 0 3 1 1 1 3 0 0 0 0 0 1
  1 1 0 0 0 0 2 1 1 1 3 0 0 0 0 0 0 0 0 0 0 0 0 0 1 1 1 3 2 0 0 0 0 0 0 0 0 0 0
  0 0 0 0 0 0 0 0 0 0 0 0 0 0 0 0 0 0 0 0 0 0 0 0 0 0 0 0 0 0 0 0 3 3 3 1 1 1 1
  1 1 1 1 0 0 0 0 0 3 3 3 3 3 3 3 1 1 1 1 0 0 0 0 0 0 3 3 3 3 3 3 3 3 3 3 0 0 0
  0 0 0 3 3 3 3 3 3 3 3 3 3 0 0 0 0 0 0 2 2 2 2 2 2 3 3 3 3 0 0 0 0 0 0 0 0 0 0
  2 2 2 3 3 3 0 0 0 0 0 0 0 0 0 0 0 2 2 1 1 1 0 0 0 0 0 0 0 0 0 0 0 1 1 1 1 1 0
  0 0 0 0 0 0 0 0 0 1 1 1 1 1 1 2 1 0 0 0 0 0 0 0 0 1 1 1 1 1 1 0 2 1 1 1 3 2 0
  0 0 0 1 1 1 1 1 0 0 0 2 1 1 3 2 0 0 0 0 1 1 1 1 0 0 0 0 0 1 1 3 2 0 0 0 0 0 0
  0 0 0 0 0 0 0 1 1 1 3 0 0 0 0 0 0 0 0 0 0 0 0 0 0 1 1 0 0 0 0 0 0 0 0 0 0 0 0
  0 0 0 0 0 0 0 0 0 0 0 0 0 0 2 3 3 3 3 3 3 3 3 3 3 3 0 0 0 0 3 3 3 3 3 3 3 3 3
  3 3 3 0 0 0 0 0 2 2 2 3 3 3 3 3 3 3 3 0 0 0 0 0 0 2 2 2 2 2 2 2 2 3 3 0 0 0 0
  0 0 0 0 0 0 0 0 2 2 2 3 0 0 0 0 0 0 0 0 0 0 0 0 0 2 2 3 0 0 0 0 0 0 0 0 0 0 0
  0 0 1 1 1 0 0 0 0 0 0 0 0 0 0 0 1 1 1 1 1 1 1 1 3 0 0 0 0 0 1 1 1 1 1 1 1 0 1
  1 1 3 0 0 0 0 0 1 1 1 1 1 1 0 0 1 1 3 3 0 0 0 0 0 1 1 1 1 1 0 0 0 0 1 3 3 0 0
  0 0 0 1 1 1 1 0 0 0 0 0 1 3 3 0 0 0 0 0 0 0 0 0 0 0 0 0 0 1 1 3 2 0 0 0 0 0 0
  0 0 0 0 0 0 0 0 1 1 0 0 0 0 0 0 0 0 0 0 0 0 0 0 0 0 0 0 0 0 0 0 0 0 0 0 0 2 2
  2 3 3 3 3 3 3 3 3 0 0 0 0 2 2 2 2 2 2 2 2 3 3 3 3 0 0 0 0 0 0 0 0 2 2 2 2 2 2
  2 2 0 0 0 0 0 0 0 0 0 0 0 0 0 0 2 2 0 0 0 0 0 0 0 0 0 0 0 0 0 0 0 2 0 0 0 0 0
  0 0 0 0 0 0 0 0 0 0 2 1 0 0 0 0 0 0 0 0 0 0 0 0 1 1 1 1 1 2 0 0 0 0 0 0 0 0 1
  1 1 1 1 1 1 1 2 0 0 0 0 1 1 1 1 1 1 1 1 0 1 1 3 2 0 0 0 0 1 1 1 1 1 1 1 0 0 1
  1 3 2 0 0 0 0 1 1 1 1 1 1 0 0 0 0 1 3 2 0 0 0 0 1 1 1 1 1 0 0 0 0 0 1 3 2 0 0
  0 0 0 0 0 0 0 0 0 0 0 0 1 1 3 0 0 0 0 0 0 0 0 0 0 0 0 0 0 3 1 1 1 1 1 0 0 0 0
  0 0 0 0 0 0 0 0 3 0 0 0 0 0 0 0 0 0 0 0 0 0 0 2 2 2 2 2 2 2 2 0 0 0 0 0 0 0 0
  0 0 0 0 2 2 2 2 0 0 0 0 0 0 0 0 0 0 0 0 0 0 0 0 0 0 0 0 0 0 0 0 0 0 0 0 0 0 0
  0 0 0 0 0 0 0 0 0 0 0 0 0 0 0 0 0 1 0 0 0 0 0 0 0 0 0 0 0 0 0 0 0 1 0 0 0 0 1
  1 1 1 0 0 0 0 1 1 1 1 1 0 0 0 0 0 1 1 1 1 1 1 1 1 1 1 1 1 0 0 0 0 0 1 1 1 1 1
  1 1 1 0 1 1 3 0 0 0 0 0 1 1 1 1 1 1 1 0 0 1 1 2 0 0 0 0 0 1 1 1 1 1 1 0 0 0 1
  1 2 0 0 0 0 0 1 1 1 1 1 0 0 0 0 2 3 2 0 0 0 0 0 0 0 0 1 0 0 0 0 0 0 1 1 2 0 0
  0 0 0 0 1 0 0 0 0 0 0 0 2 1 1 1 1 1 1 0 1 0 0 0 0 0 0 0 0 0 3 1 1 0 0 0 0 0 0
  0 0 0 0 0 0 0 0 0 0 0 0 0 0 0 0 0 0 0 0 0 0 0 0 0 0 0 0 0 0 0 0 0 0 0 0 0 0 0
  0 0 0 0 0 0 0 0 0 0 0 0 0 0 0 0 0 0 0 0 0 0 0 1 1 1 1 1 0 0 0 0 0 0 0 0 0 0 0
  1 0 0 0 1 1 1 1 1 1 1 1 0 0 0 0 1 0 0 0 0 1 1 1 1 1 1 1 1 1 1 3 1 1 0 0 0 0 1
  1 1 1 1 1 1 1 1 3 1 1 1 0 0 0 0 1 1 1 1 1 1 1 1 3 1 1 1 2 0 0 0 0 1 1 1 1 1 1
  1 3 0 0 1 1 0 0 0 0 0 1 1 1 1 1 1 3 0 0 0 3 1 0 0 0 0 0 1 1 1 1 1 3 0 0 0 0 0
  3 0 0 0 0 0 0 0 0 0 3 0 0 0 0 0 0 3 1 0 0 0 0 0 0 0 3 0 0 0 0 0 0 0 0 3 1 1 1
  1 1 1 3 0 0 0 0 0 0 0 0 0 2 3 1 0 1 0 0 0 0 0 0 0 0 0 0 0 0 0 0 0 0 0 0 0 0 0
  0 0 0 0 0 0 0 0 0 0 0 0 0 0 0 0 0 0 0 0 0 0 0 0 0 0 0 0 0 0 2 1 1 1 1 1 0 0 0
  0 0 0 0 0 0 1 1 1 1 1 1 1 1 1 1 1 1 1 1 0 0 1 1 1 1 1 1 1 1 1 1 1 1 1 1 1 3 1
  1 0 0 1 1 1 1 1 1 1 1 1 1 1 3 1 1 0 0 0 1 1 1 1 1 1 1 1 1 1 3 1 1 1 0 0 0 1 1
  1 1 1 1 1 1 3 3 3 1 1 0 0 0 0 1 1 1 1 1 1 1 3 3 0 0 1 1 0 0 0 0 1 1 1 1 1 1 3
  3 0 0 0 3 1 0 0 0 0 0 1 1 1 1 3 3 0 0 0 0 0 2 0 0 0 0 0 0 0 0 3 3 0 0 0 0 0 0
  3 1 0 0 0 0 0 0 1 3 0 0 0 0 0 0 0 0 3 1 1 1 1 1 1 3 0 0 0 0 0 0 0 0 0 0 3 3 1
  1 1 3 0 0 0 0 0 0 0 0 0 0 0 0 0 0 0 0 0 0 0 0 0 0 0 0 0 0 0 0 0 0 0 0 0 0 0 1
  1 1 1 1 1 0 0 0 0 0 0 0 0 0 1 1 1 1 1 1 1 1 1 1 1 1 1 0 1 1 1 1 1 1 1 1 1 1 1
  1 1 1 1 3 1 1 1 1 1 1 1 1 1 1 1 1 1 1 3 2 1 1 1 1 1 1 1 1 1 1 1 1 1 1 3 2 1 1
  1 0 0 1 1 1 1 1 1 1 1 1 3 2 1 1 1 0 0 0 1 1 1 1 1 1 1 1 3 2 3 1 1 0 0 0 0 1 1
  1 1 1 1 1 3 2 0 0 1 1 0 0 0 0 1 1 1 1 1 1 3 2 0 0 0 2 1 0 0 0 0 1 1 1 1 1 3 2
  0 0 0 0 0 0 0 0 0 0 0 0 0 1 3 2 0 0 0 0 0 0 2 3 0 0 0 0 0 1 3 2 0 0 0 0 0 0 0
  0 2 3 1 1 1 1 3 2 0 0 0 0 0 0 0 0 0 0 2 3 3 1 3 2 0 0 0 0 0 0 0 1 0 0 0 0 0 0
  0 0 0 0 0 0 1 1 1 1 1 1 1 0 0 0 0 0 0 0 0 1 1 1 1 1 1 1 1 1 1 1 3 3 0 0 1 1 1
  1 1 1 1 1 1 1 1 1 3 2 1 1 1 1 1 1 1 1 1 1 1 1 1 1 3 2 1 1 1 1 1 1 1 1 1 1 1 1
  1 1 3 0 1 1 1 1 1 1 1 1 1 1 1 1 1 1 3 0 1 1 1 1 1 1 1 1 1 1 1 1 1 3 3 0 1 1 1
  1 1 1 1 1 1 1 1 1 1 3 2 0 2 1 1 1 0 0 1 1 1 1 1 1 1 3 2 0 0 0 1 1 0 0 0 1 1 1
  1 1 1 3 2 0 0 0 0 0 1 0 0 0 1 1 1 1 1 3 2 0 0 0 0 0 0 0 0 0 0 0 0 0 0 3 2 0 0
  0 0 0 0 0 0 3 0 0 0 0 0 3 3 0 0 0 0 0 0 0 0 0 0 3 3 3 1 3 3 0 0 0 0 0 0 0 0 0
  0 0 0 2 3 3 3 0 0 0 0 0 0 1 1 1 1 1 1 1 1 1 3 0 0 0 0 0 1 1 1 1 1 1 1 1 1 1 3
  2 0 0 0 1 1 1 1 1 1 1 1 1 1 1 3 2 0 0 1 1 1 1 1 1 1 1 1 1 1 1 3 0 1 1 1 1 1 1
  1 1 1 1 1 1 1 1 3 0 1 1 1 1 1 1 1 1 1 1 1 1 1 3 2 0 1 1 1 1 1 1 1 1 1 1 1 1 1
  3 2 0 1 1 1 1 1 1 1 1 1 1 1 1 1 3 2 0 1 1 1 1 1 1 1 1 1 1 1 1 1 3 0 0 0 1 1 1
  1 1 1 1 1 1 1 1 1 3 0 0 0 0 3 1 1 0 1 1 1 1 1 1 3 3 0 0 0 0 0 0 3 0 0 0 1 1 1
  1 3 3 0 0 0 0 0 0 0 0 0 0 0 0 0 0 3 3 0 0 0 0 0 0 0 0 0 2 0 0 0 0 3 3 2 0 0 0
  0 0 0 0 0 0 0 2 3 3 3 3 2 0 0 0 0 0 0 0 0 0 0 0 0 0 2 3 2 0 0 0 0 0 0 1 1 1 1
  1 1 1 1 1 3 0 0 0 0 0 1 1 1 1 1 1 1 1 1 3 3 0 0 0 0 1 1 1 1 1 1 1 1 1 1 3 2 0
  1 1 1 1 1 1 1 1 1 1 1 1 1 3 2 0 1 1 1 1 1 1 1 1 1 1 1 1 1 3 2 0 1 1 1 1 1 1 1
  1 1 1 1 1 1 3 0 0 1 1 1 1 1 1 1 1 1 1 1 1 1 3 0 0 1 1 1 1 1 1 1 1 1 1 1 1 3 2
  0 0 1 1 1 1 1 1 1 1 1 1 1 1 3 2 0 0 0 3 1 1 1 1 1 1 1 1 1 1 3 2 0 0 0 0 3 1 1
  1 1 1 1 1 1 1 3 2 0 0 0 0 0 0 3 0 0 1 1 1 1 1 3 2 0 0 0 0 0 0 0 0 0 0 0 0 0 0
  3 2 0 0 0 0 0 0 0 0 0 0 0 0 0 0 3 2 0 0 0 0 0 0 0 0 0 0 0 0 2 2 3 2 0 0 0 0 0
  0 0 0 0 0 0 0 0 0 0 2 0 0 0 0 0 0 0 3 3 3 3 3 3 3 3 3 2 0 0 0 0 0 3 3 3 3 3 3
  3 3 3 3 2 0 3 0 0 3 3 3 3 3 3 3 3 3 3 3 0 0 3 3 3 3 3 3 3 3 3 3 3 3 3 3 0 0 3
  3 3 3 3 3 3 3 3 3 3 3 3 3 0 0 3 3 3 3 3 3 3 3 3 3 3 3 3 2 0 0 3 3 3 3 3 3 3 3
  3 3 3 3 3 2 0 0 3 3 3 3 3 3 3 3 3 3 3 3 3 0 0 0 3 3 3 3 3 3 3 3 3 3 3 3 3 0 0
  0 0 3 3 3 3 3 3 3 3 3 3 3 3 0 0 0 0 0 2 3 3 3 3 3 3 3 3 3 2 0 0 0 0 0 0 0 2 3
  3 3 3 3 3 3 2 0 0 0 0 0 0 0 0 0 2 3 0 0 0 3 2 0 0 0 0 0 0 0 0 0 0 0 0 0 0 3 2
  0 0 0 0 0 0 0 0 0 0 0 0 0 0 0 2 0 0 0 0 0 0 0 0 0 0 0 0 0 0 0 0 0 0 0 0 0 0 0
  0 3 3 3 3 3 3 3 3 3 0 0 3 3 0 0 3 3 3 3 3 3 3 3 3 2 0 0 3 3 3 3 3 3 3 3 3 3 3
  3 3 2 0 0 3 3 3 3 3 3 3 3 3 3 3 3 3 2 0 0 3 3 3 3 3 3 3 3 3 3 3 3 3 2 0 0 3 3
  3 3 3 3 3 3 3 3 3 3 3 0 0 0 3 3 3 3 3 3 3 3 3 3 3 3 3 0 0 0 3 3 3 3 3 3 3 3 3
  3 3 3 2 0 0 0 3 3 3 3 3 3 3 3 3 3 3 3 2 0 0 0 0 2 3 3 3 3 3 3 3 3 3 3 2 0 0 0
  0 0 0 3 3 3 3 3 3 3 3 3 0 0 0 0 0 0 0 0 0 3 3 3 3 3 3 3 0 0 0 0 0 0 0 0 0 0 0
  3 3 0 0 3 0 0 0 0 0 0 0 0 0 0 0 0 0 0 0 3 0 0 0 0 0 0 0 0 0 0 0 0 0 0 0 0 0 0
  0 0 0 0 0 0 0 0 0 0 0 0 0 0 0 0 0 0 0 0 2 0 0 2 2 2 2 2 2 2 2 2 0 0 2 2 2 2 2
  2 2 2 2 2 2 2 2 0 0 0 2 2 2 2 2 2 2 2 2 2 2 2 2 0 0 0 2 2 2 2 2 2 2 2 2 2 2 2
  2 0 0 0 2 2 2 2 2 2 2 2 2 2 2 2 2 0 0 0 2 2 2 2 2 2 2 2 2 2 2 2 2 0 0 0 2 2 2
  2 2 2 2 2 2 2 2 2 2 0 0 0 2 2 2 2 2 2 2 2 2 2 2 2 0 0 0 0 2 2 2 2 2 2 2 2 2 2
  2 2 0 0 0 0 0 0 2 2 2 2 2 2 2 2 2 2 0 0 0 0 0 0 0 2 2 2 2 2 2 2 2 2 0 0 0 0 0
  0 0 0 0 2 2 2 2 2 2 2 0 0 0 0 0 0 0 0 0 0 0 2 2 2 2 2 0 0 0 0 0 0 0 0 0 0 0 0
  0 0 0 2 0 0 0 0 0 0 0 0 0 0 0 0 0 0 0 0 0 0 0 0 0 0 0 0 0 0 0 0 0 0 0 0 0 0 0
  0) 
#(0 0 0 0 0 0 0 0 0 0 0 0 0 0 0 0 0 0 0 0 0 0 0 0 0 0 0 0 0 0 0 0 0 0 0 0 0 0 0
  0 0 0 0 0 0 0 0 0 0 0 0 0 0 0 0 0 0 0 0 0 0 0 0 0 0 0 0 0 0 0 0 0 0 0 0 0 0 0
  0 0 0 0 0 0 0 0 0 0 0 0 0 0 0 0 0 0 0 0 0 0 0 0 0 0 0 0 0 0 0 0 0 0 0 0 0 0 0
  0 0 0 0 0 0 0 0 0 0 0 0 0 0 0 0 0 0 0 0 0 0 0 0 0 0 0 0 0 0 0 0 0 0 0 0 0 0 0
  0 0 0 0 0 0 0 0 0 0 0 0 0 0 0 0 0 0 0 0 0 0 0 0 0 0 0 0 0 0 0 0 0 0 0 0 0 0 0
  0 0 0 0 0 0 0 0 0 0 0 0 0 0 0 0 0 0 0 0 0 0 0 0 0 0 0 0 0 0 0 0 0 0 0 0 0 0 0
  0 0 0 0 0 0 0 0 0 0 0 0 0 0 0 0 0 0 0 0 0 0 0 0 0 0 0 0 0 0 0 0 0 0 0 0 0 0 0
  0 0 0 0 0 0 0 0 0 0 0 0 0 0 0 0 0 0 0 0 0 0 0 0 0 0 0 0 0 0 0 0 0 0 0 0 0 0 0
  0 0 0 0 0 0 0 0 0 0 0 0 0 0 0 0 0 0 0 0 0 0 0 0 0 0 0 0 0 0 0 0 0 0 0 0 0 0 0
  0 0 0 0 0 0 0 0 0 0 0 0 0 0 0 0 0 0 0 0 0 0 0 0 0 0 0 0 0 0 0 0 0 0 0 0 0 0 0
  0 0 0 0 0 0 0 0 0 0 0 0 0 0 0 0 0 0 0 0 0 0 0 0 0 0 0 0 0 0 0 0 0 0 0 0 0 0 0
  0 0 0 0 0 0 0 0 0 0 0 0 0 0 0 0 0 0 0 0 0 0 0 0 0 0 0 0 0 0 0 0 0 0 0 0 0 0 0
  0 0 0 0 0 0 0 0 0 0 0 0 0 0 0 0 0 0 0 0 0 0 0 0 0 0 0 0 0 0 0 0 0 0 0 0 0 0 0
  0 0 0 0 0 0 0 0 0 0 0 0 0 0 0 0 0 0 0 0 0 0 0 0 0 0 0 0 0 0 0 0 0 0 0 0 0 0 0
  0 0 0 0 0 0 0 0 0 0 0 0 0 0 0 0 0 0 0 0 0 0 0 0 0 0 0 0 0 0 0 0 0 0 0 0 0 0 0
  0 0 0 0 0 0 0 0 0 0 0 0 0 0 0 0 0 0 0 0 0 0 0 0 0 0 0 0 0 0 0 0 0 0 0 0 0 0 0
  0 0 0 0 0 0 0 0 0 0 0 0 0 0 0 0 0 0 0 0 0 0 0 0 0 0 0 0 0 0 0 0 0 0 0 0 0 0 0
  0 0 0 0 0 0 0 0 0 0 0 0 0 0 0 0 0 0 0 0 0 0 0 0 0 0 0 0 0 0 0 0 0 0 0 0 0 0 0
  0 0 0 0 0 0 0 0 0 0 0 0 0 0 0 0 0 0 0 0 0 0 0 0 0 0 0 0 0 0 0 0 0 0 0 0 0 0 0
  0 0 0 0 0 0 0 0 0 0 0 0 0 0 0 0 0 0 0 0 0 0 0 0 0 0 0 0 0 0 0 0 0 0 0 0 0 0 0
  0 0 0 0 0 0 0 0 0 0 0 0 0 0 0 0 0 0 0 0 0 0 0 0 0 0 0 0 0 0 0 0 0 0 0 0 0 0 0
  0 0 0 0 0 0 0 0 0 0 0 0 0 0 0 0 0 0 0 0 0 0 0 0 0 0 0 0 0 0 0 0 0 0 0 0 0 0 0
  0 0 0 0 0 0 0 0 0 0 0 0 0 0 0 0 0 0 0 0 0 0 0 0 0 0 0 0 0 0 0 0 0 0 0 0 0 0 0
  0 0 0 0 0 0 0 0 0 0 0 0 0 0 0 0 0 0 0 0 0 0 0 0 0 0 0 0 0 0 0 0 0 0 0 0 0 0 0
  0 0 0 0 0 0 0 0 0 0 0 0 0 0 0 0 0 0 0 0 0 0 0 0 0 0 0 0 0 0 0 0 0 0 0 0 0 0 0
  0 0 0 0 0 0 0 0 0 0 0 0 0 0 0 0 0 0 0 0 0 0 0 0 0 0 0 0 0 0 0 0 0 0 0 0 0 0 0
  0 0 0 0 0 0 0 0 0 0 0 0 0 0 0 0 0 0 0 0 0 0 0 0 0 0 0 0 0 0 0 0 0 0 0 0 0 0 0
  0 0 0 0 0 0 0 0 0 0 0 0 0 0 0 0 0 0 0 0 0 0 0 0 0 0 0 0 0 0 0 0 0 0 0 0 0 0 0
  0 0 0 0 0 0 0 0 0 0 0 0 0 0 0 0 0 0 0 0 0 0 0 0 0 0 0 0 0 0 0 0 0 0 0 0 0 0 0
  0 0 0 0 0 0 0 0 0 0 0 0 0 0 0 0 0 0 0 0 0 0 0 0 0 0 0 0 0 0 0 0 0 0 0 0 0 0 0
  0 0 0 0 0 0 0 0 0 0 0 0 0 0 0 0 0 0 0 0 0 0 0 0 0 0 0 0 0 0 0 0 0 0 0 0 0 0 0
  0 0 0 0 0 0 0 0 0 0 0 0 0 0 0 0 0 0 0 0 0 0 0 0 0 0 0 0 0 0 0 0 0 0 0 0 0 0 0
  0 0 0 0 0 0 0 0 0 0 0 0 0 0 0 0 0 0 0 0 0 0 0 0 0 0 0 0 0 0 0 0 0 0 0 0 0 0 0
  0 0 0 0 0 0 0 0 0 0 0 0 0 0 0 0 0 0 0 0 0 0 0 0 0 0 0 0 0 0 0 0 0 0 0 0 0 0 0
  0 0 0 0 0 0 0 0 0 0 0 0 0 0 0 0 0 0 0 0 0 0 0 0 0 0 0 0 0 0 0 0 0 0 0 0 0 0 0
  0 0 0 0 0 0 0 0 0 0 0 0 0 0 0 0 0 0 0 0 0 0 0 0 0 0 0 0 0 0 0 0 0 0 0 0 0 0 0
  0 0 0 0 0 0 0 0 0 0 0 0 0 0 0 0 0 0 0 0 0 0 0 0 0 0 0 0 0 0 0 0 0 0 0 0 0 0 0
  0 0 0 0 0 0 0 0 0 0 0 0 0 0 0 0 0 0 0 0 0 0 0 0 0 0 0 0 0 0 0 0 0 0 0 0 0 0 0
  0 0 0 0 0 0 0 0 0 0 0 0 0 0 0 0 0 0 0 0 0 0 0 0 0 0 0 0 0 0 0 0 0 0 0 0 0 0 0
  0 0 0 0 0 0 0 0 0 0 0 0 0 0 0 0 0 0 0 0 0 0 0 0 0 0 0 0 0 0 0 0 0 0 0 0 0 0 0
  0 0 0 0 0 0 0 0 0 0 0 0 0 0 0 0 0 0 0 0 0 0 0 0 0 0 0 0 0 0 0 0 0 0 0 0 0 0 0
  0 0 0 0 0 0 0 0 0 0 0 0 0 0 0 0 0 0 0 0 0 0 0 0 0 0 0 0 0 0 0 0 0 0 0 0 0 0 0
  0 0 0 0 0 0 0 0 0 0 0 0 0 0 0 0 0 0 0 0 0 0 0 0 0 0 0 0 0 0 0 0 0 0 0 0 0 0 0
  0 0 0 0 0 0 0 0 0 0 0 0 0 0 0 0 0 0 0 0 0 0 0 0 0 0 0 0 0 0 0 0 0 0 0 0 0 0 0
  0 0 0 0 0 0 0 0 0 0 0 0 0 0 0 0 0 0 0 0 0 0 0 0 0 0 0 0 0 0 0 0 0 0 0 0 0 0 0
  0 0 0 0 0 0 0 0 0 0 0 0 0 0 0 0 0 0 0 0 0 0 0 0 0 0 0 0 0 0 0 0 0 0 0 0 0 0 0
  0 0 0 0 0 0 0 0 0 0 0 0 0 0 0 0 0 0 0 0 0 0 0 0 0 0 0 0 0 0 0 0 0 0 0 0 0 0 0
  0 0 0 0 0 0 0 0 0 0 0 0 0 0 0 0 0 0 0 0 0 0 0 0 0 0 0 0 0 0 0 0 0 0 0 0 0 0 0
  0 0 0 0 0 0 0 0 0 0 0 0 0 0 0 0 0 0 0 0 0 0 0 0 0 0 0 0 0 0 0 0 0 0 0 0 0 0 0
  0 0 0 0 0 0 0 0 0 0 0 0 0 0 0 0 0 0 0 0 0 0 0 0 0 0 0 0 0 0 0 0 0 0 0 0 0 0 0
  0 0 0 0 0 0 0 0 0 0 0 0 0 0 0 0 0 0 0 0 0 0 0 0 0 0 0 0 0 0 0 0 0 0 0 0 0 0 0
  0 0 0 0 0 0 0 0 0 0 0 0 0 0 0 0 0 0 0 0 0 0 0 0 0 0 0 0 0 0 0 0 0 0 0 0 0 0 0
  0 0 0 0 0 0 0 0 0 0 0 0 0 0 0 0 0 0 0 0 0 0 0 0 0 0 0 0 0 0 0 0 0 0 0 0 0 0 0
  0 0 0 0 0 0 0 0 0 0 0 0 0 0 0 0 0 0 0 0 0 0 0 0 0 0 0 0 0 0 0 0 0 0 0 0 0 0 0
  0 0 0 0 0 0 0 0 0 0 0 0 0 0 0 0 0 0 0 0 0 0 0 0 0 0 0 0 0 0 0 0 0 0 0 0 0 0 0
  0 0 0 0 0 0 0 0 0 0 0 0 0 0 0 0 0 0 0 0 0 0 0 0 0 0 0 0 0 0 0 0 0 0 0 0 0 0 0
  0 0 0 0 0 0 0 0 0 0 0 0 0 0 0 0 0 0 0 0 0 0 0 0 0 0 0 0 0 0 0 0 0 0 0 0 0 0 0
  0 0 0 0 0 0 0 0 0 0 0 0 0 0 0 0 0 0 0 0 0 0 0 0 0 0 0 0 0 0 0 0 0 0 0 0 0 0 0
  0 0 0 0 0 0 0 0 0 0 0 0 0 0 0 0 0 0 0 0 0 0 0 0 0 0 0 0 0 0 0 0 0 0 0 0 0 0 0
  0 0 0 0 0 0 0 0 0 0 0 0 0 0 0 0 0 0 0 0 0 0 0 0 0 0 0 0 0 0 0 0 0 0 0 0 0 0 0
  0 0 0 0 0 0 0 0 0 0 0 0 0 0 0 0 0 0 0 0 0 0 0 0 0 0 0 0 0 0 0 0 0 0 0 0 0 0 0
  0 0 0 0 0 0 0 0 0 0 0 0 0 0 0 0 0 0 0 0 0 0 0 0 0 0 0 0 0 0 0 0 0 0 0 0 0 0 0
  0 0 0 0 0 0 0 0 0 0 0 0 0 0 0 0 0 0 0 0 0 0 0 0 0 0 0 0 0 0 0 0 0 0 0 0 0 0 0
  0 0 0 0 0 0 0 0 0 0 0 0 0 0 0 0 0 0 0 0 0 0 0 0 0 0 0 0 0 0 0 0 0 0 0 0 0 0 0
  0 0 0 0 0 0 0 0 0 0 0 0 0 0 0 0 0 0 0 0 0 0 0 0 0 0 0 0 0 0 0 0 0 0 0 0 0 0 0
  0 0 0 0 0 0 0 0 0 0 0 0 0 0 0 0 0 0 0 0 0 0 0 0 0 0 0 0 0 0 0 0 0 0 0 0 0 0 0
  0 0 0 0 0 0 0 0 0 0 0 0 0 0 0 0 0 0 0 0 0 0 0 0 0 0 0 0 0 0 0 0 0 0 0 0 0 0 0
  0 0 0 0 0 0 0 0 0 0 0 0 0 0 0 0 0 0 0 0 0 0 0 0 0 0 0 0 0 0 0 0 0 0 0 0 0 0 0
  0 0 0 0 0 0 0 0 0 0 0 0 0 0 0 0 0 0 0 0 0 0 0 0 0 0 0 0 0 0 0 0 0 0 0 0 0 0 0
  0 0 0 0 0 0 0 0 0 0 0 0 0 0 0 0 0 0 0 0 0 0 0 0 0 0 0 0 0 0 0 0 0 0 0 0 0 0 0
  0 0 0 0 0 0 0 0 0 0 0 0 0 0 0 0 0 0 0 0 0 0 0 0 0 0 0 0 0 0 0 0 0 0 0 0 0 0 0
  0 0 0 0 0 0 0 0 0 0 0 0 0 0 0 0 0 0 0 0 0 0 0 0 0 0 0 0 0 0 0 0 0 0 0 0 0 0 0
  0 0 0 0 0 0 0 0 0 0 0 0 0 0 0 0 0 0 0 0 0 0 0 0 0 0 0 0 0 0 0 0 0 0 0 0 0 0 0
  0 0 0 0 0 0 0 0 0 0 0 0 0 0 0 0 0 0 0 0 0 0 0 0 0 0 0 0 0 0 0 0 0 0 0 0 0 0 0
  0 0 0 0 0 0 0 0 0 0 0 0 0 0 0 0 0 0 0 0 0 0 0 0 0 0 0 0 0 0 0 0 0 0 0 0 0 0 0
  0 0 0 0 0 0 0 0 0 0 0 0 0 0 0 0 0 0 0 0 0 0 0 0 0 0 0 0 0 0 0 0 0 0 0 0 0 0 0
  0 0 0 0 0 0 0 0 0 0 0 0 0 0 0 0 0 0 0 0 0 0 0 0 0 0 0 0 0 0 0 0 0 0 0 0 0 0 0
  0 0 0 0 0 0 0 0 0 0 0 0 0 0 0 0 0 0 0 0 0 0 0 0 0 0 0 0 0 0 0 0 0 0 0 0 0 0 0
  0 0 0 0 0 0 0 0 0 0 0 0 0 0 0 0 0 0 0 0 0 0 0 0 0 0 0 0 0 0 0 0 0 0 0 0 0 0 0
  0 0 0 0 0 0 0 0 0 0 0 0 0 0 0 0 0 0 0 0 0 0 0 0 0 0 0 0 0 0 0 0 0 0 0 0 0 0 0
  0 0 0 0 0 0 0 0 0 0 0 0 0 0 0 0 0 0 0 0 0 0 0 0 0 0 0 0 0 0 0 0 0 0 0 0 0 0 0
  0 0 0 0 0 0 0 0 0 0 0 0 0 0 0 0 0 0 0 0 0 0 0 0 0 0 0 0 0 0 0 0 0 0 0 0 0 0 0
  0 0 0 0 0 0 0 0 0 0 0 0 0 0 0 0 0 0 0 0 0 0 0 0 0 0 0 0 0 0 0 0 0 0 0 0 0 0 0
  0 0 0 0 0 0 0 0 0 0 0 0 0 0 0 0 0 0 0 0 0 0 0 0 0 0 0 0 0 0 0 0 0 0 0 0 0 0 0
  0 0 0 0 0 0 0 0 0 0 0 0 0 0 0 0 0 0 0 0 0 0 0 0 0 0 0 0 0 0 0 0 0 0 0 0 0 0 0
  0 0 0 0 0 0 0 0 0 0 0 0 0 0 0 0 0 0 0 0 0 0 0 0 0 0 0 0 0 0 0 0 0 0 0 0 0 0 0
  0 0 0 0 0 0 0 0 0 0 0 0 0 0 0 0 0 0 0 0 0 0 0 0 0 0 0 0 0 0 0 0 0 0 0 0 0 0 0
  0 0 0 0 0 0 0 0 0 0 0 0 0 0 0 0 0 0 0 0 0 0 0 0 0 0 0 0 0 0 0 0 0 0 0 0 0 0 0
  0 0 0 0 0 0 0 0 0 0 0 0 0 0 0 0 0 0 0 0 0 0 0 0 0 0 0 0 0 0 0 0 0 0 0 0 0 0 0
  0 0 0 0 0 0 0 0 0 0 0 0 0 0 0 0 0 0 0 0 0 0 0 0 0 0 0 0 0 0 0 0 0 0 0 0 0 0 0
  0 0 0 0 0 0 0 0 0 0 0 0 0 0 0 0 0 0 0 0 0 0 0 0 0 0 0 0 0 0 0 0 0 0 0 0 0 0 0
  0 0 0 0 0 0 0 0 0 0 0 0 0 0 0 0 0 0 0 0 0 0 0 0 0 0 0 0 0 0 0 0 0 0 0 0 0 0 0
  0 0 0 0 0 0 0 0 0 0 0 0 0 0 0 0 0 0 0 0 0 0 0 0 0 0 0 0 0 0 0 0 0 0 0 0 0 0 0
  0 0 0 0 0 0 0 0 0 0 0 0 0 0 0 0 0 0 0 0 0 0 0 0 0 0 0 0 0 0 0 0 0 0 0 0 0 0 0
  0 0 0 0 0 0 0 0 0 0 0 0 0 0 0 0 0 0 0 0 0 0 0 0 0 0 0 0 0 0 0 0 0 0 0 0 0 0 0
  0 0 0 0 0 0 0 0 0 0 0 0 0 0 0 0 0 0 0 0 0 0 0 0 0 0 0 0 0 0 0 0 0 0 0 0 0 0 0
  0 0 0 0 0 0 0 0 0 0 0 0 0 0 0 0 0 0 0 0 0 0 0 0 0 0 0 0 0 0 0 0 0 0 0 0 0 0 0
  0 0 0 0 0 0 0 0 0 0 0 0 0 0 0 0 0 0 0 0 0 0 0 0 0 0 0 0 0 0 0 0 0 0 0 0 0 0 0
  0 0 0 0 0 0 0 0 0 0 0 0 0 0 0 0 0 0 0 0 0 0 0 0 0 0 0 0 0 0 0 0 0 0 0 0 0 0 0
  0 0 0 0 0 0 0 0 0 0 0 0 0 0 0 0 0 0 0 0 0 0 0 0 0 0 0 0 0 0 0 0 0 0 0 0 0 0 0
  0 0 0 0 0 0 0 0 0 0 0 0 0 0 0 0 0 0 0 0 0 0 0 0 0 0 0 0 0 0 0 0 0 0 0 0 0 0 0
  0 0 0 0 0 0 0 0 0 0 0 0 0 0 0 0 0 0 0 0 0 0 0 0 0 0 0 0 0 0 0 0 0 0 0 0 0 0 0
  0 0 0 0 0 0 0 0 0 0 0 0 0 0 0 0 0 0 0 0 0 0 0 0 0 0 0 0 0 0 0 0 0 0 0 0 0 0 0
  0 0 0 0 0 0 0 0 0 0 0 0 0 0 0 0 0 0 0 0 0 0 0 0 0 0 0 0 0 0 0 0 0 0 0 0 0 0 0
  0 0 0 0 0 0 0 0 0 0 0 0 0 0 0 0 0 0 0 0 0 0 0 0 0 0 0 0 0 0 0 0 0 0 0 0 0 0 0
  0) 
#(13 14 13 14 13 14 13 0 0 0 0 0 0 0 0 0 14 13 12 0 12 13 12 12 0 0 0 0 0 0 0 0
  13 12 11 0 11 12 11 11 0 0 0 0 0 0 0 0 14 13 12 0 10 11 10 10 0 0 0 0 0 0 0 0
  13 12 11 0 0 10 9 9 8 0 0 0 0 0 0 0 14 13 12 0 0 9 8 8 7 0 0 0 0 0 0 0 13 12
  0 0 0 8 7 7 6 0 0 0 0 0 0 0 14 13 0 0 0 0 7 6 5 6 0 0 0 0 0 0 13 12 11 0 0 0
  0 6 6 6 7 0 0 0 0 0 14 13 12 11 0 0 0 7 7 7 8 7 0 0 0 0 15 14 13 0 0 0 0 0 0
  8 9 8 9 0 0 0 14 15 14 0 0 0 0 0 0 0 10 9 10 9 0 0 13 14 13 13 0 0 0 0 0 0 11
  10 11 10 11 11 14 15 14 14 15 14 0 0 0 0 12 11 12 11 12 12 15 14 15 14 14 15
  14 0 13 12 13 12 13 12 13 13 14 15 14 15 14 14 14 13 14 13 14 13 14 13 14 13
  13 14 13 14 13 14 13 0 0 0 0 0 0 0 0 0 14 13 12 13 12 13 12 0 0 0 0 0 0 0 0 0
  13 12 11 12 11 12 11 0 0 0 0 0 0 0 0 0 14 13 12 11 10 11 10 9 0 0 0 0 0 0 0 0
  13 12 11 0 9 10 9 8 0 0 0 0 0 0 0 0 14 13 0 0 9 9 8 7 0 0 0 0 0 0 0 0 13 12 0
  0 0 8 7 6 5 0 0 0 0 0 0 0 14 13 12 11 10 9 8 7 6 6 0 0 0 0 0 0 13 12 11 10 9
  8 7 6 6 7 8 0 0 0 0 0 14 13 12 11 10 9 0 6 7 8 9 8 0 0 0 0 15 14 13 0 0 0 0 0
  8 9 10 9 9 0 0 0 14 15 14 0 0 0 0 0 0 10 11 10 10 9 0 0 13 14 13 13 0 0 0 0 0
  0 12 11 11 10 11 12 14 15 14 14 15 14 0 0 0 0 12 12 12 11 12 13 15 14 15 14
  14 15 14 0 13 12 13 12 13 12 13 14 14 15 14 15 14 14 14 13 14 13 14 13 14 13
  14 13 13 14 13 14 13 14 0 0 0 0 0 0 0 0 0 0 14 13 12 13 12 13 0 0 0 0 0 0 0 0
  0 0 13 12 11 12 11 12 0 0 0 0 0 0 0 0 0 0 14 13 12 11 10 11 10 0 0 0 0 0 0 0
  0 0 13 12 11 10 9 10 9 0 0 0 0 0 0 0 0 0 14 13 12 11 10 9 8 0 0 0 0 0 0 0 0 0
  13 12 11 10 9 8 7 6 0 0 0 0 0 0 0 0 14 13 12 11 10 9 8 7 6 0 0 0 0 0 0 0 13
  12 11 10 9 8 7 6 7 8 0 0 0 0 0 0 14 13 12 11 10 9 0 7 8 9 10 0 0 0 0 0 15 14
  13 0 0 0 0 0 9 10 11 10 0 0 0 0 14 15 14 0 0 0 0 0 10 11 12 11 10 0 0 0 13 14
  13 13 0 0 0 0 0 12 13 12 11 10 11 12 14 15 14 14 15 14 0 0 0 0 0 13 12 11 12
  13 15 14 15 14 14 15 14 13 13 12 13 12 13 12 13 14 14 15 14 15 14 14 14 13 14
  13 14 13 14 13 14 13 13 14 13 14 13 0 0 0 0 0 0 0 0 0 0 0 14 13 12 13 12 0 0
  0 0 0 0 0 0 0 0 0 13 12 11 12 11 11 0 0 0 0 0 0 0 0 0 0 14 13 12 11 10 10 0 0
  0 0 0 0 0 0 0 0 13 12 11 10 9 9 0 0 0 0 0 0 0 0 0 0 14 13 12 11 10 9 8 7 6 6
  0 0 0 0 0 0 13 12 11 10 9 8 7 6 6 7 6 0 0 0 0 0 14 13 12 11 10 9 8 7 7 8 7 0
  0 0 0 0 13 12 11 10 9 8 7 7 8 9 0 0 0 0 0 0 0 0 11 10 9 8 7 8 9 10 0 0 0 0 0
  0 15 0 0 0 0 0 0 9 10 11 12 0 0 0 0 0 14 15 14 0 0 0 0 0 11 12 13 12 0 0 0 0
  13 14 13 13 14 0 0 0 0 13 14 13 12 11 11 12 14 15 14 14 15 14 0 0 0 0 15 14
  13 12 12 13 15 14 15 14 14 15 14 13 0 0 14 13 13 12 13 14 14 15 14 15 14 14
  14 13 14 13 14 13 14 13 14 13 13 14 13 14 0 0 0 0 0 0 0 0 0 0 0 0 14 13 12 13
  0 0 0 0 0 0 0 0 0 0 0 0 13 12 11 12 11 0 0 0 0 0 0 0 0 0 0 0 14 13 12 11 10 9
  0 0 0 0 0 0 0 0 0 0 13 12 11 10 9 8 7 8 7 7 6 7 0 0 0 0 14 13 12 11 10 9 8 7
  6 6 5 6 7 0 0 0 13 12 11 10 9 8 7 6 6 6 5 5 6 0 0 0 14 13 12 11 10 9 8 7 7 7
  6 0 0 0 0 0 0 0 0 0 9 8 7 7 8 0 0 0 0 0 0 0 14 0 0 0 0 7 7 8 9 10 0 0 0 0 0 0
  15 14 0 0 0 0 8 9 10 11 12 0 0 0 0 0 14 15 14 13 0 0 0 10 11 12 13 12 0 0 0 0
  13 14 13 13 14 0 0 0 12 13 14 13 12 11 11 12 14 15 14 14 15 14 0 0 0 0 15 14
  13 12 12 13 15 14 15 14 14 15 14 13 0 0 14 13 13 12 13 14 14 15 14 15 14 14
  14 13 14 13 14 13 14 13 14 13 13 14 13 14 13 0 0 0 0 0 0 0 0 0 0 0 14 13 12
  13 0 0 0 0 0 0 0 0 0 0 0 0 13 12 11 12 11 11 10 11 0 0 0 0 0 0 0 0 14 13 12
  11 10 10 9 10 9 9 8 9 8 9 0 0 13 12 11 10 9 9 8 9 8 8 7 8 9 10 11 0 14 13 12
  11 10 9 8 8 7 7 6 7 8 9 10 0 0 12 11 10 9 8 7 7 6 6 5 6 7 0 0 0 0 0 0 10 9 8
  7 6 6 6 5 0 0 0 0 0 0 0 0 0 8 7 6 7 0 0 0 0 0 0 0 0 14 0 0 0 0 8 7 8 9 0 0 0
  0 0 0 0 15 14 0 0 0 0 8 9 10 11 0 0 0 0 0 0 14 15 14 13 0 0 0 10 11 12 13 0 0
  0 0 0 13 14 13 13 14 0 0 0 12 13 14 13 12 11 11 12 14 15 14 14 15 14 0 0 0 14
  15 14 13 12 12 13 15 14 15 14 14 15 14 0 0 0 0 0 0 12 13 14 14 15 14 15 14 14
  14 13 14 0 14 13 14 13 14 13 13 14 13 14 13 14 13 14 0 0 0 0 0 0 0 0 14 13 12
  13 12 13 12 13 12 12 11 12 0 0 0 0 13 12 11 12 11 12 11 12 11 11 10 11 10 11
  11 12 14 13 12 11 10 11 10 11 10 10 9 10 9 10 11 12 13 12 11 10 9 10 9 10 9 9
  8 9 10 11 12 13 0 12 11 10 9 9 8 9 8 8 7 8 9 10 11 12 0 11 10 9 8 0 0 0 0 7 6
  7 8 0 0 0 0 0 9 9 8 7 6 0 0 0 0 0 0 0 0 0 0 0 0 8 7 8 7 8 0 0 0 0 0 0 0 0 14
  0 0 0 8 9 8 9 10 0 0 0 0 0 0 0 15 14 0 0 0 10 9 10 11 11 0 0 0 0 0 0 14 15 14
  0 0 0 10 11 12 12 13 0 0 0 0 0 13 14 13 13 0 0 0 12 13 13 14 13 12 11 11 0 14
  15 14 14 15 14 0 0 0 14 15 14 13 12 12 0 15 14 15 14 14 15 14 0 0 0 0 0 0 0
  13 0 14 15 14 15 14 14 14 13 14 0 0 0 14 13 14 13 13 14 13 14 13 14 13 14 13
  14 13 14 13 14 13 14 14 13 12 13 12 13 12 13 12 13 12 13 12 13 12 13 13 12 11
  12 11 12 11 12 11 12 11 12 11 12 12 13 14 13 12 11 10 11 10 11 10 11 10 11 10
  11 11 12 0 0 0 0 0 10 9 10 9 10 9 10 10 11 12 13 0 11 10 9 0 0 0 0 0 0 0 0 9
  10 11 12 0 10 9 8 7 0 0 0 0 0 0 0 0 0 0 0 0 0 8 8 7 8 0 0 0 0 0 0 0 0 0 0 0 0
  0 7 8 9 8 0 0 0 0 0 0 0 0 0 0 0 0 0 9 10 9 10 0 0 0 0 0 0 0 0 15 14 0 0 10 11
  10 11 12 0 0 0 0 0 0 0 14 15 14 0 0 12 11 12 13 12 0 0 0 0 0 0 13 14 13 13 14
  0 12 13 14 13 14 13 12 11 10 0 14 15 14 14 15 14 0 0 15 14 15 14 13 12 11 0
  15 14 15 14 14 15 14 15 0 0 0 0 0 0 0 0 14 15 14 15 14 14 14 14 14 0 0 0 14 0
  14 13 13 14 13 14 13 14 13 14 13 14 13 14 13 14 13 14 14 13 12 13 12 13 12 13
  12 13 12 13 12 13 12 13 13 12 11 12 11 12 11 12 11 12 11 12 11 12 12 13 14 0
  0 0 0 0 0 11 10 11 10 11 10 11 11 12 0 0 0 0 0 0 0 0 0 0 0 0 0 0 12 13 0 0 0
  0 0 0 0 0 0 0 0 0 0 0 0 0 0 0 8 7 0 0 0 0 0 0 0 0 0 0 0 0 0 0 7 7 8 0 0 0 0 0
  0 0 0 0 0 0 0 0 0 8 9 10 0 0 0 0 0 0 0 0 0 0 0 0 0 9 10 11 10 0 0 0 0 0 0 0 0
  0 15 14 0 0 11 12 11 11 0 0 0 0 0 0 0 0 14 15 14 0 0 13 12 12 13 12 0 0 0 0 0
  0 13 14 13 13 14 0 13 13 14 13 14 13 12 11 0 0 14 15 14 14 15 14 0 0 15 14 15
  14 13 12 0 0 15 14 15 14 14 15 14 15 0 0 0 0 0 0 0 0 14 15 14 15 14 14 14 14
  14 15 0 0 0 0 0 0 13 14 13 14 13 14 13 14 13 14 13 14 13 14 13 14 14 13 12 13
  12 13 12 13 12 13 12 13 12 13 12 13 13 12 11 0 0 0 0 0 0 12 11 12 11 12 12 13
  14 13 0 0 0 0 0 0 0 0 0 0 0 0 0 12 0 0 0 0 0 0 0 0 0 0 0 0 0 0 0 0 0 0 0 0 0
  0 0 0 0 0 0 0 0 0 0 0 0 0 0 0 0 0 0 0 0 0 0 0 0 0 0 0 0 0 0 8 9 0 0 0 0 0 0 0
  0 0 0 0 0 0 0 9 10 11 0 0 0 0 0 0 0 0 0 0 0 0 0 10 11 12 11 0 0 0 0 0 0 0 0 0
  15 14 0 0 12 13 12 11 0 0 0 0 0 0 0 0 14 15 14 0 0 14 13 12 13 0 0 0 0 0 0 0
  13 14 13 13 14 15 14 13 14 13 14 13 12 0 0 0 14 15 14 14 15 14 0 0 15 14 15
  14 13 0 0 0 15 14 15 14 14 15 14 15 0 0 0 0 0 0 0 0 14 15 14 15 14 14 14 14
  14 15 0 0 0 0 0 0 13 14 13 14 13 14 13 0 13 14 13 14 13 14 13 14 14 13 12 13
  0 0 0 0 0 0 0 13 12 13 12 13 13 12 11 0 0 0 0 0 0 0 0 0 0 0 0 0 14 13 0 0 0 0
  0 0 0 0 0 0 0 0 0 0 0 0 0 0 0 0 0 0 0 0 0 0 0 0 0 0 0 0 0 0 0 0 0 0 0 0 0 0 0
  0 0 13 0 0 0 0 0 0 0 0 0 0 0 0 0 0 0 14 0 0 0 0 0 0 0 0 0 0 0 0 0 0 0 13 0 0
  0 0 0 0 0 0 0 0 0 0 0 0 0 14 0 0 0 0 11 12 0 0 0 0 0 0 0 0 0 14 15 14 0 0 12
  13 12 0 0 0 0 0 0 0 0 15 14 15 14 15 0 14 13 12 0 0 0 0 0 0 0 14 13 14 13 14
  14 15 14 13 14 13 14 13 12 0 0 15 14 15 14 14 15 14 15 0 15 14 15 14 13 0 0
  14 15 14 15 14 14 15 14 15 14 0 0 0 0 0 0 14 14 15 14 15 14 14 14 14 14 15 14
  0 0 0 0 13 13 14 13 14 13 0 0 0 0 0 0 0 0 0 0 14 14 13 12 13 0 0 0 0 0 0 0 0
  0 0 0 0 13 12 11 0 0 0 0 0 0 0 0 0 0 0 0 0 14 13 0 0 0 0 0 0 0 0 0 0 0 0 0 14
  0 0 0 0 0 0 0 0 0 0 0 0 0 0 0 15 0 0 0 0 0 0 0 0 0 0 0 0 0 0 0 14 0 0 0 0 0 0
  0 0 0 0 0 0 0 0 0 14 0 0 0 0 0 0 0 0 0 0 0 0 0 0 0 13 0 0 0 0 0 0 0 0 0 0 0 0
  0 0 15 14 14 0 0 0 0 0 0 0 0 0 0 0 0 0 14 14 15 14 0 0 0 13 0 0 0 0 0 0 0 0
  14 15 14 15 14 15 0 14 13 12 0 0 0 0 0 0 13 14 13 14 13 14 14 15 14 13 14 13
  14 13 0 0 14 15 14 15 14 14 15 14 15 0 15 14 15 14 0 0 0 14 15 14 15 14 14 15
  14 15 14 0 0 0 0 0 0 14 14 15 14 15 14 14 14 14 14 15 14 13 0 0 0 13 13 14 13
  14 13 0 0 0 0 0 0 0 0 0 0 14 14 13 12 13 0 0 0 0 0 0 0 0 0 0 0 14 13 12 11 0
  0 0 0 0 0 0 0 0 0 0 0 15 0 0 0 0 0 0 0 0 0 0 0 0 0 0 0 14 0 0 0 0 0 0 0 0 0 0
  0 0 0 0 0 15 0 0 0 0 0 0 0 0 0 0 0 0 0 0 14 14 0 0 0 0 0 0 0 0 0 0 0 0 0 0 15
  14 0 0 0 0 0 0 0 0 0 0 0 0 0 0 14 13 0 0 0 0 0 0 0 0 0 0 0 0 0 0 15 14 14 0 0
  0 0 0 0 0 0 0 0 0 0 0 14 14 15 14 0 0 0 0 0 0 0 0 0 0 0 0 14 15 14 15 14 15 0
  14 13 0 0 0 0 0 0 0 13 14 13 14 13 14 14 15 14 13 14 13 14 13 0 0 14 15 14 15
  14 14 15 14 15 14 15 14 15 14 0 0 14 14 15 14 15 14 14 15 14 15 14 14 0 0 0 0
  15 14 14 15 14 15 14 14 14 14 14 15 14 13 14 0 14 13 13 14 13 14 13 0 0 0 0 0
  0 0 0 0 0 14 14 13 12 13 0 0 0 0 0 0 0 0 0 0 0 14 0 12 11 0 0 0 0 0 0 0 0 0 0
  0 14 15 0 0 0 0 0 0 0 0 0 0 0 0 0 0 13 14 0 0 0 0 0 0 0 0 0 0 0 0 0 0 14 15 0
  0 0 0 0 0 0 0 0 0 0 0 0 0 14 14 0 0 0 0 0 0 0 0 0 0 0 0 0 0 15 14 0 0 0 0 0 0
  0 0 0 0 0 0 0 13 14 13 0 0 0 0 0 0 0 0 0 0 0 0 0 14 15 14 14 0 0 0 0 0 0 0 0
  0 0 0 0 14 14 14 15 14 0 0 0 0 0 0 0 0 0 0 0 15 14 15 14 15 14 15 0 0 0 0 0 0
  0 0 0 14 13 14 13 14 13 14 14 15 0 0 14 13 14 0 0 15 14 15 14 15 14 14 15 14
  15 14 15 14 15 0 0 14 14 14 15 14 15 14 14 15 14 15 14 14 14 13 0 14 15 14 14
  15 14 15 14 14 14 14 14 15 14 13 14 13 14 13 13 14 13 14 13 0 0 0 0 0 0 0 0 0
  13 14 0 0 12 13 0 0 0 0 0 0 0 0 0 0 13 14 0 0 0 0 0 0 0 0 0 0 0 0 0 0 14 15 0
  0 0 0 0 0 0 0 0 0 0 0 0 0 13 14 0 0 0 0 0 0 0 0 0 0 0 0 0 0 14 15 0 0 0 0 0 0
  0 0 0 0 0 0 0 13 14 14 0 0 0 0 0 0 0 0 0 0 0 0 0 14 15 14 0 0 0 0 0 0 0 0 0 0
  0 0 0 13 14 13 0 0 0 0 0 0 0 0 0 0 0 0 0 14 15 14 14 0 0 0 0 0 0 0 0 0 0 0 0
  14 14 14 15 14 15 0 0 0 0 0 0 0 0 0 14 15 14 15 14 15 14 15 14 0 0 0 0 0 0 0
  13 14 13 14 13 14 13 14 14 15 14 0 0 13 14 0 14 15 14 15 14 15 14 14 15 14 15
  14 15 14 15 0 14 14 14 14 15 14 15 14 14 15 14 15 14 14 14 14 15 14 15 14 14
  15 14 15 14 14 14 14 14 15 14 13 14 13 14 13 14 15 0 15 14 0 0 0 0 0 0 0 0 0
  14 15 0 0 0 0 0 0 0 0 0 0 0 0 0 15 14 15 0 0 0 0 0 0 0 0 0 0 0 0 0 15 14 15 0
  0 0 0 0 0 0 0 0 0 0 0 0 15 14 15 0 0 0 0 0 0 0 0 0 0 0 0 0 15 14 15 0 0 0 0 0
  0 0 0 0 0 0 0 0 14 15 14 0 0 0 0 0 0 0 0 0 0 0 0 0 14 15 14 0 0 0 0 0 0 0 0 0
  0 0 0 15 14 15 14 0 0 0 0 0 0 0 0 0 0 0 0 15 14 15 14 14 15 0 0 0 0 0 0 0 0 0
  0 14 15 14 15 15 14 15 0 0 0 0 0 0 0 0 0 14 15 14 15 14 15 14 15 14 0 0 0 0 0
  0 0 14 15 14 15 14 15 14 15 14 15 14 0 0 0 0 0 14 15 14 15 14 15 14 14 15 14
  15 14 15 14 15 0 15 14 15 14 15 14 15 14 14 15 14 15 14 15 14 14 15 14 15 14
  14 15 14 15 14 15 14 15 14 15 14 14 15 14 15 14) 