
#(0 0 0 0 0 0 0 0 0 0 0 0 0 0 0 0 0 0 0 0 0 0 0 0 0 0 0 0 0 0 0 0 0 0 0 0 0 0 0
  0 0 0 0 0 0 0 0 0 0 0 0 0 0 0 0 0 0 0 0 0 0 0 0 0 0 0 0 0 0 0 0 0 0 0 0 0 0 0
  0 0 0 0 0 0 0 0 0 0 0 0 0 0 0 0 0 0 0 0 0 0 0 0 0 0 0 0 0 0 0 0 0 0 0 0 0 0 0
  0 0 0 0 0 0 0 0 0 0 0 0 0 0 0 0 0 0 0 0 0 0 0 0 0 0 0 0 0 0 0 0 0 0 0 0 0 0 0
  0 0 0 0 0 0 0 0 0 0 0 0 0 0 0 0 0 0 0 0 0 0 0 0 0 0 0 0 0 0 0 0 0 0 0 0 0 0 0
  0 0 0 0 0 0 0 0 0 0 0 0 0 0 0 0 0 0 0 0 0 0 0 0 0 0 0 0 0 0 0 0 0 0 0 0 0 0 0
  0 0 0 0 0 0 0 0 0 0 0 0 0 0 0 0 0 0 0 0 0 0 0 0 0 0 0 0 0 0 0 0 0 0 0 0 0 0 0
  0 0 0 0 0 0 0 0 0 0 0 0 0 0 0 0 0 0 0 0 0 0 0 0 0 0 0 0 0 0 0 0 0 0 0 0 0 0 0
  0 0 0 0 0 0 0 0 0 0 0 0 0 0 0 0 0 0 0 0 0 0 0 0 0 0 0 0 0 0 0 0 0 0 0 0 0 0 0
  0 0 0 0 0 0 0 0 0 0 0 0 0 0 0 0 0 0 0 0 0 0 0 0 0 0 0 0 0 0 0 0 0 0 0 0 0 0 0
  0 0 0 0 0 0 0 0 0 0 0 0 0 0 0 0 0 0 0 0 0 0 0 0 0 0 0 0 0 0 0 0 0 0 0 0 0 0 0
  0 0 0 0 0 0 0 0 0 0 0 0 0 0 0 0 0 0 0 0 0 0 0 0 0 0 0 0 0 0 0 0 0 0 0 0 0 0 0
  0 0 0 0 0 0 0 0 0 0 0 0 0 0 0 0 0 0 0 0 0 0 0 0 0 0 0 0 0 0 0 0 0 0 0 0 0 0 0
  0 0 0 0 0 0 0 0 0 0 0 0 0 0 0 0 0 0 0 0 0 0 0 0 0 0 0 0 0 0 0 0 0 0 0 0 0 0 0
  0 0 0 0 0 0 0 0 0 0 0 0 0 0 0 0 0 0 0 0 0 0 0 0 0 0 0 0 0 0 0 0 0 0 0 0 0 0 0
  0 0 0 0 0 0 0 0 0 0 0 0 0 0 0 0 0 0 0 0 0 0 0 0 0 0 0 0 0 0 0 0 0 0 0 0 0 0 0
  0 0 0 0 0 0 0 0 0 0 0 0 0 0 0 0 0 0 0 0 0 0 0 0 0 0 0 0 0 0 0 0 0 0 0 0 0 0 0
  0 0 0 0 0 0 0 0 0 0 0 0 0 0 0 0 0 0 0 0 0 0 0 0 0 0 0 0 0 0 0 0 0 0 0 0 0 0 0
  0 0 0 0 0 0 0 0 0 0 0 0 0 0 0 0 0 0 0 0 0 0 0 0 0 0 0 0 0 0 0 0 0 0 0 0 0 0 0
  0 0 0 0 0 0 0 0 0 0 0 0 0 0 0 0 0 0 0 0 0 0 0 0 0 0 0 0 0 0 0 0 0 0 0 0 0 0 0
  0 0 0 0 0 0 0 0 0 0 0 0 0 0 0 0 0 0 0 0 0 0 0 0 0 0 0 0 0 0 0 0 0 0 0 0 0 0 0
  0 0 0 0 0 0 0 0 0 0 0 0 0 0 0 0 0 0 0 0 0 0 0 0 0 0 0 0 0 0 0 0 0 0 0 0 0 0 0
  0 0 0 0 0 0 0 0 0 0 0 0 0 0 0 0 0 0 0 0 0 0 0 0 0 0 0 0 0 0 0 0 0 0 0 0 0 0 0
  0 0 0 0 0 0 0 0 0 0 0 0 0 0 0 0 0 0 0 0 0 0 0 0 0 0 0 0 0 0 0 0 0 0 0 0 0 0 0
  0 0 0 0 0 0 0 0 0 0 0 0 0 0 0 0 0 0 0 0 0 0 0 0 0 0 0 0 0 0 0 0 0 0 0 0 0 0 0
  0 0 0 0 0 0 0 0 0 0 0 0 0 0 0 0 0 0 0 0 0 0 0 0 0 0 0 0 0 0 0 0 0 0 0 0 0 0 0
  0 0 0 0 0 0 0 0 0 0 0 0 0 0 0 0 0 0 0 0 0 0 0 0 0 0 0 0 0 0 0 0 0 0 0 0 0 0 0
  0 0 0 0 0 0 0 0 0 0 0 0 0 0 0 0 0 0 0 0 0 0 0 0 0 0 0 0 0 0 0 0 0 0 0 0 0 0 0
  0 0 0 0 0 0 0 0 0 0 0 0 0 0 0 0 0 0 0 0 0 0 0 0 0 0 0 0 0 0 0 0 0 0 0 0 0 0 0
  0 0 0 0 0 0 0 0 0 0 0 0 0 0 0 0 0 0 0 0 0 0 0 0 0 0 0 0 0 0 0 0 0 0 0 0 0 0 0
  0 0 0 0 0 0 0 0 0 0 0 0 0 0 0 0 0 0 0 0 0 0 0 0 0 0 0 0 0 0 0 0 0 0 0 0 0 0 0
  0 0 0 0 0 0 0 0 0 0 0 0 0 0 0 0 0 0 0 0 0 0 0 0 0 0 0 0 0 0 0 0 0 0 0 0 0 0 0
  0 0 0 0 0 0 0 0 0 0 0 0 0 0 0 0 0 0 0 0 0 0 0 0 0 0 0 0 0 0 0 0 0 0 0 0 0 0 0
  0 0 0 0 0 0 0 0 0 0 0 0 0 0 0 0 0 0 0 0 0 0 0 0 0 0 0 0 0 0 0 0 0 0 0 0 0 0 0
  0 0 0 0 0 0 0 0 0 0 0 0 0 0 0 0 0 0 0 0 0 0 0 0 0 0 0 0 0 0 0 0 0 0 0 0 0 0 0
  0 0 0 0 0 0 0 0 0 0 0 0 0 0 0 0 0 0 0 0 0 0 0 0 0 0 0 0 0 0 0 0 0 0 0 0 0 0 0
  0 0 0 0 0 0 0 0 0 0 0 0 0 0 0 0 0 0 0 0 0 0 0 0 0 0 0 0 0 0 0 0 0 0 0 0 0 0 0
  0 0 0 0 0 0 0 0 0 0 0 0 0 0 0 0 0 0 0 0 0 0 0 0 0 0 0 0 0 0 0 0 0 0 0 0 0 0 0
  0 0 0 0 0 0 0 0 0 0 0 0 0 0 0 0 0 0 0 0 0 0 0 0 0 0 0 0 0 0 0 0 0 0 0 0 0 0 0
  0 0 0 0 0 0 0 0 0 0 0 0 0 0 0 0 0 0 0 0 0 0 0 0 0 0 0 0 0 0 0 0 0 0 0 0 0 0 0
  0 0 0 0 0 0 0 0 0 0 0 0 0 0 0 0 0 0 0 0 0 0 0 0 0 0 0 0 0 0 0 0 0 0 0 0 0 0 0
  0 0 0 0 0 0 0 0 0 0 0 0 0 0 0 0 0 0 0 0 0 0 0 0 0 0 0 0 0 0 0 0 0 0 0 0 0 0 0
  0 0 0 0 0 0 0 0 0 0 0 0 0 0 0 0 0 0 0 0 0 0 0 0 0 0 0 0 0 0 0 0 0 0 0 0 0 0 0
  0 0 0 0 0 0 0 0 0 0 0 0 0 0 0 0 0 0 0 0 0 0 0 0 0 0 0 0 0 0 0 0 0 0 0 0 0 0 0
  0 0 0 0 0 0 0 0 0 0 0 0 0 0 0 0 0 0 0 0 0 0 0 0 0 0 0 0 0 0 0 0 0 0 0 0 0 0 0
  0 0 0 0 0 0 0 0 0 0 0 0 0 0 0 0 0 0 0 0 0 0 0 0 0 0 0 0 0 0 0 0 0 0 0 0 0 0 0
  0 0 0 0 0 0 0 0 0 0 0 0 0 0 0 0 0 0 0 0 0 0 0 0 0 0 0 0 0 0 0 0 0 0 0 0 0 0 0
  0 0 0 0 0 0 0 0 0 0 0 0 0 0 0 0 0 0 0 0 0 0 0 0 0 0 0 0 0 0 0 0 0 0 0 0 0 0 0
  0 0 0 0 0 0 0 0 0 0 0 0 0 0 0 0 0 0 0 0 0 0 0 0 0 0 0 0 0 0 0 0 0 0 0 0 0 0 0
  0 0 0 0 0 0 0 0 0 0 0 0 0 0 0 0 0 0 0 0 0 0 0 0 0 0 0 0 0 0 0 0 0 0 0 0 0 0 0
  0 0 0 0 0 0 0 0 0 0 0 0 0 0 0 0 0 0 0 0 0 0 0 0 0 0 0 0 0 0 0 0 0 0 0 0 0 0 0
  0 0 0 0 0 0 0 0 0 0 0 0 0 0 0 0 0 0 0 0 0 0 0 0 0 0 0 0 0 0 0 0 0 0 0 0 0 0 0
  0 0 0 0 0 0 0 0 0 0 0 0 0 0 0 0 0 0 0 0 0 0 0 0 0 0 0 0 0 0 0 0 0 0 0 0 0 0 0
  0 0 0 0 0 0 0 0 0 0 0 0 0 0 0 0 0 0 0 0 0 0 0 0 0 0 0 0 0 0 0 0 0 0 0 0 0 0 0
  0 0 0 0 0 0 0 0 0 0 0 0 0 0 0 0 0 0 0 0 0 0 0 0 0 0 0 0 0 0 0 0 0 0 0 0 0 0 0
  0 0 0 0 0 0 0 0 0 0 0 0 0 0 0 0 0 0 0 0 0 0 0 0 0 0 0 0 0 0 0 0 0 0 0 0 0 0 0
  0 0 0 0 0 0 0 0 0 0 0 0 0 0 0 0 0 0 0 0 0 0 0 0 0 0 0 0 0 0 0 0 0 0 0 0 0 0 0
  0 0 0 0 0 0 0 0 0 0 0 0 0 0 0 0 0 0 0 0 0 0 0 0 0 0 0 0 0 0 0 0 0 0 0 0 0 0 0
  0 0 0 0 0 0 0 0 0 0 0 0 0 0 0 0 0 0 0 0 0 0 0 0 0 0 0 0 0 0 0 0 0 0 0 0 0 0 0
  0 0 0 0 0 0 0 0 0 0 0 0 0 0 0 0 0 0 0 0 0 0 0 0 0 0 0 0 0 0 0 0 0 0 0 0 0 0 0
  0 0 0 0 0 0 0 0 0 0 0 0 0 0 0 0 0 0 0 0 0 0 0 0 0 0 0 0 0 0 0 0 0 0 0 0 0 0 0
  0 0 0 0 0 0 0 0 0 0 0 0 0 0 0 0 0 0 0 0 0 0 0 0 0 0 0 0 0 0 0 0 0 0 0 0 0 0 0
  0 0 0 0 0 0 0 0 0 0 0 0 0 0 0 0 0 0 0 0 0 0 0 0 0 0 0 0 0 0 0 0 0 0 0 0 0 0 0
  0 0 0 0 0 0 0 0 0 0 0 0 0 0 0 0 0 0 0 0 0 0 0 0 0 0 0 0 0 0 0 0 0 0 0 0 0 0 0
  0 0 0 0 0 0 0 0 0 0 0 0 0 0 0 0 0 0 0 0 0 0 0 0 0 0 0 0 0 0 0 0 0 0 0 0 0 0 0
  0 0 0 0 0 0 0 0 0 0 0 0 0 0 0 0 0 0 0 0 0 0 0 0 0 0 0 0 0 0 0 0 0 0 0 0 0 0 0
  0 0 0 0 0 0 0 0 0 0 0 0 0 0 0 0 0 0 0 0 0 0 0 0 0 0 0 0 0 0 0 0 0 0 0 0 0 0 0
  0 0 0 0 0 0 0 0 0 0 0 0 0 0 0 0 0 0 0 0 0 0 0 0 0 0 0 0 0 0 0 0 0 0 0 0 0 0 0
  0 0 0 0 0 0 0 0 0 0 0 0 0 0 0 0 0 0 0 0 0 0 0 0 0 0 0 0 0 0 0 0 0 0 0 0 0 0 0
  0 0 0 0 0 0 0 0 0 0 0 0 0 0 0 0 0 0 0 0 0 0 0 0 0 0 0 0 0 0 0 0 0 0 0 0 0 0 0
  0 0 0 0 0 0 0 0 0 0 0 0 0 0 0 0 0 0 0 0 0 0 0 0 0 0 0 0 0 0 0 0 0 0 0 0 0 0 0
  0 0 0 0 0 0 0 0 0 0 0 0 0 0 0 0 0 0 0 0 0 0 0 0 0 0 0 0 0 0 0 0 0 0 0 0 0 0 0
  0 0 0 0 0 0 0 0 0 0 0 0 0 0 0 0 0 0 0 0 0 0 0 0 0 0 0 0 0 0 0 0 0 0 0 0 0 0 0
  0 0 0 0 0 0 0 0 0 0 0 0 0 0 0 0 0 0 0 0 0 0 0 0 0 0 0 0 0 0 0 0 0 0 0 0 0 0 0
  0 0 0 0 0 0 0 0 0 0 0 0 0 0 0 0 0 0 0 0 0 0 0 0 0 0 0 0 0 0 0 0 0 0 0 0 0 0 0
  0 0 0 0 0 0 0 0 0 0 0 0 0 0 0 0 0 0 0 0 0 0 0 0 0 0 0 0 0 0 0 0 0 0 0 0 0 0 0
  0 0 0 0 0 0 0 0 0 0 0 0 0 0 0 0 0 0 0 0 0 0 0 0 0 0 0 0 0 0 0 0 0 0 0 0 0 0 0
  0 0 0 0 0 0 0 0 0 0 0 0 0 0 0 0 0 0 0 0 0 0 0 0 0 0 0 0 0 0 0 0 0 0 0 0 0 0 0
  0 0 0 0 0 0 0 0 0 0 0 0 0 0 0 0 0 0 0 0 0 0 0 0 0 0 0 0 0 0 0 0 0 0 0 0 0 0 0
  0 0 0 0 0 0 0 0 0 0 0 0 0 0 0 0 0 0 0 0 0 0 0 0 0 0 0 0 0 0 0 0 0 0 0 0 0 0 0
  0 0 0 0 0 0 0 0 0 0 0 0 0 0 0 0 0 0 0 0 0 0 0 0 0 0 0 0 0 0 0 0 0 0 0 0 0 0 0
  0 0 0 0 0 0 0 0 0 0 0 0 0 0 0 0 0 0 0 0 0 0 0 0 0 0 0 0 0 0 0 0 0 0 0 0 0 0 0
  0 0 0 0 0 0 0 0 0 0 0 0 0 0 0 0 0 0 0 0 0 0 0 0 0 0 0 0 0 0 0 0 0 0 0 0 0 0 0
  0 0 0 0 0 0 0 0 0 0 0 0 0 0 0 0 0 0 0 0 0 0 0 0 0 0 0 0 0 0 0 0 0 0 0 0 0 0 0
  0 0 0 0 0 0 0 0 0 0 0 0 0 0 0 0 0 0 0 0 0 0 0 0 0 0 0 0 0 0 0 0 0 0 0 0 0 0 0
  0 0 0 0 0 0 0 0 0 0 0 0 0 0 0 0 0 0 0 0 0 0 0 0 0 0 0 0 0 0 0 0 0 0 0 0 0 0 0
  0 0 0 0 0 0 0 0 0 0 0 0 0 0 0 0 0 0 0 0 0 0 0 0 0 0 0 0 0 0 0 0 0 0 0 0 0 0 0
  0 0 0 0 0 0 0 0 0 0 0 0 0 0 0 0 0 0 0 0 0 0 0 0 0 0 0 0 0 0 0 0 0 0 0 0 0 0 0
  0 0 0 0 0 0 0 0 0 0 0 0 0 0 0 0 0 0 0 0 0 0 0 0 0 0 0 0 0 0 0 0 0 0 0 0 0 0 0
  0 0 0 0 0 0 0 0 0 0 0 0 0 0 0 0 0 0 0 0 0 0 0 0 0 0 0 0 0 0 0 0 0 0 0 0 0 0 0
  0 0 0 0 0 0 0 0 0 0 0 0 0 0 0 0 0 0 0 0 0 0 0 0 0 0 0 0 0 0 0 0 0 0 0 0 0 0 0
  0 0 0 0 0 0 0 0 0 0 0 0 0 0 0 0 0 0 0 0 0 0 0 0 0 0 0 0 0 0 0 0 0 0 0 0 0 0 0
  0 0 0 0 0 0 0 0 0 0 0 0 0 0 0 0 0 0 0 0 0 0 0 0 0 0 0 0 0 0 0 0 0 0 0 0 0 0 0
  0 0 0 0 0 0 0 0 0 0 0 0 0 0 0 0 0 0 0 0 0 0 0 0 0 0 0 0 0 0 0 0 0 0 0 0 0 0 0
  0 0 0 0 0 0 0 0 0 0 0 0 0 0 0 0 0 0 0 0 0 0 0 0 0 0 0 0 0 0 0 0 0 0 0 0 0 0 0
  0 0 0 0 0 0 0 0 0 0 0 0 0 0 0 0 0 0 0 0 0 0 0 0 0 0 0 0 0 0 0 0 0 0 0 0 0 0 0
  0 0 0 0 0 0 0 0 0 0 0 0 0 0 0 0 0 0 0 0 0 0 0 0 0 0 0 0 0 0 0 0 0 0 0 0 0 0 0
  0 0 0 0 0 0 0 0 0 0 0 0 0 0 0 0 0 0 0 0 0 0 0 0 0 0 0 0 0 0 0 0 0 0 0 0 0 0 0
  0 0 0 0 0 0 0 0 0 0 0 0 0 0 0 0 0 0 0 0 0 0 0 0 0 0 0 0 0 0 0 0 0 0 0 0 0 0 0
  0 0 0 0 0 0 0 0 0 0 0 0 0 0 0 0 0 0 0 0 0 0 0 0 0 0 0 0 0 0 0 0 0 0 0 0 0 0 0
  0 0 0 0 0 0 0 0 0 0 0 0 0 0 0 0 0 0 0 0 0 0 0 0 0 0 0 0 0 0 0 0 0 0 0 0 0 0 0
  0 0 0 0 0 0 0 0 0 0 0 0 0 0 0 0 0 0 0 0 0 0 0 0 0 0 0 0 0 0 0 0 0 0 0 0 0 0 0
  0 0 0 0 0 0 0 0 0 0 0 0 0 0 0 0 0 0 0 0 0 0 0 0 0 0 0 0 0 0 0 0 0 0 0 0 0 0 0
  0 0 0 0 0 0 0 0 0 0 0 0 0 0 0 0 0 0 0 0 0 0 0 0 0 0 0 0 0 0 0 0 0 0 0 0 0 0 0
  0 0 0 0 0 0 0 0 0 0 0 0 0 0 0 0 0 0 0 0 0 0 0 0 0 0 0 0 0 0 0 0 0 0 0 0 0 0 0
  0) 
#(0 0 0 0 0 0 0 0 0 0 0 0 0 0 0 0 0 0 0 0 0 0 0 0 0 0 0 0 0 0 0 0 0 0 0 0 0 0 0
  0 0 0 0 0 0 0 0 0 0 0 0 0 0 0 0 0 0 0 0 0 0 0 0 0 0 0 0 0 0 0 0 0 0 0 0 0 0 0
  0 0 0 0 0 0 0 0 0 0 0 0 0 0 0 0 0 0 0 0 0 0 0 0 0 0 0 0 0 0 0 0 0 0 0 0 0 0 0
  0 0 0 0 0 0 0 0 0 0 0 0 0 0 0 0 0 0 0 0 0 0 0 0 0 0 0 0 0 0 0 0 0 0 0 0 0 0 0
  0 0 0 0 0 0 0 0 0 0 0 0 0 0 0 0 0 0 0 0 0 0 0 0 0 0 0 0 0 0 0 0 0 0 0 0 0 0 0
  0 0 0 0 0 0 0 0 0 0 0 0 0 0 0 0 0 0 0 0 0 0 0 0 0 0 0 0 0 0 0 0 0 0 0 0 0 0 0
  0 0 0 0 0 0 0 0 0 0 0 0 0 0 0 0 0 0 0 0 0 0 0 0 0 0 0 0 0 0 0 0 0 0 0 0 0 0 0
  0 0 0 0 0 0 0 0 0 0 0 0 0 0 0 0 0 0 0 0 0 0 0 0 0 0 0 0 0 0 0 0 0 0 0 0 0 0 0
  0 0 0 0 0 0 0 0 0 0 0 0 0 0 0 0 0 0 0 0 0 0 0 0 0 0 0 0 0 0 0 0 0 0 0 0 0 0 0
  0 0 0 0 0 0 0 0 0 0 0 0 0 0 0 0 0 0 0 0 0 0 0 0 0 0 0 0 0 0 0 0 0 0 0 0 0 0 0
  0 0 0 0 0 0 0 0 0 0 0 0 0 0 0 0 0 0 0 0 0 0 0 0 0 0 0 0 0 0 0 0 0 0 0 0 0 0 0
  0 0 0 0 0 0 0 0 0 0 0 0 0 0 0 0 0 0 0 0 0 0 0 0 0 0 0 0 0 0 0 0 0 0 0 0 0 0 0
  0 0 0 0 0 0 0 0 0 0 0 0 0 0 0 0 0 0 0 0 0 0 0 0 0 0 0 0 0 0 0 0 0 0 0 0 0 0 0
  0 0 0 0 0 0 0 0 0 0 0 0 0 0 0 0 0 0 0 0 0 0 0 0 0 0 0 0 0 0 0 0 0 0 0 0 0 0 0
  0 0 0 0 0 0 0 0 0 0 0 0 0 0 0 0 0 0 0 0 0 0 0 0 0 0 0 0 0 0 0 0 0 0 0 0 0 0 0
  0 0 0 0 0 0 0 0 0 0 0 0 0 0 0 0 0 0 0 0 0 0 0 0 0 0 0 0 0 0 0 0 0 0 0 0 0 0 0
  0 0 0 0 0 0 0 0 0 0 0 0 0 0 0 0 0 0 0 0 0 0 0 0 0 0 0 0 0 0 0 0 0 0 0 0 0 0 0
  0 0 0 0 0 0 0 0 0 0 0 0 0 0 0 0 0 0 0 0 0 0 0 0 0 0 0 0 0 0 0 0 0 0 0 0 0 0 0
  0 0 0 0 0 0 0 0 0 0 0 0 0 0 0 0 0 0 0 0 0 0 0 0 0 0 0 0 0 0 0 0 0 0 0 0 0 0 0
  0 0 0 0 0 0 0 0 0 0 0 0 0 0 0 0 0 0 0 0 0 0 0 0 0 0 0 0 0 0 0 0 0 0 0 0 0 0 0
  0 0 0 0 0 0 0 0 0 0 0 0 0 0 0 0 0 0 0 0 0 0 0 0 0 0 0 0 0 0 0 0 0 0 0 0 0 0 0
  0 0 0 0 0 0 0 0 0 0 0 0 0 0 0 0 0 0 0 0 0 0 0 0 0 0 0 0 0 0 0 0 0 0 0 0 0 0 0
  0 0 0 0 0 0 0 0 0 0 0 0 0 0 0 0 0 0 0 0 0 0 0 0 0 0 0 0 0 0 0 0 0 0 0 0 0 0 0
  0 0 0 0 0 0 0 0 0 0 0 0 0 0 0 0 0 0 0 0 0 0 0 0 0 0 0 0 0 0 0 0 0 0 0 0 0 0 0
  0 0 0 0 0 0 0 0 0 0 0 0 0 0 0 0 0 0 0 0 0 0 0 0 0 0 0 0 0 0 0 0 0 0 0 0 0 0 0
  0 0 0 0 0 0 0 0 0 0 0 0 0 0 0 0 0 0 0 0 0 0 0 0 0 0 0 0 0 0 0 0 0 0 0 0 0 0 0
  0 0 0 0 0 0 0 0 0 0 0 0 0 0 0 0 0 0 0 0 0 0 0 0 0 0 0 0 0 0 0 0 0 0 0 0 0 0 0
  0 0 0 0 0 0 0 0 0 0 0 0 0 0 0 0 0 0 0 0 0 0 0 0 0 0 0 0 0 0 0 0 0 0 0 0 0 0 0
  0 0 0 0 0 0 0 0 0 0 0 0 0 0 0 0 0 0 0 0 0 0 0 0 0 0 0 0 0 0 0 0 0 0 0 0 0 0 0
  0 0 0 0 0 0 0 0 0 0 0 0 0 0 0 0 0 0 0 0 0 0 0 0 0 0 0 0 0 0 0 0 0 0 0 0 0 0 0
  0 0 0 0 0 0 0 0 0 0 0 0 0 0 0 0 0 0 0 0 0 0 0 0 0 0 0 0 0 0 0 0 0 0 0 0 0 0 0
  0 0 0 0 0 0 0 0 0 0 0 0 0 0 0 0 0 0 0 0 0 0 0 0 0 0 0 0 0 0 0 0 0 0 0 0 0 0 0
  0 0 0 0 0 0 0 0 0 0 0 0 0 0 0 0 0 0 0 0 0 0 0 0 0 0 0 0 0 0 0 0 0 0 0 0 0 0 0
  0 0 0 0 0 0 0 0 0 0 0 0 0 0 0 0 0 0 0 0 0 0 0 0 0 0 0 0 0 0 0 0 0 0 0 0 0 0 0
  0 0 0 0 0 0 0 0 0 0 0 0 0 0 0 0 0 0 0 0 0 0 0 0 0 0 0 0 0 0 0 0 0 0 0 0 0 0 0
  0 0 0 0 0 0 0 0 0 0 0 0 0 0 0 0 0 0 0 0 0 0 0 0 0 0 0 0 0 0 0 0 0 0 0 0 0 0 0
  0 0 0 0 0 0 0 0 0 0 0 0 0 0 0 0 0 0 0 0 0 0 0 0 0 0 0 0 0 0 0 0 0 0 0 0 0 0 0
  0 0 0 0 0 0 0 0 0 0 0 0 0 0 0 0 0 0 0 0 0 0 0 0 0 0 0 0 0 0 0 0 0 0 0 0 0 0 0
  0 0 0 0 0 0 0 0 0 0 0 0 0 0 0 0 0 0 0 0 0 0 0 0 0 0 0 0 0 0 0 0 0 0 0 0 0 0 0
  0 0 0 0 0 0 0 0 0 0 0 0 0 0 0 0 0 0 0 0 0 0 0 0 0 0 0 0 0 0 0 0 0 0 0 0 0 0 0
  0 0 0 0 0 0 0 0 0 0 0 0 0 0 0 0 0 0 0 0 0 0 0 0 0 0 0 0 0 0 0 0 0 0 0 0 0 0 0
  0 0 0 0 0 0 0 0 0 0 0 0 0 0 0 0 0 0 0 0 0 0 0 0 0 0 0 0 0 0 0 0 0 0 0 0 0 0 0
  0 0 0 0 0 0 0 0 0 0 0 0 0 0 0 0 0 0 0 0 0 0 0 0 0 0 0 0 0 0 0 0 0 0 0 0 0 0 0
  0 0 0 0 0 0 0 0 0 0 0 0 0 0 0 0 0 0 0 0 0 0 0 0 0 0 0 0 0 0 0 0 0 0 0 0 0 0 0
  0 0 0 0 0 0 0 0 0 0 0 0 0 0 0 0 0 0 0 0 0 0 0 0 0 0 0 0 0 0 0 0 0 0 0 0 0 0 0
  0 0 0 0 0 0 0 0 0 0 0 0 0 0 0 0 0 0 0 0 0 0 0 0 0 0 0 0 0 0 0 0 0 0 0 0 0 0 0
  0 0 0 0 0 0 0 0 0 0 0 0 0 0 0 0 0 0 0 0 0 0 0 0 0 0 0 0 0 0 0 0 0 0 0 0 0 0 0
  0 0 0 0 0 0 0 0 0 0 0 0 0 0 0 0 0 0 0 0 0 0 0 0 0 0 0 0 0 0 0 0 0 0 0 0 0 0 0
  0 0 0 0 0 0 0 0 0 0 0 0 0 0 0 0 0 0 0 0 0 0 0 0 0 0 0 0 0 0 0 0 0 0 0 0 0 0 0
  0 0 0 0 0 0 0 0 0 0 0 0 0 0 0 0 0 0 0 0 0 0 0 0 0 0 0 0 0 0 0 0 0 0 0 0 0 0 0
  0 0 0 0 0 0 0 0 0 0 0 0 0 0 0 0 0 0 0 0 0 0 0 0 0 0 0 0 0 0 0 0 0 0 0 0 0 0 0
  0 0 0 0 0 0 0 0 0 0 0 0 0 0 0 0 0 0 0 0 0 0 0 0 0 0 0 0 0 0 0 0 0 0 0 0 0 0 0
  0 0 0 0 0 0 0 0 0 0 0 0 0 0 0 0 0 0 0 0 0 0 0 0 0 0 0 0 0 0 0 0 0 0 0 0 0 0 0
  0 0 0 0 0 0 0 0 0 0 0 0 0 0 0 0 0 0 0 0 0 0 0 0 0 0 0 0 0 0 0 0 0 0 0 0 0 0 0
  0 0 0 0 0 0 0 0 0 0 0 0 0 0 0 0 0 0 0 0 0 0 0 0 0 0 0 0 0 0 0 0 0 0 0 0 0 0 0
  0 0 0 0 0 0 0 0 0 0 0 0 0 0 0 0 0 0 0 0 0 0 0 0 0 0 0 0 0 0 0 0 0 0 0 0 0 0 0
  0 0 0 0 0 0 0 0 0 0 0 0 0 0 0 0 0 0 0 0 0 0 0 0 0 0 0 0 0 0 0 0 0 0 0 0 0 0 0
  0 0 0 0 0 0 0 0 0 0 0 0 0 0 0 0 0 0 0 0 0 0 0 0 0 0 0 0 0 0 0 0 0 0 0 0 0 0 0
  0 0 0 0 0 0 0 0 0 0 0 0 0 0 0 0 0 0 0 0 0 0 0 0 0 0 0 0 0 0 0 0 0 0 0 0 0 0 0
  0 0 0 0 0 0 0 0 0 0 0 0 0 0 0 0 0 0 0 0 0 0 0 0 0 0 0 0 0 0 0 0 0 0 0 0 0 0 0
  0 0 0 0 0 0 0 0 0 0 0 0 0 0 0 0 0 0 0 0 0 0 0 0 0 0 0 0 0 0 0 0 0 0 0 0 0 0 0
  0 0 0 0 0 0 0 0 0 0 0 0 0 0 0 0 0 0 0 0 0 0 0 0 0 0 0 0 0 0 0 0 0 0 0 0 0 0 0
  0 0 0 0 0 0 0 0 0 0 0 0 0 0 0 0 0 0 0 0 0 0 0 0 0 0 0 0 0 0 0 0 0 0 0 0 0 0 0
  0 0 0 0 0 0 0 0 0 0 0 0 0 0 0 0 0 0 0 0 0 0 0 0 0 0 0 0 0 0 0 0 0 0 0 0 0 0 0
  0 0 0 0 0 0 0 0 0 0 0 0 0 0 0 0 0 0 0 0 0 0 0 0 0 0 0 0 0 0 0 0 0 0 0 0 0 0 0
  0 0 0 0 0 0 0 0 0 0 0 0 0 0 0 0 0 0 0 0 0 0 0 0 0 0 0 0 0 0 0 0 0 0 0 0 0 0 0
  0 0 0 0 0 0 0 0 0 0 0 0 0 0 0 0 0 0 0 0 0 0 0 0 0 0 0 0 0 0 0 0 0 0 0 0 0 0 0
  0 0 0 0 0 0 0 0 0 0 0 0 0 0 0 0 0 0 0 0 0 0 0 0 0 0 0 0 0 0 0 0 0 0 0 0 0 0 0
  0 0 0 0 0 0 0 0 0 0 0 0 0 0 0 0 0 0 0 0 0 0 0 0 0 0 0 0 0 0 0 0 0 0 0 0 0 0 0
  0 0 0 0 0 0 0 0 0 0 0 0 0 0 0 0 0 0 0 0 0 0 0 0 0 0 0 0 0 0 0 0 0 0 0 0 0 0 0
  0 0 0 0 0 0 0 0 0 0 0 0 0 0 0 0 0 0 0 0 0 0 0 0 0 0 0 0 0 0 0 0 0 0 0 0 0 0 0
  0 0 0 0 0 0 0 0 0 0 0 0 0 0 0 0 0 0 0 0 0 0 0 0 0 0 0 0 0 0 0 0 0 0 0 0 0 0 0
  0 0 0 0 0 0 0 0 0 0 0 0 0 0 0 0 0 0 0 0 0 0 0 0 0 0 0 0 0 0 0 0 0 0 0 0 0 0 0
  0 0 0 0 0 0 0 0 0 0 0 0 0 0 0 0 0 0 0 0 0 0 0 0 0 0 0 0 0 0 0 0 0 0 0 0 0 0 0
  0 0 0 0 0 0 0 0 0 0 0 0 0 0 0 0 0 0 0 0 0 0 0 0 0 0 0 0 0 0 0 0 0 0 0 0 0 0 0
  0 0 0 0 0 0 0 0 0 0 0 0 0 0 0 0 0 0 0 0 0 0 0 0 0 0 0 0 0 0 0 0 0 0 0 0 0 0 0
  0 0 0 0 0 0 0 0 0 0 0 0 0 0 0 0 0 0 0 0 0 0 0 0 0 0 0 0 0 0 0 0 0 0 0 0 0 0 0
  0 0 0 0 0 0 0 0 0 0 0 0 0 0 0 0 0 0 0 0 0 0 0 0 0 0 0 0 0 0 0 0 0 0 0 0 0 0 0
  0 0 0 0 0 0 0 0 0 0 0 0 0 0 0 0 0 0 0 0 0 0 0 0 0 0 0 0 0 0 0 0 0 0 0 0 0 0 0
  0 0 0 0 0 0 0 0 0 0 0 0 0 0 0 0 0 0 0 0 0 0 0 0 0 0 0 0 0 0 0 0 0 0 0 0 0 0 0
  0 0 0 0 0 0 0 0 0 0 0 0 0 0 0 0 0 0 0 0 0 0 0 0 0 0 0 0 0 0 0 0 0 0 0 0 0 0 0
  0 0 0 0 0 0 0 0 0 0 0 0 0 0 0 0 0 0 0 0 0 0 0 0 0 0 0 0 0 0 0 0 0 0 0 0 0 0 0
  0 0 0 0 0 0 0 0 0 0 0 0 0 0 0 0 0 0 0 0 0 0 0 0 0 0 0 0 0 0 0 0 0 0 0 0 0 0 0
  0 0 0 0 0 0 0 0 0 0 0 0 0 0 0 0 0 0 0 0 0 0 0 0 0 0 0 0 0 0 0 0 0 0 0 0 0 0 0
  0 0 0 0 0 0 0 0 0 0 0 0 0 0 0 0 0 0 0 0 0 0 0 0 0 0 0 0 0 0 0 0 0 0 0 0 0 0 0
  0 0 0 0 0 0 0 0 0 0 0 0 0 0 0 0 0 0 0 0 0 0 0 0 0 0 0 0 0 0 0 0 0 0 0 0 0 0 0
  0 0 0 0 0 0 0 0 0 0 0 0 0 0 0 0 0 0 0 0 0 0 0 0 0 0 0 0 0 0 0 0 0 0 0 0 0 0 0
  0 0 0 0 0 0 0 0 0 0 0 0 0 0 0 0 0 0 0 0 0 0 0 0 0 0 0 0 0 0 0 0 0 0 0 0 0 0 0
  0 0 0 0 0 0 0 0 0 0 0 0 0 0 0 0 0 0 0 0 0 0 0 0 0 0 0 0 0 0 0 0 0 0 0 0 0 0 0
  0 0 0 0 0 0 0 0 0 0 0 0 0 0 0 0 0 0 0 0 0 0 0 0 0 0 0 0 0 0 0 0 0 0 0 0 0 0 0
  0 0 0 0 0 0 0 0 0 0 0 0 0 0 0 0 0 0 0 0 0 0 0 0 0 0 0 0 0 0 0 0 0 0 0 0 0 0 0
  0 0 0 0 0 0 0 0 0 0 0 0 0 0 0 0 0 0 0 0 0 0 0 0 0 0 0 0 0 0 0 0 0 0 0 0 0 0 0
  0 0 0 0 0 0 0 0 0 0 0 0 0 0 0 0 0 0 0 0 0 0 0 0 0 0 0 0 0 0 0 0 0 0 0 0 0 0 0
  0 0 0 0 0 0 0 0 0 0 0 0 0 0 0 0 0 0 0 0 0 0 0 0 0 0 0 0 0 0 0 0 0 0 0 0 0 0 0
  0 0 0 0 0 0 0 0 0 0 0 0 0 0 0 0 0 0 0 0 0 0 0 0 0 0 0 0 0 0 0 0 0 0 0 0 0 0 0
  0 0 0 0 0 0 0 0 0 0 0 0 0 0 0 0 0 0 0 0 0 0 0 0 0 0 0 0 0 0 0 0 0 0 0 0 0 0 0
  0 0 0 0 0 0 0 0 0 0 0 0 0 0 0 0 0 0 0 0 0 0 0 0 0 0 0 0 0 0 0 0 0 0 0 0 0 0 0
  0 0 0 0 0 0 0 0 0 0 0 0 0 0 0 0 0 0 0 0 0 0 0 0 0 0 0 0 0 0 0 0 0 0 0 0 0 0 0
  0 0 0 0 0 0 0 0 0 0 0 0 0 0 0 0 0 0 0 0 0 0 0 0 0 0 0 0 0 0 0 0 0 0 0 0 0 0 0
  0 0 0 0 0 0 0 0 0 0 0 0 0 0 0 0 0 0 0 0 0 0 0 0 0 0 0 0 0 0 0 0 0 0 0 0 0 0 0
  0 0 0 0 0 0 0 0 0 0 0 0 0 0 0 0 0 0 0 0 0 0 0 0 0 0 0 0 0 0 0 0 0 0 0 0 0 0 0
  0 0 0 0 0 0 0 0 0 0 0 0 0 0 0 0 0 0 0 0 0 0 0 0 0 0 0 0 0 0 0 0 0 0 0 0 0 0 0
  0 0 0 0 0 0 0 0 0 0 0 0 0 0 0 0 0 0 0 0 0 0 0 0 0 0 0 0 0 0 0 0 0 0 0 0 0 0 0
  0 0 0 0 0 0 0 0 0 0 0 0 0 0 0 0 0 0 0 0 0 0 0 0 0 0 0 0 0 0 0 0 0 0 0 0 0 0 0
  0 0 0 0 0 0 0 0 0 0 0 0 0 0 0 0 0 0 0 0 0 0 0 0 0 0 0 0 0 0 0 0 0 0 0 0 0 0 0
  0) 
#(13 12 13 14 13 14 15 14 15 14 15 14 15 14 15 14 12 11 12 13 14 15 14 15 14 15
  14 15 14 15 14 15 11 10 11 12 13 14 15 14 15 14 15 14 15 14 15 14 10 11 12 13
  14 15 14 15 14 15 14 15 14 15 14 15 9 10 11 12 13 14 15 14 15 14 15 14 15 14
  15 14 10 11 12 13 14 15 14 15 14 15 14 15 14 15 14 15 9 10 11 12 13 14 15 14
  15 14 15 14 15 14 15 14 10 11 12 13 14 15 14 15 14 15 14 15 14 15 14 15 9 10
  11 12 13 14 15 14 15 14 15 14 15 14 15 14 10 11 12 13 14 15 14 15 14 15 14 15
  14 15 14 15 9 10 11 12 13 14 15 14 15 14 15 14 15 14 15 14 10 11 12 13 14 15
  14 15 14 15 14 15 14 15 14 15 11 10 11 12 13 14 15 14 15 14 15 14 15 14 15 14
  12 11 12 13 14 15 14 15 14 15 14 15 14 15 14 15 13 12 13 14 15 14 15 14 15 14
  15 14 15 14 15 14 14 13 14 13 14 15 14 15 14 15 14 15 14 15 14 15 13 12 13 14
  13 14 15 14 15 14 15 14 15 14 15 14 12 11 12 13 14 15 14 15 14 15 14 15 14 15
  14 15 11 10 11 12 13 14 15 14 15 14 15 14 15 14 15 14 10 11 12 13 14 15 14 15
  14 15 14 15 14 15 14 15 9 10 11 12 13 14 15 14 15 14 15 14 15 14 15 14 10 11
  12 13 14 15 14 15 14 15 14 15 14 15 14 15 9 10 11 12 13 14 15 14 15 14 15 14
  15 14 15 14 10 11 12 13 14 15 14 15 14 15 14 15 14 15 14 15 9 10 11 12 13 14
  15 14 15 14 15 14 15 14 15 14 10 11 12 13 14 15 14 15 14 15 14 15 14 15 14 15
  9 10 11 12 13 14 15 14 15 14 15 14 15 14 15 14 10 11 12 13 14 15 14 15 14 15
  14 15 14 15 14 15 11 10 11 12 13 14 15 14 15 14 15 14 15 14 15 14 12 11 12 13
  14 15 14 15 14 15 14 15 14 15 14 15 13 12 13 14 15 14 15 14 15 14 15 14 15 14
  15 14 14 13 14 13 14 15 14 15 14 15 14 15 14 15 14 15 13 12 13 14 13 14 15 14
  15 14 15 14 15 14 15 14 12 11 12 13 14 15 14 15 14 15 14 15 14 15 14 15 11 10
  11 12 13 14 15 14 15 14 15 14 15 14 15 14 10 11 12 13 14 15 14 15 14 15 14 15
  14 15 14 15 9 10 11 12 13 14 15 14 15 14 15 14 15 14 15 14 10 11 12 13 14 15
  14 15 14 15 14 15 14 15 14 15 9 10 11 12 13 14 15 14 15 14 15 14 15 14 15 14
  10 11 12 13 14 15 14 15 14 15 14 15 14 15 14 15 9 10 11 12 13 14 15 14 15 14
  15 14 15 14 15 14 10 11 12 13 14 15 14 15 14 15 14 15 14 15 14 15 9 10 11 12
  13 14 15 14 15 14 15 14 15 14 15 14 10 11 12 13 14 15 14 15 14 15 14 15 14 15
  14 15 11 10 11 12 13 14 15 14 15 14 15 14 15 14 15 14 12 11 12 13 14 15 14 15
  14 15 14 15 14 15 14 15 13 12 13 14 15 14 15 14 15 14 15 14 15 14 15 14 14 13
  14 13 14 15 14 15 14 15 14 15 14 15 14 15 13 12 13 14 13 14 15 14 15 14 15 14
  15 14 15 14 12 11 12 13 14 15 14 15 14 15 14 15 14 15 14 15 11 10 11 12 13 14
  15 14 15 14 15 14 15 14 15 14 10 11 12 13 14 15 14 15 14 15 14 15 14 15 14 15
  9 10 11 12 13 14 15 14 15 14 15 14 15 14 15 14 10 11 12 13 14 15 14 15 14 15
  14 15 14 15 14 15 9 10 11 12 13 14 15 14 15 14 15 14 15 14 15 14 10 11 12 13
  14 15 14 15 14 15 14 15 14 15 14 15 9 10 11 12 13 14 15 14 15 14 15 14 15 14
  15 14 10 11 12 13 14 15 14 15 14 15 14 15 14 15 14 15 9 10 11 12 13 14 15 14
  15 14 15 14 15 14 15 14 10 11 12 13 14 15 14 15 14 15 14 15 14 15 14 15 11 10
  11 12 13 14 15 14 15 14 15 14 15 14 15 14 12 11 12 13 14 15 14 15 14 15 14 15
  14 15 14 15 13 12 13 14 15 14 15 14 15 14 15 14 15 14 15 14 14 13 14 13 14 15
  14 15 14 15 14 15 14 15 14 15 13 12 13 14 13 14 15 14 15 14 15 14 15 14 15 14
  12 11 12 13 14 15 14 15 14 15 14 15 14 15 14 15 11 10 11 12 13 14 15 14 15 14
  15 14 15 14 15 14 10 11 12 13 14 15 14 15 14 15 14 15 14 15 14 15 9 10 11 12
  13 14 15 14 15 14 15 14 15 14 15 14 10 11 12 13 14 15 14 15 14 15 14 15 14 15
  14 15 9 10 11 12 13 14 15 14 15 14 15 14 15 14 15 14 10 11 12 13 14 15 14 15
  14 15 14 15 14 15 14 15 9 10 11 12 13 14 15 14 15 14 15 14 15 14 15 14 10 11
  12 13 14 15 14 15 14 15 14 15 14 15 14 15 9 10 11 12 13 14 15 14 15 14 15 14
  15 14 15 14 10 11 12 13 14 15 14 15 14 15 14 15 14 15 14 15 11 10 11 12 13 14
  15 14 15 14 15 14 15 14 15 14 12 11 12 13 14 15 14 15 14 15 14 15 14 15 14 15
  13 12 13 14 15 14 15 14 15 14 15 14 15 14 15 14 14 13 14 13 14 15 14 15 14 15
  14 15 14 15 14 15 13 12 13 14 13 14 15 14 15 14 15 14 15 14 15 14 12 11 12 13
  14 15 14 15 14 15 14 15 14 15 14 15 11 10 11 12 13 14 15 14 15 14 15 14 15 14
  15 14 10 11 12 13 14 15 14 15 14 15 14 15 14 15 14 15 9 10 11 12 13 14 15 14
  15 14 15 14 15 14 15 14 10 11 12 13 14 15 14 15 14 15 14 15 14 15 14 15 9 10
  11 12 13 14 15 14 15 14 15 14 15 14 15 14 10 11 12 13 14 15 14 15 14 15 14 15
  14 15 14 15 9 10 11 12 13 14 15 14 15 14 15 14 15 14 15 14 10 11 12 13 14 15
  14 15 14 15 14 15 14 15 14 15 9 10 11 12 13 14 15 14 15 14 15 14 15 14 15 14
  10 11 12 13 14 15 14 15 14 15 14 15 14 15 14 15 11 10 11 12 13 14 15 14 15 14
  15 14 15 14 15 14 12 11 12 13 14 15 14 15 14 15 14 15 14 15 14 15 13 12 13 14
  15 14 15 14 15 14 15 14 15 14 15 14 14 13 14 13 14 15 14 15 14 15 14 15 14 15
  14 15 13 12 13 14 13 14 15 14 15 14 15 14 15 14 15 14 12 11 12 13 14 15 14 15
  14 15 14 15 14 15 14 15 11 10 11 12 13 14 15 14 15 14 15 14 15 14 15 14 10 11
  12 13 14 15 14 15 14 15 14 15 14 15 14 15 9 10 11 12 13 14 15 14 15 14 15 14
  15 14 15 14 10 11 12 13 14 15 14 15 14 15 14 15 14 15 14 15 9 10 11 12 13 14
  15 14 15 14 15 14 15 14 15 14 10 11 12 13 14 15 14 15 14 15 14 15 14 15 14 15
  9 10 11 12 13 14 15 14 15 14 15 14 15 14 15 14 10 11 12 13 14 15 14 15 14 15
  14 15 14 15 14 15 9 10 11 12 13 14 15 14 15 14 15 14 15 14 15 14 10 11 12 13
  14 15 14 15 14 15 14 15 14 15 14 15 11 10 11 12 13 14 15 14 15 14 15 14 15 14
  15 14 12 11 12 13 14 15 14 15 14 15 14 15 14 15 14 15 13 12 13 14 15 14 15 14
  15 14 15 14 15 14 15 14 14 13 14 13 14 15 14 15 14 15 14 15 14 15 14 15 13 12
  13 14 13 14 15 14 15 14 15 14 15 14 15 14 12 11 12 13 14 15 14 15 14 15 14 15
  14 15 14 15 11 10 11 12 13 14 15 14 15 14 15 14 15 14 15 14 10 11 12 13 14 15
  14 15 14 15 14 15 14 15 14 15 9 10 11 12 13 14 15 14 15 14 15 14 15 14 15 14
  10 11 12 13 14 15 14 15 14 15 14 15 14 15 14 15 9 10 11 12 13 14 15 14 15 14
  15 14 15 14 15 14 10 11 12 13 14 15 14 15 14 15 14 15 14 15 14 15 9 10 11 12
  13 14 15 14 15 14 15 14 15 14 15 14 10 11 12 13 14 15 14 15 14 15 14 15 14 15
  14 15 9 10 11 12 13 14 15 14 15 14 15 14 15 14 15 14 10 11 12 13 14 15 14 15
  14 15 14 15 14 15 14 15 11 10 11 12 13 14 15 14 15 14 15 14 15 14 15 14 12 11
  12 13 14 15 14 15 14 15 14 15 14 15 14 15 13 12 13 14 15 14 15 14 15 14 15 14
  15 14 15 14 14 13 14 13 14 15 14 15 14 15 14 15 14 15 14 15 13 12 13 14 13 14
  15 14 15 14 15 14 15 14 15 14 12 11 12 13 14 15 14 15 14 15 14 15 14 15 14 15
  11 10 11 12 13 14 15 14 15 14 15 14 15 14 15 14 10 11 12 13 14 15 14 15 14 15
  14 15 14 15 14 15 9 10 11 12 13 14 15 14 15 14 15 14 15 14 15 14 10 11 12 13
  14 15 14 15 14 15 14 15 14 15 14 15 9 10 11 12 13 14 15 14 15 14 15 14 15 14
  15 14 10 11 12 13 14 15 14 15 14 15 14 15 14 15 14 15 9 10 11 12 13 14 15 14
  15 14 15 14 15 14 15 14 10 11 12 13 14 15 14 15 14 15 14 15 14 15 14 15 9 10
  11 12 13 14 15 14 15 14 15 14 15 14 15 14 10 11 12 13 14 15 14 15 14 15 14 15
  14 15 14 15 11 10 11 12 13 14 15 14 15 14 15 14 15 14 15 14 12 11 12 13 14 15
  14 15 14 15 14 15 14 15 14 15 13 12 13 14 15 14 15 14 15 14 15 14 15 14 15 14
  14 13 14 13 14 15 14 15 14 15 14 15 14 15 14 15 13 12 13 14 13 14 15 14 15 14
  15 14 15 14 15 14 12 11 12 13 14 15 14 15 14 15 14 15 14 15 14 15 11 10 11 12
  13 14 15 14 15 14 15 14 15 14 15 14 10 11 12 13 14 15 14 15 14 15 14 15 14 15
  14 15 9 10 11 12 13 14 15 14 15 14 15 14 15 14 15 14 10 11 12 13 14 15 14 15
  14 15 14 15 14 15 14 15 9 10 11 12 13 14 15 14 15 14 15 14 15 14 15 14 10 11
  12 13 14 15 14 15 14 15 14 15 14 15 14 15 9 10 11 12 13 14 15 14 15 14 15 14
  15 14 15 14 10 11 12 13 14 15 14 15 14 15 14 15 14 15 14 15 9 10 11 12 13 14
  15 14 15 14 15 14 15 14 15 14 10 11 12 13 14 15 14 15 14 15 14 15 14 15 14 15
  11 10 11 12 13 14 15 14 15 14 15 14 15 14 15 14 12 11 12 13 14 15 14 15 14 15
  14 15 14 15 14 15 13 12 13 14 15 14 15 14 15 14 15 14 15 14 15 14 14 13 14 13
  14 15 14 15 14 15 14 15 14 15 14 15 13 12 13 14 13 14 15 14 15 14 15 14 15 14
  15 14 12 11 12 13 14 15 14 15 14 15 14 15 14 15 14 15 11 10 11 12 13 14 15 14
  15 14 15 14 15 14 15 14 10 11 12 13 14 15 14 15 14 15 14 15 14 15 14 15 9 10
  11 12 13 14 15 14 15 14 15 14 15 14 15 14 10 11 12 13 14 15 14 15 14 15 14 15
  14 15 14 15 9 10 11 12 13 14 15 14 15 14 15 14 15 14 15 14 10 11 12 13 14 15
  14 15 14 15 14 15 14 15 14 15 9 10 11 12 13 14 15 14 15 14 15 14 15 14 15 14
  10 11 12 13 14 15 14 15 14 15 14 15 14 15 14 15 9 10 11 12 13 14 15 14 15 14
  15 14 15 14 15 14 10 11 12 13 14 15 14 15 14 15 14 15 14 15 14 15 11 10 11 12
  13 14 15 14 15 14 15 14 15 14 15 14 12 11 12 13 14 15 14 15 14 15 14 15 14 15
  14 15 13 12 13 14 15 14 15 14 15 14 15 14 15 14 15 14 14 13 14 13 14 15 14 15
  14 15 14 15 14 15 14 15 13 12 13 14 13 14 15 14 15 14 15 14 15 14 15 14 12 11
  12 13 14 15 14 15 14 15 14 15 14 15 14 15 11 10 11 12 13 14 15 14 15 14 15 14
  15 14 15 14 10 11 12 13 14 15 14 15 14 15 14 15 14 15 14 15 9 10 11 12 13 14
  15 14 15 14 15 14 15 14 15 14 10 11 12 13 14 15 14 15 14 15 14 15 14 15 14 15
  9 10 11 12 13 14 15 14 15 14 15 14 15 14 15 14 10 11 12 13 14 15 14 15 14 15
  14 15 14 15 14 15 9 10 11 12 13 14 15 14 15 14 15 14 15 14 15 14 10 11 12 13
  14 15 14 15 14 15 14 15 14 15 14 15 9 10 11 12 13 14 15 14 15 14 15 14 15 14
  15 14 10 11 12 13 14 15 14 15 14 15 14 15 14 15 14 15 11 10 11 12 13 14 15 14
  15 14 15 14 15 14 15 14 12 11 12 13 14 15 14 15 14 15 14 15 14 15 14 15 13 12
  13 14 15 14 15 14 15 14 15 14 15 14 15 14 14 13 14 13 14 15 14 15 14 15 14 15
  14 15 14 15 13 12 13 14 13 14 15 14 15 14 15 14 15 14 15 14 12 11 12 13 14 15
  14 15 14 15 14 15 14 15 14 15 11 10 11 12 13 14 15 14 15 14 15 14 15 14 15 14
  10 11 12 13 14 15 14 15 14 15 14 15 14 15 14 15 9 10 11 12 13 14 15 14 15 14
  15 14 15 14 15 14 10 11 12 13 14 15 14 15 14 15 14 15 14 15 14 15 9 10 11 12
  13 14 15 14 15 14 15 14 15 14 15 14 10 11 12 13 14 15 14 15 14 15 14 15 14 15
  14 15 9 10 11 12 13 14 15 14 15 14 15 14 15 14 15 14 10 11 12 13 14 15 14 15
  14 15 14 15 14 15 14 15 9 10 11 12 13 14 15 14 15 14 15 14 15 14 15 14 10 11
  12 13 14 15 14 15 14 15 14 15 14 15 14 15 11 10 11 12 13 14 15 14 15 14 15 14
  15 14 15 14 12 11 12 13 14 15 14 15 14 15 14 15 14 15 14 15 13 12 13 14 15 14
  15 14 15 14 15 14 15 14 15 14 14 13 14 13 14 15 14 15 14 15 14 15 14 15 14 15
  13 12 13 14 13 14 15 14 15 14 15 14 15 14 15 14 12 11 12 13 14 15 14 15 14 15
  14 15 14 15 14 15 11 10 11 12 13 14 15 14 15 14 15 14 15 14 15 14 10 11 12 13
  14 15 14 15 14 15 14 15 14 15 14 15 9 10 11 12 13 14 15 14 15 14 15 14 15 14
  15 14 10 11 12 13 14 15 14 15 14 15 14 15 14 15 14 15 9 10 11 12 13 14 15 14
  15 14 15 14 15 14 15 14 10 11 12 13 14 15 14 15 14 15 14 15 14 15 14 15 9 10
  11 12 13 14 15 14 15 14 15 14 15 14 15 14 10 11 12 13 14 15 14 15 14 15 14 15
  14 15 14 15 9 10 11 12 13 14 15 14 15 14 15 14 15 14 15 14 10 11 12 13 14 15
  14 15 14 15 14 15 14 15 14 15 11 10 11 12 13 14 15 14 15 14 15 14 15 14 15 14
  12 11 12 13 14 15 14 15 14 15 14 15 14 15 14 15 13 12 13 14 15 14 15 14 15 14
  15 14 15 14 15 14 14 13 14 13 14 15 14 15 14 15 14 15 14 15 14 15 13 12 13 14
  13 14 15 14 15 14 15 14 15 14 15 14 12 11 12 13 14 15 14 15 14 15 14 15 14 15
  14 15 11 10 11 12 13 14 15 14 15 14 15 14 15 14 15 14 10 11 12 13 14 15 14 15
  14 15 14 15 14 15 14 15 9 10 11 12 13 14 15 14 15 14 15 14 15 14 15 14 10 11
  12 13 14 15 14 15 14 15 14 15 14 15 14 15 9 10 11 12 13 14 15 14 15 14 15 14
  15 14 15 14 10 11 12 13 14 15 14 15 14 15 14 15 14 15 14 15 9 10 11 12 13 14
  15 14 15 14 15 14 15 14 15 14 10 11 12 13 14 15 14 15 14 15 14 15 14 15 14 15
  9 10 11 12 13 14 15 14 15 14 15 14 15 14 15 14 10 11 12 13 14 15 14 15 14 15
  14 15 14 15 14 15 11 10 11 12 13 14 15 14 15 14 15 14 15 14 15 14 12 11 12 13
  14 15 14 15 14 15 14 15 14 15 14 15 13 12 13 14 15 14 15 14 15 14 15 14 15 14
  15 14 14 13 14 13 14 15 14 15 14 15 14 15 14 15 14 15 13 12 13 14 13 14 15 14
  15 14 15 14 15 14 15 14 12 11 12 13 14 15 14 15 14 15 14 15 14 15 14 15 11 10
  11 12 13 14 15 14 15 14 15 14 15 14 15 14 10 11 12 13 14 15 14 15 14 15 14 15
  14 15 14 15 9 10 11 12 13 14 15 14 15 14 15 14 15 14 15 14 10 11 12 13 14 15
  14 15 14 15 14 15 14 15 14 15 9 10 11 12 13 14 15 14 15 14 15 14 15 14 15 14
  10 11 12 13 14 15 14 15 14 15 14 15 14 15 14 15 9 10 11 12 13 14 15 14 15 14
  15 14 15 14 15 14 10 11 12 13 14 15 14 15 14 15 14 15 14 15 14 15 9 10 11 12
  13 14 15 14 15 14 15 14 15 14 15 14 10 11 12 13 14 15 14 15 14 15 14 15 14 15
  14 15 11 10 11 12 13 14 15 14 15 14 15 14 15 14 15 14 12 11 12 13 14 15 14 15
  14 15 14 15 14 15 14 15 13 12 13 14 15 14 15 14 15 14 15 14 15 14 15 14 14 13
  14 13 14 15 14 15 14 15 14 15 14 15 14 15) 