
#(0 0 0 0 0 0 0 0 0 0 0 0 0 0 0 0 0 0 0 0 0 0 0 0 0 0 0 0 0 0 0 0 0 0 0 0 0 0 0
  0 0 0 0 0 0 0 0 0 0 0 0 0 0 0 0 0 0 0 0 0 0 0 0 0 0 0 0 0 0 0 0 0 0 0 0 0 0 0
  0 0 0 0 0 0 0 0 0 0 0 0 0 0 0 0 0 0 0 0 0 0 0 0 0 0 0 0 0 0 0 0 0 0 0 0 0 0 0
  0 0 0 0 0 0 0 0 0 0 0 0 0 0 0 0 0 0 0 0 0 0 0 0 0 0 0 0 0 0 0 0 0 0 0 0 0 0 0
  0 0 0 0 0 0 0 0 0 0 0 0 0 0 0 0 0 0 0 0 0 0 0 0 0 0 0 0 0 0 0 0 0 0 0 0 0 0 0
  0 0 0 0 0 0 0 0 0 0 0 0 0 0 0 0 0 0 0 0 0 0 0 0 0 0 0 0 0 0 0 0 0 0 0 0 0 0 0
  0 0 0 0 0 0 0 0 0 0 0 0 0 0 0 0 0 0 0 0 0 0 0 0 0 0 0 0 0 0 0 0 0 0 0 0 0 0 0
  0 0 0 0 0 0 0 0 0 0 0 0 0 0 0 0 0 0 0 0 0 0 0 0 0 0 0 0 0 0 0 0 0 0 0 0 0 0 0
  0 0 0 0 0 0 0 0 0 0 0 0 0 0 0 0 0 0 0 0 0 0 0 0 0 0 0 0 0 0 0 0 0 0 0 0 0 0 0
  0 0 0 0 0 0 0 0 0 0 0 0 0 0 0 0 0 0 0 0 0 0 0 0 0 0 0 0 0 0 0 0 0 0 0 0 0 0 0
  0 0 0 0 0 0 0 0 0 0 0 0 0 0 0 0 0 0 0 0 0 0 0 0 0 0 0 0 0 0 0 0 0 0 0 0 0 0 0
  0 0 0 0 0 0 0 0 0 0 0 0 0 0 0 0 0 0 0 0 0 0 0 0 0 0 0 0 0 0 0 0 0 0 0 0 0 0 0
  0 0 0 0 0 0 0 0 0 0 0 0 0 0 0 0 0 0 0 0 0 0 0 0 0 0 0 0 0 0 0 0 0 0 0 0 0 0 0
  0 0 0 0 0 0 0 0 0 0 0 0 0 0 0 0 0 0 0 0 0 0 0 0 0 0 0 0 0 0 0 0 0 0 0 0 0 0 0
  0 0 0 0 0 0 0 0 0 0 0 0 0 0 0 0 0 0 0 0 0 0 0 0 0 0 0 0 0 0 0 0 0 0 0 0 0 0 0
  0 0 0 0 0 0 0 0 0 0 0 0 0 0 0 0 0 0 0 0 0 0 0 0 0 0 0 0 0 0 0 0 0 0 0 0 0 0 0
  0 0 0 0 0 0 0 0 0 0 0 0 0 0 0 0 0 0 0 0 0 0 0 0 0 0 0 0 0 0 0 0 0 0 0 0 0 0 0
  0 0 0 0 0 0 0 0 0 0 0 0 0 0 0 0 0 0 0 0 0 0 0 0 0 0 0 0 0 0 0 0 0 0 0 0 0 0 0
  0 0 0 0 0 0 0 0 0 0 0 0 0 0 0 0 0 0 0 0 0 0 0 0 0 0 0 0 0 0 0 0 0 0 0 0 0 0 0
  0 0 0 0 0 0 0 0 0 0 0 0 0 0 0 0 0 0 0 0 0 0 0 0 0 0 0 0 0 0 0 0 0 0 0 0 0 0 0
  0 0 0 0 0 0 0 0 0 0 0 0 0 0 0 0 0 0 0 0 0 0 0 0 0 0 0 0 0 0 0 0 0 0 0 0 0 0 0
  0 0 0 0 0 0 0 0 0 0 0 0 0 0 0 0 0 0 0 0 0 0 0 0 0 0 0 0 0 0 0 0 0 0 0 0 0 0 0
  0 0 0 0 0 0 0 0 0 0 0 0 0 0 0 0 0 0 0 0 0 0 0 0 0 0 0 0 0 0 0 0 0 0 0 0 0 0 0
  0 0 0 0 0 0 0 0 0 0 0 0 0 0 0 0 0 0 0 0 0 0 0 0 0 0 0 0 0 0 0 0 0 0 0 0 0 0 0
  0 0 0 0 0 0 0 0 0 0 0 0 0 0 0 0 0 0 0 0 0 0 0 0 0 0 0 0 0 0 0 0 0 0 0 0 0 0 0
  0 0 0 0 0 0 0 0 0 0 0 0 0 0 0 0 0 0 0 0 0 0 0 0 0 0 0 0 0 0 0 0 0 0 0 0 0 0 0
  0 0 0 0 0 0 0 0 0 0 0 0 0 0 0 0 0 0 0 0 0 0 0 0 0 0 0 0 0 0 0 0 0 0 0 0 0 0 0
  0 0 0 0 0 0 0 0 0 0 0 0 0 0 0 0 0 0 0 0 0 0 0 0 0 0 0 0 0 0 0 0 0 0 0 0 0 0 0
  0 0 0 0 0 0 0 0 0 0 0 0 0 0 0 0 0 0 0 0 0 0 0 0 0 0 0 0 0 0 0 0 0 0 0 0 0 0 0
  0 0 0 0 0 0 0 0 0 0 0 0 0 0 0 0 0 0 0 0 0 0 0 0 0 0 0 0 0 0 0 0 0 0 0 0 0 0 0
  0 0 0 0 0 0 0 0 0 0 0 0 0 0 0 0 0 0 0 0 0 0 0 0 0 0 0 0 0 0 0 0 0 0 0 0 0 0 0
  0 0 0 0 0 0 0 0 0 0 0 0 0 0 0 0 0 0 0 0 0 0 0 0 0 0 0 0 0 0 0 0 0 0 0 0 0 0 0
  0 0 0 0 0 0 0 0 0 0 0 0 0 0 0 0 0 0 0 0 0 0 0 0 0 0 0 0 0 0 0 0 0 0 0 0 0 0 0
  0 0 0 0 0 0 0 0 0 0 0 0 0 0 0 0 0 0 0 0 0 0 0 0 0 0 0 0 0 0 0 0 0 0 0 0 0 0 0
  0 0 0 0 0 0 0 0 0 0 0 0 0 0 0 0 0 0 0 0 0 0 0 0 0 0 0 0 0 0 0 0 0 0 0 0 0 0 0
  0 0 0 0 0 0 0 0 0 0 0 0 0 0 0 0 0 0 0 0 0 0 0 0 0 0 0 0 0 0 0 0 0 0 0 0 0 0 0
  0 0 0 0 0 0 0 0 0 0 0 0 0 0 0 0 0 0 0 0 0 0 0 0 0 0 0 0 0 0 0 0 0 0 0 0 0 0 0
  0 0 0 0 0 0 0 0 0 0 0 0 0 0 0 0 0 0 0 0 0 0 0 0 0 0 0 0 0 0 0 0 0 0 0 0 0 0 0
  0 0 0 0 0 0 0 0 0 0 0 0 0 0 0 0 0 0 0 0 0 0 0 0 0 0 0 0 0 0 0 0 0 0 0 0 0 0 0
  0 0 0 0 0 0 0 0 0 0 0 0 0 0 0 0 0 0 0 0 0 0 0 0 0 0 0 0 0 0 0 0 0 0 0 0 0 0 0
  0 0 0 0 0 0 0 0 0 0 0 0 0 0 0 0 0 0 0 0 0 0 0 0 0 0 0 0 0 0 0 0 0 0 0 0 0 0 0
  0 0 0 0 0 0 0 0 0 0 0 0 0 0 0 0 0 0 0 0 0 0 0 0 0 0 0 0 0 0 0 0 0 0 0 0 0 0 0
  0 0 0 0 0 0 0 0 0 0 0 0 0 0 0 0 0 0 0 0 0 0 0 0 0 0 0 0 0 0 0 0 0 0 0 0 0 0 0
  0 0 0 0 0 0 0 0 0 0 0 0 0 0 0 0 0 0 0 0 0 0 0 0 0 0 0 0 0 0 0 0 0 0 0 0 0 0 0
  0 0 0 0 0 0 0 0 0 0 0 0 0 0 0 0 0 0 0 0 0 0 0 0 0 0 0 0 0 0 0 0 0 0 0 0 0 0 0
  0 0 0 0 0 0 0 0 0 0 0 0 0 0 0 0 0 0 0 0 0 0 0 0 0 0 0 0 0 0 0 0 0 0 0 0 0 0 0
  0 0 0 0 0 0 0 0 0 0 0 0 0 0 0 0 0 0 0 0 0 0 0 0 0 0 0 0 0 0 0 0 0 0 0 0 0 0 0
  0 0 0 0 0 0 0 0 0 0 0 0 0 0 0 0 0 0 0 0 0 0 0 0 0 0 0 0 0 0 0 0 0 0 0 0 0 0 0
  0 0 0 0 0 0 0 0 0 0 0 0 0 0 0 0 0 0 0 0 0 0 0 0 0 0 0 0 0 0 0 0 0 0 0 0 0 0 0
  0 0 0 0 0 0 0 0 0 0 0 0 0 0 0 0 0 0 0 0 0 0 0 0 0 0 0 0 0 0 0 0 0 0 0 0 0 0 0
  0 0 0 0 0 0 0 0 0 0 0 0 0 0 0 0 0 0 0 0 0 0 0 0 0 0 0 0 0 0 0 0 0 0 0 0 0 0 0
  0 0 0 0 0 0 0 0 0 0 0 0 0 0 0 0 0 0 0 0 0 0 0 0 0 0 0 0 0 0 0 0 0 0 0 0 0 0 0
  0 0 0 0 0 0 0 0 0 0 0 0 0 0 0 0 0 0 0 0 0 0 0 0 0 0 0 0 0 0 0 0 0 0 0 0 0 0 0
  0 0 0 0 0 0 0 0 0 0 0 0 0 0 0 0 0 0 0 0 0 0 0 0 0 0 0 0 0 0 0 0 0 0 0 0 0 0 0
  0 0 0 0 0 0 0 0 0 0 0 0 0 0 0 0 0 0 0 0 0 0 0 0 0 0 0 0 0 0 0 0 0 0 0 0 0 0 0
  0 0 0 0 0 0 0 0 0 0 0 0 0 0 0 0 0 0 0 0 0 0 0 0 0 0 0 0 0 0 0 0 0 0 0 0 0 0 0
  0 0 0 0 0 0 0 0 0 0 0 0 0 0 0 0 0 0 0 0 0 0 0 0 0 0 0 0 0 0 0 0 0 0 0 0 0 0 0
  0 0 0 0 0 0 0 0 0 0 0 0 0 0 0 0 0 0 0 0 0 0 0 0 0 0 0 0 0 0 0 0 0 0 0 0 0 0 0
  0 0 0 0 0 0 0 0 0 0 0 0 0 0 0 0 0 0 0 0 0 0 0 0 0 0 0 0 0 0 0 0 0 0 0 0 0 0 0
  0 0 0 0 0 0 0 0 0 0 0 0 0 0 0 0 0 0 0 0 0 0 0 0 0 0 0 0 0 0 0 0 0 0 0 0 0 0 0
  0 0 0 0 0 0 0 0 0 0 0 0 0 0 0 0 0 0 0 0 0 0 0 0 0 0 0 0 0 0 0 0 0 0 0 0 0 0 0
  0 0 0 0 0 0 0 0 0 0 0 0 0 0 0 0 0 0 0 0 0 0 0 0 0 0 0 0 0 0 0 0 0 0 0 0 0 0 0
  0 0 0 0 0 0 0 0 0 0 0 0 0 0 0 0 0 0 0 0 0 0 0 0 0 0 0 0 0 0 0 0 0 0 0 0 0 0 0
  0 0 0 0 0 0 0 0 0 0 0 0 0 0 0 0 0 0 0 0 0 0 0 0 0 0 0 0 0 0 0 0 0 0 0 0 0 0 0
  0 0 0 0 0 0 0 0 0 0 0 0 0 0 0 0 0 0 0 0 0 0 0 0 0 0 0 0 0 0 0 0 0 0 0 0 0 0 0
  0 0 0 0 0 0 0 0 0 0 0 0 0 0 0 0 0 0 0 0 0 0 0 0 0 0 0 0 0 0 0 0 0 0 0 0 0 0 0
  0 0 0 0 0 0 0 0 0 0 0 0 0 0 0 0 0 0 0 0 0 0 0 0 0 0 0 0 0 0 0 0 0 0 0 0 0 0 0
  0 0 0 0 0 0 0 0 0 0 0 0 0 0 0 0 0 0 0 0 0 0 0 0 0 0 0 0 0 0 0 0 0 0 0 0 0 0 0
  0 0 0 0 0 0 0 0 0 0 0 0 0 0 0 0 0 0 0 0 0 0 0 0 0 0 0 0 0 0 0 0 0 0 0 0 0 0 0
  0 0 0 0 0 0 0 0 0 0 0 0 0 0 0 0 0 0 0 0 0 0 0 0 0 0 0 0 0 0 0 0 0 0 0 0 0 0 0
  0 0 0 0 0 0 0 0 0 0 0 0 0 0 0 0 0 0 0 0 0 0 0 0 0 0 0 0 0 0 0 0 0 0 0 0 0 0 0
  0 0 0 0 0 0 0 0 0 0 0 0 0 0 0 0 0 0 0 0 0 0 0 0 0 0 0 0 0 0 0 0 0 0 0 0 0 0 0
  0 0 0 0 0 0 0 0 0 0 0 0 0 0 0 0 0 0 0 0 0 0 0 0 0 0 0 0 0 0 0 0 0 0 0 0 0 0 0
  0 0 0 0 0 0 0 0 0 0 0 0 0 0 0 0 0 0 0 0 0 0 0 0 0 0 0 0 0 0 0 0 0 0 0 0 0 0 0
  0 0 0 0 0 0 0 0 0 0 0 0 0 0 0 0 0 0 0 0 0 0 0 0 0 0 0 0 0 0 0 0 0 0 0 0 0 0 0
  0 0 0 0 0 0 0 0 0 0 0 0 0 0 0 0 0 0 0 0 0 0 0 0 0 0 0 0 0 0 0 0 0 0 0 0 0 0 0
  0 0 0 0 0 0 0 0 0 0 0 0 0 0 0 0 0 0 0 0 0 0 0 0 0 0 0 0 0 0 0 0 0 0 0 0 0 0 0
  0 0 0 0 0 0 0 0 0 0 0 0 0 0 0 0 0 0 0 0 0 0 0 0 0 0 0 0 0 0 0 0 0 0 0 0 0 0 0
  0 0 0 0 0 0 0 0 0 0 0 0 0 0 0 0 0 0 0 0 0 0 0 0 0 0 0 0 0 0 0 0 0 0 0 0 0 0 0
  0 0 0 0 0 0 0 0 0 0 0 0 0 0 0 0 0 0 0 0 0 0 0 0 0 0 0 0 0 0 0 0 0 0 0 0 0 0 0
  0 0 0 0 0 0 0 0 0 0 0 0 0 0 0 0 0 0 0 0 0 0 0 0 0 0 0 0 0 0 0 0 0 0 0 0 0 0 0
  0 0 0 0 0 0 0 0 0 0 0 0 0 0 0 0 0 0 0 0 0 0 0 0 0 0 0 0 0 0 0 0 0 0 0 0 0 0 0
  0 0 0 0 0 0 0 0 0 0 0 0 0 0 0 0 0 0 0 0 0 0 0 0 0 0 0 0 0 0 0 0 0 0 0 0 0 0 0
  0 0 0 0 0 0 0 0 0 0 0 0 0 0 0 0 0 0 0 0 0 0 0 0 0 0 0 0 0 0 0 0 0 0 0 0 0 0 0
  0 0 0 0 0 0 0 0 0 0 0 0 0 0 0 0 0 0 0 0 0 0 0 0 0 0 0 0 0 0 0 0 0 0 0 0 0 0 0
  0 0 0 0 0 0 0 0 0 0 0 0 0 0 0 0 0 0 0 0 0 0 0 0 0 0 0 0 0 0 0 0 0 0 0 0 0 0 0
  0 0 0 0 0 0 0 0 0 0 0 0 0 0 0 0 0 0 0 0 0 0 0 0 0 0 0 0 0 0 0 0 0 0 0 0 0 0 0
  0 0 0 0 0 0 0 0 0 0 0 0 0 0 0 0 0 0 0 0 0 0 0 0 0 0 0 0 0 0 0 0 0 0 0 0 0 0 0
  0 0 0 0 0 0 0 0 0 0 0 0 0 0 0 0 0 0 0 0 0 0 0 0 0 0 0 0 0 0 0 0 0 0 0 0 0 0 0
  0 0 0 0 0 0 0 0 0 0 0 0 0 0 0 0 0 0 0 0 0 0 0 0 0 0 0 0 0 0 0 0 0 0 0 0 0 0 0
  0 0 0 0 0 0 0 0 0 0 0 0 0 0 0 0 0 0 0 0 0 0 0 0 0 0 0 0 0 0 0 0 0 0 0 0 0 0 0
  0 0 0 0 0 0 0 0 0 0 0 0 0 0 0 0 0 0 0 0 0 0 0 0 0 0 0 0 0 0 0 0 0 0 0 0 0 0 0
  0 0 0 0 0 0 0 0 0 0 0 0 0 0 0 0 0 0 0 0 0 0 0 0 0 0 0 0 0 0 0 0 0 0 0 0 0 0 0
  0 0 0 0 0 0 0 0 0 0 0 0 0 0 0 0 0 0 0 0 0 0 0 0 0 0 0 0 0 0 0 0 0 0 0 0 0 0 0
  0 0 0 0 0 0 0 0 0 0 0 0 0 0 0 0 0 0 0 0 0 0 0 0 0 0 0 0 0 0 0 0 0 0 0 0 0 0 0
  0 0 0 0 0 0 0 0 0 0 0 0 0 0 0 0 0 0 0 0 0 0 0 0 0 0 0 0 0 0 0 0 0 0 0 0 0 0 0
  0 0 0 0 0 0 0 0 0 0 0 0 0 0 0 0 0 0 0 0 0 0 0 0 0 0 0 0 0 0 0 0 0 0 0 0 0 0 0
  0 0 0 0 0 0 0 0 0 0 0 0 0 0 0 0 0 0 0 0 0 0 0 0 0 0 0 0 0 0 0 0 0 0 0 0 0 0 0
  0 0 0 0 0 0 0 0 0 0 0 0 0 0 0 0 0 0 0 0 0 0 0 0 0 0 0 0 0 0 0 0 0 0 0 0 0 0 0
  0 0 0 0 0 0 0 0 0 0 0 0 0 0 0 0 0 0 0 0 0 0 0 0 0 0 0 0 0 0 0 0 0 0 0 0 0 0 0
  0 0 0 0 0 0 0 0 0 0 0 0 0 0 0 0 0 0 0 0 0 0 0 0 0 0 0 0 0 0 0 0 0 0 0 0 0 0 0
  0 0 0 0 0 0 0 0 0 0 0 0 0 0 0 0 0 0 0 0 0 0 0 0 0 0 0 0 0 0 0 0 0 0 0 0 0 0 0
  0 0 0 0 0 0 0 0 0 0 0 0 0 0 0 0 0 0 0 0 0 0 0 0 0 0 0 0 0 0 0 0 0 0 0 0 0 0 0
  0 0 0 0 0 0 0 0 0 0 0 0 0 0 0 0 0 0 0 0 0 0 0 0 0 0 0 0 0 0 0 0 0 0 0 0 0 0 0
  0 0 0 0 0 0 0 0 0 0 0 0 0 0 0 0 0 0 0 0 0 0 0 0 0 0 0 0 0 0 0 0 0 0 0 0 0 0 0
  0) 
#(0 0 0 0 0 0 0 0 0 0 0 0 0 0 0 0 0 0 0 0 0 0 0 0 0 0 0 0 0 0 0 0 0 0 0 0 0 0 0
  0 0 0 0 0 0 0 0 0 0 0 0 0 0 0 0 0 0 0 0 0 0 0 0 0 0 0 0 0 0 0 0 0 0 0 0 0 0 0
  0 0 0 0 0 0 0 0 0 0 0 0 0 0 0 0 0 0 0 0 0 0 0 0 0 0 0 0 0 0 0 0 0 0 0 0 0 0 0
  0 0 0 0 0 0 0 0 0 0 0 0 0 0 0 0 0 0 0 0 0 0 0 0 0 0 0 0 0 0 0 0 0 0 0 0 0 0 0
  0 0 0 0 0 0 0 0 0 0 0 0 0 0 0 0 0 0 0 0 0 0 0 0 0 0 0 0 0 0 0 0 0 0 0 0 0 0 0
  0 0 0 0 0 0 0 0 0 0 0 0 0 0 0 0 0 0 0 0 0 0 0 0 0 0 0 0 0 0 0 0 0 0 0 0 0 0 0
  0 0 0 0 0 0 0 0 0 0 0 0 0 0 0 0 0 0 0 0 0 0 0 0 0 0 0 0 0 0 0 0 0 0 0 0 0 0 0
  0 0 0 0 0 0 0 0 0 0 0 0 0 0 0 0 0 0 0 0 0 0 0 0 0 0 0 0 0 0 0 0 0 0 0 0 0 0 0
  0 0 0 0 0 0 0 0 0 0 0 0 0 0 0 0 0 0 0 0 0 0 0 0 0 0 0 0 0 0 0 0 0 0 0 0 0 0 0
  0 0 0 0 0 0 0 0 0 0 0 0 0 0 0 0 0 0 0 0 0 0 0 0 0 0 0 0 0 0 0 0 0 0 0 0 0 0 0
  0 0 0 0 0 0 0 0 0 0 0 0 0 0 0 0 0 0 0 0 0 0 0 0 0 0 0 0 0 0 0 0 0 0 0 0 0 0 0
  0 0 0 0 0 0 0 0 0 0 0 0 0 0 0 0 0 0 0 0 0 0 0 0 0 0 0 0 0 0 0 0 0 0 0 0 0 0 0
  0 0 0 0 0 0 0 0 0 0 0 0 0 0 0 0 0 0 0 0 0 0 0 0 0 0 0 0 0 0 0 0 0 0 0 0 0 0 0
  0 0 0 0 0 0 0 0 0 0 0 0 0 0 0 0 0 0 0 0 0 0 0 0 0 0 0 0 0 0 0 0 0 0 0 0 0 0 0
  0 0 0 0 0 0 0 0 0 0 0 0 0 0 0 0 0 0 0 0 0 0 0 0 0 0 0 0 0 0 0 0 0 0 0 0 0 0 0
  0 0 0 0 0 0 0 0 0 0 0 0 0 0 0 0 0 0 0 0 0 0 0 0 0 0 0 0 0 0 0 0 0 0 0 0 0 0 0
  0 0 0 0 0 0 0 0 0 0 0 0 0 0 0 0 0 0 0 0 0 0 0 0 0 0 0 0 0 0 0 0 0 0 0 0 0 0 0
  0 0 0 0 0 0 0 0 0 0 0 0 0 0 0 0 0 0 0 0 0 0 0 0 0 0 0 0 0 0 0 0 0 0 0 0 0 0 0
  0 0 0 0 0 0 0 0 0 0 0 0 0 0 0 0 0 0 0 0 0 0 0 0 0 0 0 0 0 0 0 0 0 0 0 0 0 0 0
  0 0 0 0 0 0 0 0 0 0 0 0 0 0 0 0 0 0 0 0 0 0 0 0 0 0 0 0 0 0 0 0 0 0 0 0 0 0 0
  0 0 0 0 0 0 0 0 0 0 0 0 0 0 0 0 0 0 0 0 0 0 0 0 0 0 0 0 0 0 0 0 0 0 0 0 0 0 0
  0 0 0 0 0 0 0 0 0 0 0 0 0 0 0 0 0 0 0 0 0 0 0 0 0 0 0 0 0 0 0 0 0 0 0 0 0 0 0
  0 0 0 0 0 0 0 0 0 0 0 0 0 0 0 0 0 0 0 0 0 0 0 0 0 0 0 0 0 0 0 0 0 0 0 0 0 0 0
  0 0 0 0 0 0 0 0 0 0 0 0 0 0 0 0 0 0 0 0 0 0 0 0 0 0 0 0 0 0 0 0 0 0 0 0 0 0 0
  0 0 0 0 0 0 0 0 0 0 0 0 0 0 0 0 0 0 0 0 0 0 0 0 0 0 0 0 0 0 0 0 0 0 0 0 0 0 0
  0 0 0 0 0 0 0 0 0 0 0 0 0 0 0 0 0 0 0 0 0 0 0 0 0 0 0 0 0 0 0 0 0 0 0 0 0 0 0
  0 0 0 0 0 0 0 0 0 0 0 0 0 0 0 0 0 0 0 0 0 0 0 0 0 0 0 0 0 0 0 0 0 0 0 0 0 0 0
  0 0 0 0 0 0 0 0 0 0 0 0 0 0 0 0 0 0 0 0 0 0 0 0 0 0 0 0 0 0 0 0 0 0 0 0 0 0 0
  0 0 0 0 0 0 0 0 0 0 0 0 0 0 0 0 0 0 0 0 0 0 0 0 0 0 0 0 0 0 0 0 0 0 0 0 0 0 0
  0 0 0 0 0 0 0 0 0 0 0 0 0 0 0 0 0 0 0 0 0 0 0 0 0 0 0 0 0 0 0 0 0 0 0 0 0 0 0
  0 0 0 0 0 0 0 0 0 0 0 0 0 0 0 0 0 0 0 0 0 0 0 0 0 0 0 0 0 0 0 0 0 0 0 0 0 0 0
  0 0 0 0 0 0 0 0 0 0 0 0 0 0 0 0 0 0 0 0 0 0 0 0 0 0 0 0 0 0 0 0 0 0 0 0 0 0 0
  0 0 0 0 0 0 0 0 0 0 0 0 0 0 0 0 0 0 0 0 0 0 0 0 0 0 0 0 0 0 0 0 0 0 0 0 0 0 0
  0 0 0 0 0 0 0 0 0 0 0 0 0 0 0 0 0 0 0 0 0 0 0 0 0 0 0 0 0 0 0 0 0 0 0 0 0 0 0
  0 0 0 0 0 0 0 0 0 0 0 0 0 0 0 0 0 0 0 0 0 0 0 0 0 0 0 0 0 0 0 0 0 0 0 0 0 0 0
  0 0 0 0 0 0 0 0 0 0 0 0 0 0 0 0 0 0 0 0 0 0 0 0 0 0 0 0 0 0 0 0 0 0 0 0 0 0 0
  0 0 0 0 0 0 0 0 0 0 0 0 0 0 0 0 0 0 0 0 0 0 0 0 0 0 0 0 0 0 0 0 0 0 0 0 0 0 0
  0 0 0 0 0 0 0 0 0 0 0 0 0 0 0 0 0 0 0 0 0 0 0 0 0 0 0 0 0 0 0 0 0 0 0 0 0 0 0
  0 0 0 0 0 0 0 0 0 0 0 0 0 0 0 0 0 0 0 0 0 0 0 0 0 0 0 0 0 0 0 0 0 0 0 0 0 0 0
  0 0 0 0 0 0 0 0 0 0 0 0 0 0 0 0 0 0 0 0 0 0 0 0 0 0 0 0 0 0 0 0 0 0 0 0 0 0 0
  0 0 0 0 0 0 0 0 0 0 0 0 0 0 0 0 0 0 0 0 0 0 0 0 0 0 0 0 0 0 0 0 0 0 0 0 0 0 0
  0 0 0 0 0 0 0 0 0 0 0 0 0 0 0 0 0 0 0 0 0 0 0 0 0 0 0 0 0 0 0 0 0 0 0 0 0 0 0
  0 0 0 0 0 0 0 0 0 0 0 0 0 0 0 0 0 0 0 0 0 0 0 0 0 0 0 0 0 0 0 0 0 0 0 0 0 0 0
  0 0 0 0 0 0 0 0 0 0 0 0 0 0 0 0 0 0 0 0 0 0 0 0 0 0 0 0 0 0 0 0 0 0 0 0 0 0 0
  0 0 0 0 0 0 0 0 0 0 0 0 0 0 0 0 0 0 0 0 0 0 0 0 0 0 0 0 0 0 0 0 0 0 0 0 0 0 0
  0 0 0 0 0 0 0 0 0 0 0 0 0 0 0 0 0 0 0 0 0 0 0 0 0 0 0 0 0 0 0 0 0 0 0 0 0 0 0
  0 0 0 0 0 0 0 0 0 0 0 0 0 0 0 0 0 0 0 0 0 0 0 0 0 0 0 0 0 0 0 0 0 0 0 0 0 0 0
  0 0 0 0 0 0 0 0 0 0 0 0 0 0 0 0 0 0 0 0 0 0 0 0 0 0 0 0 0 0 0 0 0 0 0 0 0 0 0
  0 0 0 0 0 0 0 0 0 0 0 0 0 0 0 0 0 0 0 0 0 0 0 0 0 0 0 0 0 0 0 0 0 0 0 0 0 0 0
  0 0 0 0 0 0 0 0 0 0 0 0 0 0 0 0 0 0 0 0 0 0 0 0 0 0 0 0 0 0 0 0 0 0 0 0 0 0 0
  0 0 0 0 0 0 0 0 0 0 0 0 0 0 0 0 0 0 0 0 0 0 0 0 0 0 0 0 0 0 0 0 0 0 0 0 0 0 0
  0 0 0 0 0 0 0 0 0 0 0 0 0 0 0 0 0 0 0 0 0 0 0 0 0 0 0 0 0 0 0 0 0 0 0 0 0 0 0
  0 0 0 0 0 0 0 0 0 0 0 0 0 0 0 0 0 0 0 0 0 0 0 0 0 0 0 0 0 0 0 0 0 0 0 0 0 0 0
  0 0 0 0 0 0 0 0 0 0 0 0 0 0 0 0 0 0 0 0 0 0 0 0 0 0 0 0 0 0 0 0 0 0 0 0 0 0 0
  0 0 0 0 0 0 0 0 0 0 0 0 0 0 0 0 0 0 0 0 0 0 0 0 0 0 0 0 0 0 0 0 0 0 0 0 0 0 0
  0 0 0 0 0 0 0 0 0 0 0 0 0 0 0 0 0 0 0 0 0 0 0 0 0 0 0 0 0 0 0 0 0 0 0 0 0 0 0
  0 0 0 0 0 0 0 0 0 0 0 0 0 0 0 0 0 0 0 0 0 0 0 0 0 0 0 0 0 0 0 0 0 0 0 0 0 0 0
  0 0 0 0 0 0 0 0 0 0 0 0 0 0 0 0 0 0 0 0 0 0 0 0 0 0 0 0 0 0 0 0 0 0 0 0 0 0 0
  0 0 0 0 0 0 0 0 0 0 0 0 0 0 0 0 0 0 0 0 0 0 0 0 0 0 0 0 0 0 0 0 0 0 0 0 0 0 0
  0 0 0 0 0 0 0 0 0 0 0 0 0 0 0 0 0 0 0 0 0 0 0 0 0 0 0 0 0 0 0 0 0 0 0 0 0 0 0
  0 0 0 0 0 0 0 0 0 0 0 0 0 0 0 0 0 0 0 0 0 0 0 0 0 0 0 0 0 0 0 0 0 0 0 0 0 0 0
  0 0 0 0 0 0 0 0 0 0 0 0 0 0 0 0 0 0 0 0 0 0 0 0 0 0 0 0 0 0 0 0 0 0 0 0 0 0 0
  0 0 0 0 0 0 0 0 0 0 0 0 0 0 0 0 0 0 0 0 0 0 0 0 0 0 0 0 0 0 0 0 0 0 0 0 0 0 0
  0 0 0 0 0 0 0 0 0 0 0 0 0 0 0 0 0 0 0 0 0 0 0 0 0 0 0 0 0 0 0 0 0 0 0 0 0 0 0
  0 0 0 0 0 0 0 0 0 0 0 0 0 0 0 0 0 0 0 0 0 0 0 0 0 0 0 0 0 0 0 0 0 0 0 0 0 0 0
  0 0 0 0 0 0 0 0 0 0 0 0 0 0 0 0 0 0 0 0 0 0 0 0 0 0 0 0 0 0 0 0 0 0 0 0 0 0 0
  0 0 0 0 0 0 0 0 0 0 0 0 0 0 0 0 0 0 0 0 0 0 0 0 0 0 0 0 0 0 0 0 0 0 0 0 0 0 0
  0 0 0 0 0 0 0 0 0 0 0 0 0 0 0 0 0 0 0 0 0 0 0 0 0 0 0 0 0 0 0 0 0 0 0 0 0 0 0
  0 0 0 0 0 0 0 0 0 0 0 0 0 0 0 0 0 0 0 0 0 0 0 0 0 0 0 0 0 0 0 0 0 0 0 0 0 0 0
  0 0 0 0 0 0 0 0 0 0 0 0 0 0 0 0 0 0 0 0 0 0 0 0 0 0 0 0 0 0 0 0 0 0 0 0 0 0 0
  0 0 0 0 0 0 0 0 0 0 0 0 0 0 0 0 0 0 0 0 0 0 0 0 0 0 0 0 0 0 0 0 0 0 0 0 0 0 0
  0 0 0 0 0 0 0 0 0 0 0 0 0 0 0 0 0 0 0 0 0 0 0 0 0 0 0 0 0 0 0 0 0 0 0 0 0 0 0
  0 0 0 0 0 0 0 0 0 0 0 0 0 0 0 0 0 0 0 0 0 0 0 0 0 0 0 0 0 0 0 0 0 0 0 0 0 0 0
  0 0 0 0 0 0 0 0 0 0 0 0 0 0 0 0 0 0 0 0 0 0 0 0 0 0 0 0 0 0 0 0 0 0 0 0 0 0 0
  0 0 0 0 0 0 0 0 0 0 0 0 0 0 0 0 0 0 0 0 0 0 0 0 0 0 0 0 0 0 0 0 0 0 0 0 0 0 0
  0 0 0 0 0 0 0 0 0 0 0 0 0 0 0 0 0 0 0 0 0 0 0 0 0 0 0 0 0 0 0 0 0 0 0 0 0 0 0
  0 0 0 0 0 0 0 0 0 0 0 0 0 0 0 0 0 0 0 0 0 0 0 0 0 0 0 0 0 0 0 0 0 0 0 0 0 0 0
  0 0 0 0 0 0 0 0 0 0 0 0 0 0 0 0 0 0 0 0 0 0 0 0 0 0 0 0 0 0 0 0 0 0 0 0 0 0 0
  0 0 0 0 0 0 0 0 0 0 0 0 0 0 0 0 0 0 0 0 0 0 0 0 0 0 0 0 0 0 0 0 0 0 0 0 0 0 0
  0 0 0 0 0 0 0 0 0 0 0 0 0 0 0 0 0 0 0 0 0 0 0 0 0 0 0 0 0 0 0 0 0 0 0 0 0 0 0
  0 0 0 0 0 0 0 0 0 0 0 0 0 0 0 0 0 0 0 0 0 0 0 0 0 0 0 0 0 0 0 0 0 0 0 0 0 0 0
  0 0 0 0 0 0 0 0 0 0 0 0 0 0 0 0 0 0 0 0 0 0 0 0 0 0 0 0 0 0 0 0 0 0 0 0 0 0 0
  0 0 0 0 0 0 0 0 0 0 0 0 0 0 0 0 0 0 0 0 0 0 0 0 0 0 0 0 0 0 0 0 0 0 0 0 0 0 0
  0 0 0 0 0 0 0 0 0 0 0 0 0 0 0 0 0 0 0 0 0 0 0 0 0 0 0 0 0 0 0 0 0 0 0 0 0 0 0
  0 0 0 0 0 0 0 0 0 0 0 0 0 0 0 0 0 0 0 0 0 0 0 0 0 0 0 0 0 0 0 0 0 0 0 0 0 0 0
  0 0 0 0 0 0 0 0 0 0 0 0 0 0 0 0 0 0 0 0 0 0 0 0 0 0 0 0 0 0 0 0 0 0 0 0 0 0 0
  0 0 0 0 0 0 0 0 0 0 0 0 0 0 0 0 0 0 0 0 0 0 0 0 0 0 0 0 0 0 0 0 0 0 0 0 0 0 0
  0 0 0 0 0 0 0 0 0 0 0 0 0 0 0 0 0 0 0 0 0 0 0 0 0 0 0 0 0 0 0 0 0 0 0 0 0 0 0
  0 0 0 0 0 0 0 0 0 0 0 0 0 0 0 0 0 0 0 0 0 0 0 0 0 0 0 0 0 0 0 0 0 0 0 0 0 0 0
  0 0 0 0 0 0 0 0 0 0 0 0 0 0 0 0 0 0 0 0 0 0 0 0 0 0 0 0 0 0 0 0 0 0 0 0 0 0 0
  0 0 0 0 0 0 0 0 0 0 0 0 0 0 0 0 0 0 0 0 0 0 0 0 0 0 0 0 0 0 0 0 0 0 0 0 0 0 0
  0 0 0 0 0 0 0 0 0 0 0 0 0 0 0 0 0 0 0 0 0 0 0 0 0 0 0 0 0 0 0 0 0 0 0 0 0 0 0
  0 0 0 0 0 0 0 0 0 0 0 0 0 0 0 0 0 0 0 0 0 0 0 0 0 0 0 0 0 0 0 0 0 0 0 0 0 0 0
  0 0 0 0 0 0 0 0 0 0 0 0 0 0 0 0 0 0 0 0 0 0 0 0 0 0 0 0 0 0 0 0 0 0 0 0 0 0 0
  0 0 0 0 0 0 0 0 0 0 0 0 0 0 0 0 0 0 0 0 0 0 0 0 0 0 0 0 0 0 0 0 0 0 0 0 0 0 0
  0 0 0 0 0 0 0 0 0 0 0 0 0 0 0 0 0 0 0 0 0 0 0 0 0 0 0 0 0 0 0 0 0 0 0 0 0 0 0
  0 0 0 0 0 0 0 0 0 0 0 0 0 0 0 0 0 0 0 0 0 0 0 0 0 0 0 0 0 0 0 0 0 0 0 0 0 0 0
  0 0 0 0 0 0 0 0 0 0 0 0 0 0 0 0 0 0 0 0 0 0 0 0 0 0 0 0 0 0 0 0 0 0 0 0 0 0 0
  0 0 0 0 0 0 0 0 0 0 0 0 0 0 0 0 0 0 0 0 0 0 0 0 0 0 0 0 0 0 0 0 0 0 0 0 0 0 0
  0 0 0 0 0 0 0 0 0 0 0 0 0 0 0 0 0 0 0 0 0 0 0 0 0 0 0 0 0 0 0 0 0 0 0 0 0 0 0
  0 0 0 0 0 0 0 0 0 0 0 0 0 0 0 0 0 0 0 0 0 0 0 0 0 0 0 0 0 0 0 0 0 0 0 0 0 0 0
  0 0 0 0 0 0 0 0 0 0 0 0 0 0 0 0 0 0 0 0 0 0 0 0 0 0 0 0 0 0 0 0 0 0 0 0 0 0 0
  0 0 0 0 0 0 0 0 0 0 0 0 0 0 0 0 0 0 0 0 0 0 0 0 0 0 0 0 0 0 0 0 0 0 0 0 0 0 0
  0 0 0 0 0 0 0 0 0 0 0 0 0 0 0 0 0 0 0 0 0 0 0 0 0 0 0 0 0 0 0 0 0 0 0 0 0 0 0
  0 0 0 0 0 0 0 0 0 0 0 0 0 0 0 0 0 0 0 0 0 0 0 0 0 0 0 0 0 0 0 0 0 0 0 0 0 0 0
  0) 
#(13 12 11 10 11 12 13 14 13 14 13 14 13 12 13 14 12 11 10 9 10 11 12 13 12 13
  12 13 12 11 12 13 11 10 9 8 9 10 11 12 11 12 11 12 11 12 13 14 10 9 8 7 8 9
  10 11 10 11 10 11 12 13 14 15 9 8 7 6 7 8 9 10 9 10 11 12 13 14 15 14 8 7 6 7
  8 7 8 9 10 11 11 12 13 14 14 15 7 6 7 8 9 8 9 10 11 12 12 13 14 15 14 14 6 7
  8 9 10 9 10 11 12 13 12 13 14 14 15 14 7 8 9 10 11 10 11 12 13 14 13 14 15 14
  14 15 8 9 10 11 12 11 12 13 14 15 14 13 14 15 14 14 9 10 11 12 13 12 11 12 13
  14 15 14 15 14 15 14 10 11 12 13 14 13 12 13 14 15 14 15 14 15 14 15 11 12 13
  14 15 14 13 14 15 14 15 14 15 14 15 14 10 11 12 13 14 15 14 15 14 15 14 15 14
  15 14 15 11 12 13 14 15 14 15 14 15 14 15 14 15 14 15 14 10 11 12 13 14 15 14
  15 14 15 14 15 14 15 14 15 13 12 11 10 11 12 13 14 13 14 13 14 13 12 13 14 12
  11 10 9 10 11 12 13 12 13 12 13 12 11 12 13 11 10 9 8 9 10 11 12 11 12 11 12
  11 12 13 14 10 9 8 7 8 9 10 11 10 11 10 11 12 13 14 15 9 8 7 6 7 8 9 10 9 10
  11 12 13 14 15 14 8 7 6 7 8 7 8 9 10 11 11 12 13 14 14 15 7 6 7 8 9 8 9 10 11
  12 12 13 14 15 14 14 6 7 8 9 10 9 10 11 12 13 12 13 14 14 15 14 7 8 9 10 11
  10 11 12 13 14 13 14 15 14 14 15 8 9 10 11 12 11 12 13 14 15 14 13 14 15 14
  14 9 10 11 12 13 12 11 12 13 14 15 14 15 14 15 14 10 11 12 13 14 13 12 13 14
  15 14 15 14 15 14 15 11 12 13 14 15 14 13 14 15 14 15 14 15 14 15 14 10 11 12
  13 14 15 14 15 14 15 14 15 14 15 14 15 11 12 13 14 15 14 15 14 15 14 15 14 15
  14 15 14 10 11 12 13 14 15 14 15 14 15 14 15 14 15 14 15 13 12 11 10 11 12 13
  14 13 14 13 14 13 12 13 14 12 11 10 9 10 11 12 13 12 13 12 13 12 11 12 13 11
  10 9 8 9 10 11 12 11 12 11 12 11 12 13 14 10 9 8 7 8 9 10 11 10 11 10 11 12
  13 14 15 9 8 7 6 7 8 9 10 9 10 11 12 13 14 15 14 8 7 6 7 8 7 8 9 10 11 11 12
  13 14 14 15 7 6 7 8 9 8 9 10 11 12 12 13 14 15 14 14 6 7 8 9 10 9 10 11 12 13
  12 13 14 14 15 14 7 8 9 10 11 10 11 12 13 14 13 14 15 14 14 15 8 9 10 11 12
  11 12 13 14 15 14 13 14 15 14 14 9 10 11 12 13 12 11 12 13 14 15 14 15 14 15
  14 10 11 12 13 14 13 12 13 14 15 14 15 14 15 14 15 11 12 13 14 15 14 13 14 15
  14 15 14 15 14 15 14 10 11 12 13 14 15 14 15 14 15 14 15 14 15 14 15 11 12 13
  14 15 14 15 14 15 14 15 14 15 14 15 14 10 11 12 13 14 15 14 15 14 15 14 15 14
  15 14 15 13 12 11 10 11 12 13 14 13 14 13 14 13 12 13 14 12 11 10 9 10 11 12
  13 12 13 12 13 12 11 12 13 11 10 9 8 9 10 11 12 11 12 11 12 11 12 13 14 10 9
  8 7 8 9 10 11 10 11 10 11 12 13 14 15 9 8 7 6 7 8 9 10 9 10 11 12 13 14 15 14
  8 7 6 7 8 7 8 9 10 11 11 12 13 14 14 15 7 6 7 8 9 8 9 10 11 12 12 13 14 15 14
  14 6 7 8 9 10 9 10 11 12 13 12 13 14 14 15 14 7 8 9 10 11 10 11 12 13 14 13
  14 15 14 14 15 8 9 10 11 12 11 12 13 14 15 14 13 14 15 14 14 9 10 11 12 13 12
  11 12 13 14 15 14 15 14 15 14 10 11 12 13 14 13 12 13 14 15 14 15 14 15 14 15
  11 12 13 14 15 14 13 14 15 14 15 14 15 14 15 14 10 11 12 13 14 15 14 15 14 15
  14 15 14 15 14 15 11 12 13 14 15 14 15 14 15 14 15 14 15 14 15 14 10 11 12 13
  14 15 14 15 14 15 14 15 14 15 14 15 13 12 11 10 11 12 13 14 13 14 13 14 13 12
  13 14 12 11 10 9 10 11 12 13 12 13 12 13 12 11 12 13 11 10 9 8 9 10 11 12 11
  12 11 12 11 12 13 14 10 9 8 7 8 9 10 11 10 11 10 11 12 13 14 15 9 8 7 6 7 8 9
  10 9 10 11 12 13 14 15 14 8 7 6 7 8 7 8 9 10 11 11 12 13 14 14 15 7 6 7 8 9 8
  9 10 11 12 12 13 14 15 14 14 6 7 8 9 10 9 10 11 12 13 12 13 14 14 15 14 7 8 9
  10 11 10 11 12 13 14 13 14 15 14 14 15 8 9 10 11 12 11 12 13 14 15 14 13 14
  15 14 14 9 10 11 12 13 12 11 12 13 14 15 14 15 14 15 14 10 11 12 13 14 13 12
  13 14 15 14 15 14 15 14 15 11 12 13 14 15 14 13 14 15 14 15 14 15 14 15 14 10
  11 12 13 14 15 14 15 14 15 14 15 14 15 14 15 11 12 13 14 15 14 15 14 15 14 15
  14 15 14 15 14 10 11 12 13 14 15 14 15 14 15 14 15 14 15 14 15 13 12 11 10 11
  12 13 14 13 14 13 14 13 12 13 14 12 11 10 9 10 11 12 13 12 13 12 13 12 11 12
  13 11 10 9 8 9 10 11 12 11 12 11 12 11 12 13 14 10 9 8 7 8 9 10 11 10 11 10
  11 12 13 14 15 9 8 7 6 7 8 9 10 9 10 11 12 13 14 15 14 8 7 6 7 8 7 8 9 10 11
  11 12 13 14 14 15 7 6 7 8 9 8 9 10 11 12 12 13 14 15 14 14 6 7 8 9 10 9 10 11
  12 13 12 13 14 14 15 14 7 8 9 10 11 10 11 12 13 14 13 14 15 14 14 15 8 9 10
  11 12 11 12 13 14 15 14 13 14 15 14 14 9 10 11 12 13 12 11 12 13 14 15 14 15
  14 15 14 10 11 12 13 14 13 12 13 14 15 14 15 14 15 14 15 11 12 13 14 15 14 13
  14 15 14 15 14 15 14 15 14 10 11 12 13 14 15 14 15 14 15 14 15 14 15 14 15 11
  12 13 14 15 14 15 14 15 14 15 14 15 14 15 14 10 11 12 13 14 15 14 15 14 15 14
  15 14 15 14 15 13 12 11 10 11 12 13 14 13 14 13 14 13 12 13 14 12 11 10 9 10
  11 12 13 12 13 12 13 12 11 12 13 11 10 9 8 9 10 11 12 11 12 11 12 11 12 13 14
  10 9 8 7 8 9 10 11 10 11 10 11 12 13 14 15 9 8 7 6 7 8 9 10 9 10 11 12 13 14
  15 14 8 7 6 7 8 7 8 9 10 11 11 12 13 14 14 15 7 6 7 8 9 8 9 10 11 12 12 13 14
  15 14 14 6 7 8 9 10 9 10 11 12 13 12 13 14 14 15 14 7 8 9 10 11 10 11 12 13
  14 13 14 15 14 14 15 8 9 10 11 12 11 12 13 14 15 14 13 14 15 14 14 9 10 11 12
  13 12 11 12 13 14 15 14 15 14 15 14 10 11 12 13 14 13 12 13 14 15 14 15 14 15
  14 15 11 12 13 14 15 14 13 14 15 14 15 14 15 14 15 14 10 11 12 13 14 15 14 15
  14 15 14 15 14 15 14 15 11 12 13 14 15 14 15 14 15 14 15 14 15 14 15 14 10 11
  12 13 14 15 14 15 14 15 14 15 14 15 14 15 13 12 11 10 11 12 13 14 13 14 13 14
  13 12 13 14 12 11 10 9 10 11 12 13 12 13 12 13 12 11 12 13 11 10 9 8 9 10 11
  12 11 12 11 12 11 12 13 14 10 9 8 7 8 9 10 11 10 11 10 11 12 13 14 15 9 8 7 6
  7 8 9 10 9 10 11 12 13 14 15 14 8 7 6 7 8 7 8 9 10 11 11 12 13 14 14 15 7 6 7
  8 9 8 9 10 11 12 12 13 14 15 14 14 6 7 8 9 10 9 10 11 12 13 12 13 14 14 15 14
  7 8 9 10 11 10 11 12 13 14 13 14 15 14 14 15 8 9 10 11 12 11 12 13 14 15 14
  13 14 15 14 14 9 10 11 12 13 12 11 12 13 14 15 14 15 14 15 14 10 11 12 13 14
  13 12 13 14 15 14 15 14 15 14 15 11 12 13 14 15 14 13 14 15 14 15 14 15 14 15
  14 10 11 12 13 14 15 14 15 14 15 14 15 14 15 14 15 11 12 13 14 15 14 15 14 15
  14 15 14 15 14 15 14 10 11 12 13 14 15 14 15 14 15 14 15 14 15 14 15 13 12 11
  10 11 12 13 14 13 14 13 14 13 12 13 14 12 11 10 9 10 11 12 13 12 13 12 13 12
  11 12 13 11 10 9 8 9 10 11 12 11 12 11 12 11 12 13 14 10 9 8 7 8 9 10 11 10
  11 10 11 12 13 14 15 9 8 7 6 7 8 9 10 9 10 11 12 13 14 15 14 8 7 6 7 8 7 8 9
  10 11 11 12 13 14 14 15 7 6 7 8 9 8 9 10 11 12 12 13 14 15 14 14 6 7 8 9 10 9
  10 11 12 13 12 13 14 14 15 14 7 8 9 10 11 10 11 12 13 14 13 14 15 14 14 15 8
  9 10 11 12 11 12 13 14 15 14 13 14 15 14 14 9 10 11 12 13 12 11 12 13 14 15
  14 15 14 15 14 10 11 12 13 14 13 12 13 14 15 14 15 14 15 14 15 11 12 13 14 15
  14 13 14 15 14 15 14 15 14 15 14 10 11 12 13 14 15 14 15 14 15 14 15 14 15 14
  15 11 12 13 14 15 14 15 14 15 14 15 14 15 14 15 14 10 11 12 13 14 15 14 15 14
  15 14 15 14 15 14 15 13 12 11 10 11 12 13 14 13 14 13 14 13 12 13 14 12 11 10
  9 10 11 12 13 12 13 12 13 12 11 12 13 11 10 9 8 9 10 11 12 11 12 11 12 11 12
  13 14 10 9 8 7 8 9 10 11 10 11 10 11 12 13 14 15 9 8 7 6 7 8 9 10 9 10 11 12
  13 14 15 14 8 7 6 7 8 7 8 9 10 11 11 12 13 14 14 15 7 6 7 8 9 8 9 10 11 12 12
  13 14 15 14 14 6 7 8 9 10 9 10 11 12 13 12 13 14 14 15 14 7 8 9 10 11 10 11
  12 13 14 13 14 15 14 14 15 8 9 10 11 12 11 12 13 14 15 14 13 14 15 14 14 9 10
  11 12 13 12 11 12 13 14 15 14 15 14 15 14 10 11 12 13 14 13 12 13 14 15 14 15
  14 15 14 15 11 12 13 14 15 14 13 14 15 14 15 14 15 14 15 14 10 11 12 13 14 15
  14 15 14 15 14 15 14 15 14 15 11 12 13 14 15 14 15 14 15 14 15 14 15 14 15 14
  10 11 12 13 14 15 14 15 14 15 14 15 14 15 14 15 13 12 11 10 11 12 13 14 13 14
  13 14 13 12 13 14 12 11 10 9 10 11 12 13 12 13 12 13 12 11 12 13 11 10 9 8 9
  10 11 12 11 12 11 12 11 12 13 14 10 9 8 7 8 9 10 11 10 11 10 11 12 13 14 15 9
  8 7 6 7 8 9 10 9 10 11 12 13 14 15 14 8 7 6 7 8 7 8 9 10 11 11 12 13 14 14 15
  7 6 7 8 9 8 9 10 11 12 12 13 14 15 14 14 6 7 8 9 10 9 10 11 12 13 12 13 14 14
  15 14 7 8 9 10 11 10 11 12 13 14 13 14 15 14 14 15 8 9 10 11 12 11 12 13 14
  15 14 13 14 15 14 14 9 10 11 12 13 12 11 12 13 14 15 14 15 14 15 14 10 11 12
  13 14 13 12 13 14 15 14 15 14 15 14 15 11 12 13 14 15 14 13 14 15 14 15 14 15
  14 15 14 10 11 12 13 14 15 14 15 14 15 14 15 14 15 14 15 11 12 13 14 15 14 15
  14 15 14 15 14 15 14 15 14 10 11 12 13 14 15 14 15 14 15 14 15 14 15 14 15 13
  12 11 10 11 12 13 14 13 14 13 14 13 12 13 14 12 11 10 9 10 11 12 13 12 13 12
  13 12 11 12 13 11 10 9 8 9 10 11 12 11 12 11 12 11 12 13 14 10 9 8 7 8 9 10
  11 10 11 10 11 12 13 14 15 9 8 7 6 7 8 9 10 9 10 11 12 13 14 15 14 8 7 6 7 8
  7 8 9 10 11 11 12 13 14 14 15 7 6 7 8 9 8 9 10 11 12 12 13 14 15 14 14 6 7 8
  9 10 9 10 11 12 13 12 13 14 14 15 14 7 8 9 10 11 10 11 12 13 14 13 14 15 14
  14 15 8 9 10 11 12 11 12 13 14 15 14 13 14 15 14 14 9 10 11 12 13 12 11 12 13
  14 15 14 15 14 15 14 10 11 12 13 14 13 12 13 14 15 14 15 14 15 14 15 11 12 13
  14 15 14 13 14 15 14 15 14 15 14 15 14 10 11 12 13 14 15 14 15 14 15 14 15 14
  15 14 15 11 12 13 14 15 14 15 14 15 14 15 14 15 14 15 14 10 11 12 13 14 15 14
  15 14 15 14 15 14 15 14 15 13 12 11 10 11 12 13 14 13 14 13 14 13 12 13 14 12
  11 10 9 10 11 12 13 12 13 12 13 12 11 12 13 11 10 9 8 9 10 11 12 11 12 11 12
  11 12 13 14 10 9 8 7 8 9 10 11 10 11 10 11 12 13 14 15 9 8 7 6 7 8 9 10 9 10
  11 12 13 14 15 14 8 7 6 7 8 7 8 9 10 11 11 12 13 14 14 15 7 6 7 8 9 8 9 10 11
  12 12 13 14 15 14 14 6 7 8 9 10 9 10 11 12 13 12 13 14 14 15 14 7 8 9 10 11
  10 11 12 13 14 13 14 15 14 14 15 8 9 10 11 12 11 12 13 14 15 14 13 14 15 14
  14 9 10 11 12 13 12 11 12 13 14 15 14 15 14 15 14 10 11 12 13 14 13 12 13 14
  15 14 15 14 15 14 15 11 12 13 14 15 14 13 14 15 14 15 14 15 14 15 14 10 11 12
  13 14 15 14 15 14 15 14 15 14 15 14 15 11 12 13 14 15 14 15 14 15 14 15 14 15
  14 15 14 10 11 12 13 14 15 14 15 14 15 14 15 14 15 14 15 13 12 11 10 11 12 13
  14 13 14 13 14 13 12 13 14 12 11 10 9 10 11 12 13 12 13 12 13 12 11 12 13 11
  10 9 8 9 10 11 12 11 12 11 12 11 12 13 14 10 9 8 7 8 9 10 11 10 11 10 11 12
  13 14 15 9 8 7 6 7 8 9 10 9 10 11 12 13 14 15 14 8 7 6 7 8 7 8 9 10 11 11 12
  13 14 14 15 7 6 7 8 9 8 9 10 11 12 12 13 14 15 14 14 6 7 8 9 10 9 10 11 12 13
  12 13 14 14 15 14 7 8 9 10 11 10 11 12 13 14 13 14 15 14 14 15 8 9 10 11 12
  11 12 13 14 15 14 13 14 15 14 14 9 10 11 12 13 12 11 12 13 14 15 14 15 14 15
  14 10 11 12 13 14 13 12 13 14 15 14 15 14 15 14 15 11 12 13 14 15 14 13 14 15
  14 15 14 15 14 15 14 10 11 12 13 14 15 14 15 14 15 14 15 14 15 14 15 11 12 13
  14 15 14 15 14 15 14 15 14 15 14 15 14 10 11 12 13 14 15 14 15 14 15 14 15 14
  15 14 15 13 12 11 10 11 12 13 14 13 14 13 14 13 12 13 14 12 11 10 9 10 11 12
  13 12 13 12 13 12 11 12 13 11 10 9 8 9 10 11 12 11 12 11 12 11 12 13 14 10 9
  8 7 8 9 10 11 10 11 10 11 12 13 14 15 9 8 7 6 7 8 9 10 9 10 11 12 13 14 15 14
  8 7 6 7 8 7 8 9 10 11 11 12 13 14 14 15 7 6 7 8 9 8 9 10 11 12 12 13 14 15 14
  14 6 7 8 9 10 9 10 11 12 13 12 13 14 14 15 14 7 8 9 10 11 10 11 12 13 14 13
  14 15 14 14 15 8 9 10 11 12 11 12 13 14 15 14 13 14 15 14 14 9 10 11 12 13 12
  11 12 13 14 15 14 15 14 15 14 10 11 12 13 14 13 12 13 14 15 14 15 14 15 14 15
  11 12 13 14 15 14 13 14 15 14 15 14 15 14 15 14 10 11 12 13 14 15 14 15 14 15
  14 15 14 15 14 15 11 12 13 14 15 14 15 14 15 14 15 14 15 14 15 14 10 11 12 13
  14 15 14 15 14 15 14 15 14 15 14 15 13 12 11 10 11 12 13 14 13 14 13 14 13 12
  13 14 12 11 10 9 10 11 12 13 12 13 12 13 12 11 12 13 11 10 9 8 9 10 11 12 11
  12 11 12 11 12 13 14 10 9 8 7 8 9 10 11 10 11 10 11 12 13 14 15 9 8 7 6 7 8 9
  10 9 10 11 12 13 14 15 14 8 7 6 7 8 7 8 9 10 11 11 12 13 14 14 15 7 6 7 8 9 8
  9 10 11 12 12 13 14 15 14 14 6 7 8 9 10 9 10 11 12 13 12 13 14 14 15 14 7 8 9
  10 11 10 11 12 13 14 13 14 15 14 14 15 8 9 10 11 12 11 12 13 14 15 14 13 14
  15 14 14 9 10 11 12 13 12 11 12 13 14 15 14 15 14 15 14 10 11 12 13 14 13 12
  13 14 15 14 15 14 15 14 15 11 12 13 14 15 14 13 14 15 14 15 14 15 14 15 14 10
  11 12 13 14 15 14 15 14 15 14 15 14 15 14 15 11 12 13 14 15 14 15 14 15 14 15
  14 15 14 15 14 10 11 12 13 14 15 14 15 14 15 14 15 14 15 14 15) 