
#(0 58 49 0 0 0 0 0 0 0 58 0 0 0 0 0 0 58 49 0 0 0 0 0 0 0 58 0 0 0 0 0 0 58 49
  0 0 0 0 0 0 0 58 0 0 0 0 0 0 58 49 0 0 0 0 0 0 0 58 0 0 0 0 0 0 58 49 0 0 0 0
  0 0 0 58 0 0 0 0 0 0 58 49 0 0 0 0 0 0 0 58 0 0 0 0 0 0 58 49 0 0 0 0 0 0 0
  58 0 0 0 0 0 0 58 49 0 0 0 0 0 0 0 58 0 0 0 0 0 0 58 49 0 0 0 0 0 0 0 58 0 0
  0 0 0 0 58 49 0 0 0 0 0 0 0 58 0 0 0 0 0 0 58 49 0 0 0 0 0 0 0 58 0 0 0 0 0 0
  58 49 0 0 0 0 0 0 0 58 0 0 0 0 0 0 58 49 0 0 0 0 0 0 0 58 0 0 0 0 0 0 58 49 0
  0 0 0 0 0 0 58 0 0 0 0 0 0 58 49 0 0 0 0 0 0 49 0 0 0 0 0 0 0 58 49 0 0 0 0 0
  0 58 0 0 0 0 0 0 58 0 0 0 0 0 0 0 58 0 0 0 0 0 0 0 58 0 0 0 0 0 0 0 58 0 0 0
  0 0 0 0 58 0 0 0 0 0 0 0 58 0 0 0 0 0 0 0 58 0 0 0 0 0 0 0 58 0 0 0 0 0 0 0
  58 0 0 0 0 0 0 0 58 0 0 0 0 0 0 0 58 0 0 0 0 0 0 0 58 0 0 0 0 0 0 0 58 0 0 0
  0 0 0 0 58 0 0 0 0 0 0 0 58 0 0 0 0 0 0 0 58 0 0 0 0 0 0 0 58 0 0 0 0 0 0 0
  58 0 0 0 0 0 0 0 58 0 0 0 0 0 0 0 58 0 0 0 0 0 0 0 58 0 0 0 0 0 0 0 58 0 0 0
  0 0 0 0 58 0 0 0 0 0 0 0 58 0 0 0 0 0 0 0 58 0 0 0 0 0 0 0 58 0 0 0 0 0 0 0
  58 0 0 0 0 0 0 0 58 0 0 0 0 0 0 0 58 0 0 0 0 0 0 0 58 0 0 0 0 0 0 0 58 0 0 0
  0 0 0 0 58 0 0 0 0 0 0 0 0 0 0 0 0 0 0 58 0 0 0 0 0 0 0 0 0 0 0 0 0 0 0 58 0
  0 0 0 0 0 0 0 0 0 0 0 0 0 0 58 0 0 0 0 0 0 0 0 0 0 0 0 0 0 0 58 0 0 0 0 0 0 0
  0 0 0 0 0 0 0 0 58 0 0 0 0 0 0 0 0 0 0 0 0 0 0 0 58 0 0 0 0 0 0 0 0 0 0 0 0 0
  0 0 58 0 0 0 0 0 0 0 0 0 0 0 0 0 0 0 58 0 0 0 0 0 0 0 0 0 0 0 0 0 0 0 58 0 0
  0 0 0 0 0 0 0 0 0 0 0 0 0 58 0 0 0 0 0 0 0 0 0 0 0 0 0 0 0 58 0 0 0 0 0 0 0 0
  0 0 0 0 0 0 0 58 0 0 0 0 0 0 0 0 0 0 0 0 0 0 0 58 0 0 0 0 0 0 0 0 0 0 0 0 0 0
  0 58 0 0 0 0 0 0 0 0 0 0 0 0 0 0 0 58 0 0 0 0 0 0 0 0 0 0 0 0 0 0 0 58 0 0 0
  0 0 0 0 0 0 0 0 0 0 58 0 0 0 0 0 0 0 0 0 0 0 0 0 0 0 58 0 0 0 0 0 0 0 0 0 0 0
  0 0 0 0 58 0 0 0 0 0 0 0 0 0 0 0 0 0 0 0 58 0 0 0 0 0 0 0 0 0 0 0 0 0 0 0 58
  0 0 0 0 0 0 0 0 0 0 0 0 0 0 0 58 0 0 0 0 0 0 0 0 0 0 0 0 0 0 0 58 0 0 0 0 0 0
  0 0 0 0 0 0 0 0 0 58 0 0 0 0 0 0 0 0 0 0 0 0 0 0 0 58 0 0 0 0 0 0 0 0 0 0 0 0
  0 0 0 58 0 0 0 0 0 0 0 0 0 0 0 0 0 0 0 58 0 0 0 0 0 0 0 0 0 0 0 0 0 0 0 58 0
  0 0 0 0 0 0 0 0 0 0 0 0 0 0 58 0 0 0 0 0 0 0 0 0 0 0 0 0 0 0 58 0 0 0 0 0 0 0
  0 0 0 0 0 0 0 0 58 0 0 0 0 0 0 0 0 0 0 0 0 0 0 0 58 0 0 0 0 0 0 0 0 0 0 0 0 0
  0 58 0 0 0 0 0 0 0 0 0 0 0 0 0 0 0 58 0 0 0 0 0 0 0 0 0 0 0 0 0 0 0 58 0 0 0
  0 0 0 0 0 0 0 0 0 0 0 0 58 0 0 0 0 0 0 0 0 0 0 0 0 0 0 0 58 0 0 0 0 0 0 0 0 0
  0 0 0 0 0 0 58 0 0 0 0 0 0 0 0 0 0 0 0 0 0 0 58 0 0 0 0 0 0 0 0 0 0 0 0 0 0 0
  58 0 0 0 0 0 0 0 0 0 0 0 0 0 0 0 58 0 0 0 0 0 0 0 0 0 0 0 0 0 0 0 58 0 0 0 0
  0 0 0 0 0 0 0 0 0 0 0 58 0 0 0 0 0 0 0 0 0 0 0 0 0 0 0 58 0 0 0 0 0 0 0 0 0 0
  0 0 0 0 0 58 0 0 0 0 0 0 0 0 0 0 0 0 0 0 0 58 0 0 0 0 0 0 0 0 0 0 0 0 0 0 0
  58 0 0 0 0 0 0 0 0 0 0 0 0 0 0 0 58 0 0 0 0 0 0 0 0 0 0 0 0 0 58 0 0 0 0 0 0
  0 0 0 0 0 0 0 0 0 58 0 0 0 0 0 0 0 0 0 0 0 0 0 0 0 58 0 0 0 0 0 0 0 0 0 0 0 0
  0 0 0 58 0 0 0 0 0 0 0 0 0 0 0 0 0 0 0 58 0 0 0 0 0 0 0 0 0 0 0 0 0 0 0 58 0
  0 0 0 0 0 0 0 0 0 0 0 0 0 0 58 0 0 0 0 0 0 0 0 0 0 0 0 0 0 0 58 0 0 0 0 0 0 0
  0 0 0 0 0 0 0 0 58 0 0 0 0 0 0 0 0 0 0 0 0 0 0 0 58 0 0 0 0 0 0 0 0 0 0 0 0 0
  0 0 58 0 0 0 0 0 0 0 0 0 0 0 0 0 0 0 58 0 0 0 0 0 0 0 0 0 0 0 0 0 0 0 58 0 0
  0 0 0 0 0 0 0 0 0 0 0 0 0 58 0 0 0 0 0 0 0 0 0 0 0 0 0 0 0 58 0 0 0 0 0 0 0 0
  0 0 0 0 0 0 0 58 0 0 0 0 0 0 0 0 0 0 0 0 0 0 58 0 0 0 0 0 0 0 0 0 0 0 0 0 0 0
  58 0 0 0 0 0 0 0 0 0 0 0 0 0 0 0 58 0 0 0 0 0 0 0 0 0 0 0 0 0 0 0 58 0 0 0 0
  0 0 0 0 0 0 0 0 0 0 0 58 0 0 0 0 0 0 0 0 0 0 0 0 0 0 0 58 0 0 0 0 0 0 0 0 0 0
  0 0 0 0 0 58 0 0 0 0 0 0 0 0 0 0 0 0 0 0 0 58 0 0 0 0 0 0 0 0 0 0 0 0 0 0 0
  58 0 0 0 0 0 0 0 0 0 0 0 0 0 0 0 58 0 0 0 0 0 0 0 0 0 0 0 0 0 0 0 58 0 0 0 0
  0 0 0 0 0 0 0 0 0 0 0 58 0 0 0 0 0 0 0 0 0 0 0 0 0 0 0 58 0 0 0 0 0 0 0 0 0 0
  0 0 0 0 0 58 0 0 0 0 0 0 0 0 0 0 0 0 0 0 0 58 0 0 0 0 0 0 0 0 0 0 0 0 0 0 0
  58 0 0 0 0 0 0 0 0 0 0 0 0 0 0 0 0 0 0 0 0 0 0 0 0 0 0 0 0 0 0 0 0 0 0 0 0 0
  0 0 0 0 0 0 0 0 0 0 0 0 0 0 0 0 0 0 0 0 0 0 0 0 0 0 0 0 0 0 0 0 0 0 0 0 0 0 0
  0 0 0 0 0 0 0 0 0 0 0 0 0 0 0 0 0 0 0 0 0 0 0 0 0 0 0 0 0 0 0 0 0 0 0 0 0 0 0
  0 0 0 0 0 0 0 0 0 0 0 0 0 0 0 0 0 0 0 0 0 0 0 0 0 0 0 0 0 0 0 0 0 0 0 0 0 0 0
  0 0 0 0 0 0 0 0 0 0 0 0 0 0 0 0 0 0 0 0 0 0 0 0 0 0 0 0 0 0 0 0 0 0 0 0 0 0 0
  0 0 0 0 0 0 0 0 0 0 0 0 0 0 0 0 0 0 0 0 0 0 0 0 0 0 0 0 0 0 0 0 0 0 0 0 0 0 0
  0 0 0 0 0 0 0 0 0 0 0 0 0 0 0 0 0 0 0 0 0 0 0 0 0 0 0 0 0 0 0 0 0 0 0 0 0 0 0
  0 0 0 0 0 0 0 0 0 0 0 0 0 0 0 0 0 0 0 0 0 0 0 0 0 0 0 0 0 0 0 0 0 0 0 0 0 0 0
  0 0 0 0 0 0 0 0 0 0 0 0 0 0 0 0 0 0 0 0 0 0 0 0 0 0 0 0 0 0 0 0 0 0 0 0 0 0 0
  0 0 0 0 0 0 0 0 0 0 0 0 0 0 0 0 0 0 0 0 0 0 0 0 0 0 0 0 0 0 0 0 0 0 0 0 0 0 0
  0 0 0 0 0 0 0 0 0 0 0 0 0 0 0 0 0 0 0 0 0 0 0 0 0 0 0 0 0 0 0 0 0 0 0 0 0 0 0
  0 0 0 0 0 0 0 0 0 0 0 0 0 0 0 0 0 0 0 0 0 0 0 0 0 0 0 0 0 0 0 0 0 0 0 0 0 0 0
  0 0 0 0 0 0 0 0 0 0 0 0 0 0 0 0 0 0 0 0 0 0 0 0 0 0 0 0 0 0 0 0 0 0 0 0 0 0 0
  0 0 0 0 0 0 0 0 0 0 0 0 0 0 0 0 0 0 0 0 0 0 0 0 0 0 0 0 0 0 0 0 0 0 0 58 0 0
  0 0 0 0 0 0 0 0 0 0 0 0 0 58 0 0 0 0 0 0 0 0 0 0 0 0 0 0 0 58 0 0 0 0 0 0 0 0
  0 0 0 0 0 0 0 58 0 0 0 0 0 0 0 0 0 0 0 0 0 0 0 58 0 0 0 0 0 0 0 0 0 0 0 0 0 0
  0 58 0 0 0 0 0 0 0 0 0 0 0 0 0 0 0 58 0 0 0 0 0 0 0 0 0 0 0 0 0 0 0 58 0 0 0
  0 0 0 0 0 0 0 0 0 0 0 0 58 0 0 0 0 0 0 0 0 0 0 0 0 0 0 0 58 0 0 0 0 0 0 0 0 0
  0 0 0 0 0 0 58 0 0 0 0 0 0 0 0 0 0 0 0 0 0 0 58 0 0 0 0 0 0 0 0 0 0 0 0 0 0 0
  58 0 0 0 0 0 0 0 0 0 0 0 0 0 0 0 58 0 0 0 0 0 0 0 0 0 0 0 0 0 0 0 58 0 0 0 0
  0 0 0 0 0 0 0 0 0 0 0 58 0 0 0 0 0 0 0 0 0 0 0 0 0 0 58 0 0 0 0 0 0 0 0 0 0 0
  0 0 0 0 58 0 0 0 0 0 0 0 0 0 0 0 0 0 0 0 58 0 0 0 0 0 0 0 0 0 0 0 0 0 0 0 58
  0 0 0 0 0 0 0 0 0 0 0 0 0 0 0 58 0 0 0 0 0 0 0 0 0 0 0 0 0 0 0 58 0 0 0 0 0 0
  0 0 0 0 0 0 0 0 0 58 0 0 0 0 0 0 0 0 0 0 0 0 0 0 0 58 0 0 0 0 0 0 0 0 0 0 0 0
  0 0 0 58 0 0 0 0 0 0 0 0 0 0 0 0 0 0 0 58 0 0 0 0 0 0 0 0 0 0 0 0 0 0 0 58 0
  0 0 0 0 0 0 0 0 0 0 0 0 0 0 58 0 0 0 0 0 0 0 0 0 0 0 0 0 0 0 58 0 0 0 0 0 0 0
  0 0 0 0 0 0 0 0 58 0 0 0 0 0 0 0 0 0 0 0 0 0 0 0 58 0 0 0 0 0 0 0 0 0 0 0 0 0
  0 0 58 0 0 0 0 0 0 0 0 0 0 0 0 0 58 0 0 0 0 0 0 0 0 0 0 0 0 0 0 0 58 0 0 0 0
  0 0 0 0 0 0 0 0 0 0 0 58 0 0 0 0 0 0 0 0 0 0 0 0 0 0 0 58 0 0 0 0 0 0 0 0 0 0
  0 0 0 0 0 58 0 0 0 0 0 0 0 0 0 0 0 0 0 0 0 58 0 0 0 0 0 0 0 0 0 0 0 0 0 0 0
  58 0 0 0 0 0 0 0 0 0 0 0 0 0 0 0 58 0 0 0 0 0 0 0 0 0 0 0 0 0 0 0 58 0 0 0 0
  0 0 0 0 0 0 0 0 0 0 0 58 0 0 0 0 0 0 0 0 0 0 0 0 0 0 0 58 0 0 0 0 0 0 0 0 0 0
  0 0 0 0 0 58 0 0 0 0 0 0 0 0 0 0 0 0 0 0 0 58 0 0 0 0 0 0 0 0 0 0 0 0 0 0 0
  58 0 0 0 0 0 0 0 0 0 0 0 0 0 0 0 58 0 0 0 0 0 0 0 0 0 0 0 0 0 0 0 58 0 0 0 0
  0 0 0 0 0 0 0 0 0 0 58 0 0 0 0 0 0 0 0 0 0 0 0 0 0 0 58 0 0 0 0 0 0 0 0 0 0 0
  0 0 0 0 58 0 0 0 0 0 0 0 0 0 0 0 0 0 0 0 58 0 0 0 0 0 0 0 0 0 0 0 0 0 0 0 58
  0 0 0 0 0 0 0 0 0 0 0 0 0 0 0 58 0 0 0 0 0 0 0 0 0 0 0 0 0 0 0 58 0 0 0 0 0 0
  0 0 0 0 0 0 0 0 0 58 0 0 0 0 0 0 0 0 0 0 0 0 0 0 0 58 0 0 0 0 0 0 0 0 0 0 0 0
  0 0 0 58 0 0 0 0 0 0 0 0 0 0 0 0 0 0 0 58 0 0 0 0 0 0 0 0 0 0 0 0 0 0 0 58 0
  0 0 0 0 0 0 0 0 0 0 0 0 0 0 58 0 0 0 0 0 0 0 0 0 0 0 0 0 0 0 58 0 0 0 0 0 0 0
  0 0 0 0 0 0 0 0 58 0 0 0 0 0 0 0 0 0 0 0 0 0 0 0 58 0 0 0 0 0 0 0 0 0 0 0 0 0
  58 0 0 0 0 0 0 0 0 0 0 0 0 0 0 0 58 0 0 0 0 0 0 0 0 0 0 0 0 0 0 0 58 0 0 0 0
  0 0 0 0 0 0 0 0 0 0 0 58 0 0 0 0 0 0 0 0 0 0 0 0 0 0 0 58 0 0 0 0 0 0 0 0 0 0
  0 0 0 0 0 58 0 0 0 0 0 0 0 0 0 0 0 0 0 0 0 58 0 0 0 0 0 0 0 0 0 0 0 0 0 0 0
  58 0 0 0 0 0 0 0 0 0 0 0 0 0 0 0 58 0 0 0 0 0 0 0 0 0 0 0 0 0 0 0 58 0 0 0 0
  0 0 0 0 0 0 0 0 0 0 0 58 0 0 0 0 0 0 0 0 0 0 0 0 0 0 0 58 0 0 0 0 0 0 0 0 0 0
  0 0 0 0 0 58 0 0 0 0 0 0 0 0 0 0 0 0 0 0 0 58 0 0 0 0 0 0 0 0 0 0 0 0 0 0 0
  58 0 0 0 0 0 0 0 0 0 0 0 0 0 0 0 58 0 0 0 0 0 0 0 0 0 0 0 0 0 0 58 0 0 0 0 0
  0 0 58 0 0 0 0 0 0 0 58 0 0 0 0 0 0 0 58 0 0 0 0 0 0 0 58 0 0 0 0 0 0 0 58 0
  0 0 0 0 0 0 58 0 0 0 0 0 0 0 58 0 0 0 0 0 0 0 58 0 0 0 0 0 0 0 58 0 0 0 0 0 0
  0 58 0 0 0 0 0 0 0 58 0 0 0 0 0 0 0 58 0 0 0 0 0 0 0 58 0 0 0 0 0 0 0 58 0 0
  0 0 0 0 0 58 0 0 0 0 0 0 0 58 0 0 0 0 0 0 0 58 0 0 0 0 0 0 0 58 0 0 0 0 0 0 0
  58 0 0 0 0 0 0 0 58 0 0 0 0 0 0 0 58 0 0 0 0 0 0 0 58 0 0 0 0 0 0 0 58 0 0 0
  0 0 0 0 58 0 0 0 0 0 0 0 58 0 0 0 0 0 0 0 58 0 0 0 0 0 0 0 58 0 0 0 0 0 0 0
  58 0 0 0 0 0 0 0 58 0 0 0 0 0 0 0 58 0 0 0 0 0 0 0 58 0 0 0 0 0 0 58 0 0 0 0
  0 0 49 58 0 0 0 0 0 0 0 49 0 0 0 0 0 0 49 58 0 0 0 0 0 0 58 0 0 0 0 0 0 0 49
  58 0 0 0 0 0 0 58 0 0 0 0 0 0 0 49 58 0 0 0 0 0 0 58 0 0 0 0 0 0 0 49 58 0 0
  0 0 0 0 58 0 0 0 0 0 0 0 49 58 0 0 0 0 0 0 58 0 0 0 0 0 0 0 49 58 0 0 0 0 0 0
  58 0 0 0 0 0 0 0 49 58 0 0 0 0 0 0 58 0 0 0 0 0 0 0 49 58 0 0 0 0 0 0 58 0 0
  0 0 0 0 0 49 58 0 0 0 0 0 0 58 0 0 0 0 0 0 0 49 58 0 0 0 0 0 0 58 0 0 0 0 0 0
  0 49 58 0 0 0 0 0 0 58 0 0 0 0 0 0 0 49 58 0 0 0 0 0 0 58 0 0 0 0 0 0 0 49 58
  0 0 0 0 0 0 58 0 0 0 0 0 0 0 49 58 0 0 0 0 0 0 58 0 0 0 0 0 0 0 49 58 0) 
#(0 0 0 0 0 0 0 0 0 0 0 0 0 0 0 0 0 0 0 0 0 0 0 0 0 0 0 0 0 0 0 0 0 0 0 0 0 0 0
  0 0 0 0 0 0 0 0 0 0 0 0 0 0 0 0 0 0 0 0 0 0 0 0 0 0 0 0 0 0 0 0 0 0 0 0 0 0 0
  0 0 0 0 0 0 0 0 0 0 0 0 0 0 0 0 0 0 0 0 0 0 0 0 0 0 0 0 0 0 0 0 0 0 0 0 0 0 0
  0 0 0 0 0 0 0 0 0 0 0 0 0 0 0 0 0 0 0 0 0 0 0 0 0 0 0 0 0 0 0 0 0 0 0 0 0 0 0
  0 0 0 0 0 0 0 0 0 0 0 0 0 0 0 0 0 0 0 0 0 0 0 0 0 0 0 0 0 0 0 0 0 0 0 0 0 0 0
  0 0 0 0 0 0 0 0 0 0 0 0 0 0 0 0 0 0 0 0 0 0 0 0 0 0 0 0 0 0 0 0 0 0 0 0 0 0 0
  0 0 0 0 0 0 0 0 0 0 0 0 0 0 0 0 0 0 0 0 0 0 0 0 0 0 0 0 0 0 0 0 0 0 0 0 0 0 0
  0 0 0 0 0 0 0 0 0 0 0 0 0 0 0 0 0 0 0 0 0 0 0 0 0 0 0 0 0 0 0 0 0 0 0 0 0 0 0
  0 0 0 0 0 0 0 0 0 0 0 0 0 0 0 0 0 0 0 0 0 0 0 0 0 0 0 0 0 0 0 0 0 0 0 0 0 0 0
  0 0 0 0 0 0 0 0 0 0 0 0 0 0 0 0 0 0 0 0 0 0 0 0 0 0 0 0 0 0 0 0 0 0 0 0 0 0 0
  0 0 0 0 0 0 0 0 0 0 0 0 0 0 0 0 0 0 0 0 0 0 0 0 0 0 0 0 0 0 0 0 0 0 0 0 0 0 0
  0 0 0 0 0 0 0 0 0 0 0 0 0 0 0 0 0 0 0 0 0 0 0 0 0 0 0 0 0 0 0 0 0 0 0 0 0 0 0
  0 0 0 0 0 0 0 0 0 0 0 0 0 0 0 0 0 0 0 0 0 0 0 0 0 0 0 0 0 0 0 0 0 0 0 0 0 0 0
  0 0 0 0 0 0 0 0 0 0 0 0 0 0 0 0 0 0 0 0 0 0 0 0 0 0 0 0 0 0 0 0 0 0 0 0 0 0 0
  0 0 0 0 0 0 0 0 0 0 0 0 0 0 0 0 0 0 0 0 0 0 0 0 0 0 0 0 0 0 0 0 0 0 0 0 0 0 0
  0 0 0 0 0 0 0 0 0 0 0 0 0 0 0 0 0 0 0 0 0 0 0 0 0 0 0 0 0 0 0 0 0 0 0 0 0 0 0
  0 0 0 0 0 0 0 0 0 0 0 0 0 0 0 0 0 0 0 0 0 0 0 0 0 0 0 0 0 0 0 0 0 0 0 0 0 0 0
  0 0 0 0 0 0 0 0 0 0 0 0 0 0 0 0 0 0 0 0 0 0 0 0 0 0 0 0 0 0 0 0 0 0 0 0 0 0 0
  0 0 0 0 0 0 0 0 0 0 0 0 0 0 0 0 0 0 0 0 0 0 0 0 0 0 0 0 0 0 0 0 0 0 0 0 0 0 0
  0 0 0 0 0 0 0 0 0 0 0 0 0 0 0 0 0 0 0 0 0 0 0 0 0 0 0 0 0 0 0 0 0 0 0 0 0 0 0
  0 0 0 0 0 0 0 0 0 0 0 0 0 0 0 0 0 0 0 0 0 0 0 0 0 0 0 0 0 0 0 0 0 0 0 0 0 0 0
  0 0 0 0 0 0 0 0 0 0 0 0 0 0 0 0 0 0 0 0 0 0 0 0 0 0 0 0 0 0 0 0 0 0 0 0 0 0 0
  0 0 0 0 0 0 0 0 0 0 0 0 0 0 0 0 0 0 0 0 0 0 0 0 0 0 0 0 0 0 0 0 0 0 0 0 0 0 0
  0 0 0 0 0 0 0 0 0 0 0 0 0 0 0 0 0 0 0 0 0 0 0 0 0 0 0 0 0 0 0 0 0 0 0 0 0 0 0
  0 0 0 0 0 0 0 0 0 0 0 0 0 0 0 0 0 0 0 0 0 0 0 0 0 0 0 0 0 0 0 0 0 0 0 0 0 0 0
  0 0 0 0 0 0 0 0 0 0 0 0 0 0 0 0 0 0 0 0 0 0 0 0 0 0 0 0 0 0 0 0 0 0 0 0 0 0 0
  0 0 0 0 0 0 0 0 0 0 0 0 0 0 0 0 0 0 0 0 0 0 0 0 0 0 0 0 0 0 0 0 0 0 0 0 0 0 0
  0 0 0 0 0 0 0 0 0 0 0 0 0 0 0 0 0 0 0 0 0 0 0 0 0 0 0 0 0 0 0 0 0 0 0 0 0 0 0
  0 0 0 0 0 0 0 0 0 0 0 0 0 0 0 0 0 0 0 0 0 0 0 0 0 0 0 0 0 0 0 0 0 0 0 0 0 0 0
  0 0 0 0 0 0 0 0 0 0 0 0 0 0 0 0 0 0 0 0 0 0 0 0 0 0 0 0 0 0 0 0 0 0 0 0 0 0 0
  0 0 0 0 0 0 0 0 0 0 0 0 0 0 0 0 0 0 0 0 0 0 0 0 0 0 0 0 0 0 0 0 0 0 0 0 0 0 0
  0 0 0 0 0 0 0 0 0 0 0 0 0 0 0 0 0 0 0 0 0 0 0 0 0 0 0 0 0 0 0 0 0 0 0 0 0 0 0
  0 0 0 0 0 0 0 0 0 0 0 0 0 0 0 0 0 0 0 0 0 0 0 0 0 0 0 0 0 0 0 0 0 0 0 0 0 0 0
  0 0 0 0 0 0 0 0 0 0 0 0 0 0 0 0 0 0 0 0 0 0 0 0 0 0 0 0 0 0 0 0 0 0 0 0 0 0 0
  0 0 0 0 0 0 0 0 0 0 0 0 0 0 0 0 0 0 0 0 0 0 0 0 0 0 0 0 0 0 0 0 0 0 0 0 0 0 0
  0 0 0 0 0 0 0 0 0 0 0 0 0 0 0 0 0 0 0 0 0 0 0 0 0 0 0 0 0 0 0 0 0 0 0 0 0 0 0
  0 0 0 0 0 0 0 0 0 0 0 0 0 0 0 0 0 0 0 0 0 0 0 0 0 0 0 0 0 0 0 0 0 0 0 0 0 0 0
  0 0 0 0 0 0 0 0 0 0 0 0 0 0 0 0 0 0 0 0 0 0 0 0 0 0 0 0 0 0 0 0 0 0 0 0 0 0 0
  0 0 0 0 0 0 0 0 0 0 0 0 0 0 0 0 0 0 0 0 0 0 0 0 0 0 0 0 0 0 0 0 0 0 0 0 0 0 0
  0 0 0 0 0 0 0 0 0 0 0 0 0 0 0 0 0 0 0 0 0 0 0 0 0 0 0 0 0 0 0 0 0 0 0 0 0 0 0
  0 0 0 0 0 0 0 0 0 0 0 0 0 0 0 0 0 0 0 0 0 0 0 0 0 0 0 0 0 0 0 0 0 0 0 0 0 0 0
  0 0 0 0 0 0 0 0 0 0 0 0 0 0 0 0 0 0 0 0 0 0 0 0 0 0 0 0 0 0 0 0 0 0 0 0 0 0 0
  0 0 0 0 0 0 0 0 0 0 0 0 0 0 0 0 0 0 0 0 0 0 0 0 0 0 0 0 0 0 0 0 0 0 0 0 0 0 0
  0 0 0 0 0 0 0 0 0 0 0 0 0 0 0 0 0 0 0 0 0 0 0 0 0 0 0 0 0 0 0 0 0 0 0 0 0 0 0
  0 0 0 0 0 0 0 0 0 0 0 0 0 0 0 0 0 0 0 0 0 0 0 0 0 0 0 0 0 0 0 0 0 0 0 0 0 0 0
  0 0 0 0 0 0 0 0 0 0 0 0 0 0 0 0 0 0 0 0 0 0 0 0 0 0 0 0 0 0 0 0 0 0 0 0 0 0 0
  0 0 0 0 0 0 0 0 0 0 0 0 0 0 0 0 0 0 0 0 0 0 0 0 0 0 0 0 0 0 0 0 0 0 0 0 0 0 0
  0 0 0 0 0 0 0 0 0 0 0 0 0 0 0 0 0 0 0 0 0 0 0 0 0 0 0 0 0 0 0 0 0 0 0 0 0 0 0
  0 0 0 0 0 0 0 0 0 0 0 0 0 0 0 0 0 0 0 0 0 0 0 0 0 0 0 0 0 0 0 0 0 0 0 0 0 0 0
  0 0 0 0 0 0 0 0 0 0 0 0 0 0 0 0 0 0 0 0 0 0 0 0 0 0 0 0 0 0 0 0 0 0 0 0 0 0 0
  0 0 0 0 0 0 0 0 0 0 0 0 0 0 0 0 0 0 0 0 0 0 0 0 0 0 0 0 0 0 0 0 0 0 0 0 0 0 0
  0 0 0 0 0 0 0 0 0 0 0 0 0 0 0 0 0 0 0 0 0 0 0 0 0 0 0 0 0 0 0 0 0 0 0 0 0 0 0
  0 0 0 0 0 0 0 0 0 0 0 0 0 0 0 0 0 0 0 0 0 0 0 0 0 0 0 0 0 0 0 0 0 0 0 0 0 0 0
  0 0 0 0 0 0 0 0 0 0 0 0 0 0 0 0 0 0 0 0 0 0 0 0 0 0 0 0 0 0 0 0 0 0 0 0 0 0 0
  0 0 0 0 0 0 0 0 0 0 0 0 0 0 0 0 0 0 0 0 0 0 0 0 0 0 0 0 0 0 0 0 0 0 0 0 0 0 0
  0 0 0 0 0 0 0 0 0 0 0 0 0 0 0 0 0 0 0 0 0 0 0 0 0 0 0 0 0 0 0 0 0 0 0 0 0 0 0
  0 0 0 0 0 0 0 0 0 0 0 0 0 0 0 0 0 0 0 0 0 0 0 0 0 0 0 0 0 0 0 0 0 0 0 0 0 0 0
  0 0 0 0 0 0 0 0 0 0 0 0 0 0 0 0 0 0 0 0 0 0 0 0 0 0 0 0 0 0 0 0 0 0 0 0 0 0 0
  0 0 0 0 0 0 0 0 0 0 0 0 0 0 0 0 0 0 0 0 0 0 0 0 0 0 0 0 0 0 0 0 0 0 0 0 0 0 0
  0 0 0 0 0 0 0 0 0 0 0 0 0 0 0 0 0 0 0 0 0 0 0 0 0 0 0 0 0 0 0 0 0 0 0 0 0 0 0
  0 0 0 0 0 0 0 0 0 0 0 0 0 0 0 0 0 0 0 0 0 0 0 0 0 0 0 0 0 0 0 0 0 0 0 0 0 0 0
  0 0 0 0 0 0 0 0 0 0 0 0 0 0 0 0 0 0 0 0 0 0 0 0 0 0 0 0 0 0 0 0 0 0 0 0 0 0 0
  0 0 0 0 0 0 0 0 0 0 0 0 0 0 0 0 0 0 0 0 0 0 0 0 0 0 0 0 0 0 0 0 0 0 0 0 0 0 0
  0 0 0 0 0 0 0 0 0 0 0 0 0 0 0 0 0 0 0 0 0 0 0 0 0 0 0 0 0 0 0 0 0 0 0 0 0 0 0
  0 0 0 0 0 0 0 0 0 0 0 0 0 0 0 0 0 0 0 0 0 0 0 0 0 0 0 0 0 0 0 0 0 0 0 0 0 0 0
  0 0 0 0 0 0 0 0 0 0 0 0 0 0 0 0 0 0 0 0 0 0 0 0 0 0 0 0 0 0 0 0 0 0 0 0 0 0 0
  0 0 0 0 0 0 0 0 0 0 0 0 0 0 0 0 0 0 0 0 0 0 0 0 0 0 0 0 0 0 0 0 0 0 0 0 0 0 0
  0 0 0 0 0 0 0 0 0 0 0 0 0 0 0 0 0 0 0 0 0 0 0 0 0 0 0 0 0 0 0 0 0 0 0 0 0 0 0
  0 0 0 0 0 0 0 0 0 0 0 0 0 0 0 0 0 0 0 0 0 0 0 0 0 0 0 0 0 0 0 0 0 0 0 0 0 0 0
  0 0 0 0 0 0 0 0 0 0 0 0 0 0 0 0 0 0 0 0 0 0 0 0 0 0 0 0 0 0 0 0 0 0 0 0 0 0 0
  0 0 0 0 0 0 0 0 0 0 0 0 0 0 0 0 0 0 0 0 0 0 0 0 0 0 0 0 0 0 0 0 0 0 0 0 0 0 0
  0 0 0 0 0 0 0 0 0 0 0 0 0 0 0 0 0 0 0 0 0 0 0 0 0 0 0 0 0 0 0 0 0 0 0 0 0 0 0
  0 0 0 0 0 0 0 0 0 0 0 0 0 0 0 0 0 0 0 0 0 0 0 0 0 0 0 0 0 0 0 0 0 0 0 0 0 0 0
  0 0 0 0 0 0 0 0 0 0 0 0 0 0 0 0 0 0 0 0 0 0 0 0 0 0 0 0 0 0 0 0 0 0 0 0 0 0 0
  0 0 0 0 0 0 0 0 0 0 0 0 0 0 0 0 0 0 0 0 0 0 0 0 0 0 0 0 0 0 0 0 0 0 0 0 0 0 0
  0 0 0 0 0 0 0 0 0 0 0 0 0 0 0 0 0 0 0 0 0 0 0 0 0 0 0 0 0 0 0 0 0 0 0 0 0 0 0
  0 0 0 0 0 0 0 0 0 0 0 0 0 0 0 0 0 0 0 0 0 0 0 0 0 0 0 0 0 0 0 0 0 0 0 0 0 0 0
  0 0 0 0 0 0 0 0 0 0 0 0 0 0 0 0 0 0 0 0 0 0 0 0 0 0 0 0 0 0 0 0 0 0 0 0 0 0 0
  0 0 0 0 0 0 0 0 0 0 0 0 0 0 0 0 0 0 0 0 0 0 0 0 0 0 0 0 0 0 0 0 0 0 0 0 0 0 0
  0 0 0 0 0 0 0 0 0 0 0 0 0 0 0 0 0 0 0 0 0 0 0 0 0 0 0 0 0 0 0 0 0 0 0 0 0 0 0
  0 0 0 0 0 0 0 0 0 0 0 0 0 0 0 0 0 0 0 0 0 0 0 0 0 0 0 0 0 0 0 0 0 0 0 0 0 0 0
  0 0 0 0 0 0 0 0 0 0 0 0 0 0 0 0 0 0 0 0 0 0 0 0 0 0 0 0 0 0 0 0 0 0 0 0 0 0 0
  0 0 0 0 0 0 0 0 0 0 0 0 0 0 0 0 0 0 0 0 0 0 0 0 0 0 0 0 0 0 0 0 0 0 0 0 0 0 0
  0 0 0 0 0 0 0 0 0 0 0 0 0 0 0 0 0 0 0 0 0 0 0 0 0 0 0 0 0 0 0 0 0 0 0 0 0 0 0
  0 0 0 0 0 0 0 0 0 0 0 0 0 0 0 0 0 0 0 0 0 0 0 0 0 0 0 0 0 0 0 0 0 0 0 0 0 0 0
  0 0 0 0 0 0 0 0 0 0 0 0 0 0 0 0 0 0 0 0 0 0 0 0 0 0 0 0 0 0 0 0 0 0 0 0 0 0 0
  0 0 0 0 0 0 0 0 0 0 0 0 0 0 0 0 0 0 0 0 0 0 0 0 0 0 0 0 0 0 0 0 0 0 0 0 0 0 0
  0 0 0 0 0 0 0 0 0 0 0 0 0 0 0 0 0 0 0 0 0 0 0 0 0 0 0 0 0 0 0 0 0 0 0 0 0 0 0
  0 0 0 0 0 0 0 0 0 0 0 0 0 0 0 0 0 0 0 0 0 0 0 0 0 0 0 0 0 0 0 0 0 0 0 0 0 0 0
  0 0 0 0 0 0 0 0 0 0 0 0 0 0 0 0 0 0 0 0 0 0 0 0 0 0 0 0 0 0 0 0 0 0 0 0 0 0 0
  0 0 0 0 0 0 0 0 0 0 0 0 0 0 0 0 0 0 0 0 0 0 0 0 0 0 0 0 0 0 0 0 0 0 0 0 0 0 0
  0 0 0 0 0 0 0 0 0 0 0 0 0 0 0 0 0 0 0 0 0 0 0 0 0 0 0 0 0 0 0 0 0 0 0 0 0 0 0
  0 0 0 0 0 0 0 0 0 0 0 0 0 0 0 0 0 0 0 0 0 0 0 0 0 0 0 0 0 0 0 0 0 0 0 0 0 0 0
  0 0 0 0 0 0 0 0 0 0 0 0 0 0 0 0 0 0 0 0 0 0 0 0 0 0 0 0 0 0 0 0 0 0 0 0 0 0 0
  0 0 0 0 0 0 0 0 0 0 0 0 0 0 0 0 0 0 0 0 0 0 0 0 0 0 0 0 0 0 0 0 0 0 0 0 0 0 0
  0 0 0 0 0 0 0 0 0 0 0 0 0 0 0 0 0 0 0 0 0 0 0 0 0 0 0 0 0 0 0 0 0 0 0 0 0 0 0
  0 0 0 0 0 0 0 0 0 0 0 0 0 0 0 0 0 0 0 0 0 0 0 0 0 0 0 0 0 0 0 0 0 0 0 0 0 0 0
  0 0 0 0 0 0 0 0 0 0 0 0 0 0 0 0 0 0 0 0 0 0 0 0 0 0 0 0 0 0 0 0 0 0 0 0 0 0 0
  0 0 0 0 0 0 0 0 0 0 0 0 0 0 0 0 0 0 0 0 0 0 0 0 0 0 0 0 0 0 0 0 0 0 0 0 0 0 0
  0 0 0 0 0 0 0 0 0 0 0 0 0 0 0 0 0 0 0 0 0 0 0 0 0 0 0 0 0 0 0 0 0 0 0 0 0 0 0
  0 0 0 0 0 0 0 0 0 0 0 0 0 0 0 0 0 0 0 0 0 0 0 0 0 0 0 0 0 0 0 0 0 0 0 0 0 0 0
  0 0 0 0 0 0 0 0 0 0 0 0 0 0 0 0 0 0 0 0 0 0 0 0 0 0 0 0 0 0 0 0 0 0 0 0 0 0 0
  0 0 0 0 0 0 0 0 0 0 0 0 0 0 0 0 0 0 0 0 0 0 0 0 0 0 0 0 0 0 0 0 0 0 0 0 0 0 0
  0 0 0 0 0 0 0 0 0 0 0 0 0 0 0 0 0 0 0 0 0 0 0 0 0 0 0 0 0 0 0 0 0 0 0 0 0 0 0
  0 0 0 0 0 0 0 0 0 0 0 0 0 0 0 0 0 0 0 0 0 0 0 0 0 0 0 0 0 0 0 0 0 0 0 0 0 0 0
  0) 
#(13 0 0 14 13 12 13 12 13 14 0 14 15 14 13 12 12 0 0 15 14 13 14 13 14 15 0 13
  14 13 12 11 11 0 0 14 13 14 15 14 13 14 0 14 15 14 13 12 11 0 0 15 14 13 14
  13 14 15 0 13 14 13 12 11 11 0 0 14 13 14 15 14 13 14 0 14 15 14 13 12 11 0 0
  15 14 13 14 13 14 15 0 13 14 13 12 11 11 0 0 14 13 14 15 14 13 14 0 14 15 14
  13 12 11 0 0 15 14 13 14 13 14 15 0 13 14 13 12 11 10 0 0 14 13 14 15 14 13
  14 0 14 15 14 13 12 11 0 0 15 14 13 14 13 14 15 0 13 14 13 12 11 10 0 0 14 13
  14 15 14 13 14 0 14 15 14 13 12 11 0 0 15 14 13 14 13 14 15 0 13 14 13 12 11
  10 0 0 14 13 14 15 14 13 14 0 14 15 14 13 12 11 0 0 15 14 13 14 13 14 15 0 13
  14 13 12 11 10 0 0 14 13 14 15 14 13 0 13 14 15 14 13 12 11 0 0 15 14 13 14
  13 12 0 13 13 14 13 12 11 0 13 13 14 13 12 13 12 0 14 13 14 15 14 13 12 0 13
  14 15 14 13 14 13 0 15 14 13 14 13 12 11 0 13 13 14 13 14 15 14 0 14 13 14 15
  14 13 12 0 13 14 15 14 13 14 13 0 15 14 13 14 13 12 11 0 13 13 14 13 14 15 14
  0 14 13 14 15 14 13 12 0 13 14 15 14 13 14 13 0 15 14 13 14 13 12 11 0 13 13
  14 13 14 15 14 0 14 13 14 15 14 13 12 0 13 14 15 14 13 14 13 0 15 14 13 14 13
  12 11 0 13 13 14 13 14 15 14 0 14 13 14 15 14 13 12 0 13 14 15 14 13 14 13 0
  15 14 13 14 13 12 11 0 13 13 14 13 14 15 14 0 14 13 14 15 14 13 12 0 13 14 15
  14 13 14 13 0 15 14 13 14 13 12 11 0 13 13 14 13 14 15 14 0 14 13 14 15 14 13
  12 0 13 14 15 14 13 14 13 0 15 14 13 14 13 12 11 0 13 13 14 13 14 15 14 0 14
  13 14 15 14 13 12 0 13 14 15 14 13 14 13 0 15 14 13 14 13 12 11 15 14 13 14
  13 12 13 0 13 14 13 14 15 14 13 12 14 13 14 15 14 13 14 0 14 15 14 13 14 13
  12 11 15 14 13 14 13 14 15 0 13 14 13 14 15 14 13 12 14 13 14 15 14 13 14 0
  14 15 14 13 14 13 12 11 15 14 13 14 13 14 15 0 13 14 13 14 15 14 13 12 14 13
  14 15 14 13 14 0 14 15 14 13 14 13 12 11 15 14 13 14 13 14 15 0 13 14 13 14
  15 14 13 12 14 13 14 15 14 13 14 0 14 15 14 13 14 13 12 11 15 14 13 14 13 14
  15 0 13 14 13 14 15 14 13 12 14 13 14 15 14 13 14 0 14 15 14 13 14 13 12 11
  15 14 13 14 13 14 15 0 13 14 13 14 15 14 13 12 14 13 14 15 14 13 14 0 14 15
  14 13 14 13 12 11 15 14 13 14 13 14 15 0 13 14 13 14 15 14 13 12 14 13 14 15
  14 13 14 0 14 15 14 13 14 13 12 11 15 14 13 14 13 14 15 0 13 14 13 14 15 14
  13 12 14 13 14 15 14 13 14 0 14 15 14 13 14 13 12 11 15 14 13 14 13 0 13 12
  13 14 13 14 15 14 13 12 14 13 14 15 14 0 14 13 14 15 14 13 14 13 12 11 15 14
  13 14 13 0 15 14 13 14 13 14 15 14 13 12 14 13 14 15 14 0 14 13 14 15 14 13
  14 13 12 11 15 14 13 14 13 0 15 14 13 14 13 14 15 14 13 12 14 13 14 15 14 0
  14 13 14 15 14 13 14 13 12 11 15 14 13 14 13 0 15 14 13 14 13 14 15 14 13 12
  14 13 14 15 14 0 14 13 14 15 14 13 14 13 12 11 15 14 13 14 13 0 15 14 13 14
  13 14 15 14 13 12 14 13 14 15 14 0 14 13 14 15 14 13 14 13 12 11 15 14 13 14
  13 0 15 14 13 14 13 14 15 14 13 12 14 13 14 15 14 0 14 13 14 15 14 13 14 13
  12 11 15 14 13 14 13 0 15 14 13 14 13 14 15 14 13 12 14 13 14 15 14 0 14 13
  14 15 14 13 14 13 12 11 15 14 13 14 13 0 15 14 13 14 13 14 15 14 13 12 14 13
  14 15 14 0 14 13 14 15 14 13 14 13 12 11 15 14 13 14 0 14 13 12 13 14 13 14
  15 14 13 12 14 13 14 15 0 15 14 13 14 15 14 13 14 13 12 11 15 14 13 14 0 14
  15 14 13 14 13 14 15 14 13 12 14 13 14 15 0 13 14 13 14 15 14 13 14 13 12 11
  15 14 13 14 0 14 15 14 13 14 13 14 15 14 13 12 14 13 14 15 0 13 14 13 14 15
  14 13 14 13 12 11 15 14 13 14 0 14 15 14 13 14 13 14 15 14 13 12 14 13 14 15
  0 13 14 13 14 15 14 13 14 13 12 11 15 14 13 14 0 14 15 14 13 14 13 14 15 14
  13 12 14 13 14 15 0 13 14 13 14 15 14 13 14 13 12 11 15 14 13 14 0 14 15 14
  13 14 13 14 15 14 13 12 14 13 14 15 0 13 14 13 14 15 14 13 14 13 12 11 15 14
  13 14 0 14 15 14 13 14 13 14 15 14 13 12 14 13 14 15 0 13 14 13 14 15 14 13
  14 13 12 11 15 14 13 14 0 14 15 14 13 14 13 14 15 14 13 12 14 13 14 15 0 13
  14 13 14 15 14 13 14 13 12 11 15 14 0 14 15 14 13 12 13 14 13 14 15 14 13 12
  14 13 0 15 14 15 14 13 14 15 14 13 14 13 12 11 15 14 0 14 15 14 15 14 13 14
  13 14 15 14 13 12 14 13 0 15 14 13 14 13 14 15 14 13 14 13 12 11 15 14 0 14
  15 14 15 14 13 14 13 14 15 14 13 12 14 13 0 15 14 13 14 13 14 15 14 13 14 13
  12 11 15 14 0 14 15 14 15 14 13 14 13 14 15 14 13 12 14 13 0 15 14 13 14 13
  14 15 14 13 14 13 12 11 15 14 0 14 15 14 15 14 13 14 13 14 15 14 13 12 14 13
  0 15 14 13 14 13 14 15 14 13 14 13 12 11 15 14 0 14 15 14 15 14 13 14 13 14
  15 14 13 12 14 13 0 15 14 13 14 13 14 15 14 13 14 13 12 11 15 14 0 14 15 14
  15 14 13 14 13 14 15 14 13 12 14 13 0 15 14 13 14 13 14 15 14 13 14 13 12 11
  15 14 0 14 15 14 15 14 13 14 13 14 15 14 13 12 14 13 0 15 14 13 14 13 14 15
  14 13 14 13 12 11 15 0 15 14 15 14 13 12 13 14 13 14 15 14 13 12 14 0 14 15
  14 15 14 13 14 15 14 13 14 13 12 11 15 0 15 14 15 14 15 14 13 14 13 14 15 14
  13 12 14 0 14 15 14 13 14 13 14 15 14 13 14 13 12 11 15 0 15 14 15 14 15 14
  13 14 13 14 15 14 13 12 14 0 14 15 14 13 14 13 14 15 14 13 14 13 12 11 15 0
  15 14 15 14 15 14 13 14 13 14 15 14 13 12 14 0 14 15 14 13 14 13 14 15 14 13
  14 13 12 11 15 0 15 14 15 14 15 14 13 14 13 14 15 14 13 12 14 0 14 15 14 13
  14 13 14 15 14 13 14 13 12 11 15 0 15 14 15 14 15 14 13 14 13 14 15 14 13 12
  14 0 14 15 14 13 14 13 14 15 14 13 14 13 12 11 15 0 15 14 15 14 15 14 13 14
  13 14 15 14 13 12 14 0 14 15 14 13 14 13 14 15 14 13 14 13 12 11 15 0 15 14
  15 14 15 14 13 14 13 14 15 14 13 12 14 0 14 15 14 13 14 13 14 15 14 13 14 13
  12 11 15 14 15 14 15 14 13 12 13 14 13 14 15 14 13 12 14 15 14 15 14 15 14 13
  14 15 14 13 14 13 12 11 15 14 15 14 15 14 15 14 13 14 13 14 15 14 13 12 14 15
  14 15 14 13 14 13 14 15 14 13 14 13 12 11 15 14 15 14 15 14 15 14 13 14 13 14
  15 14 13 12 14 15 14 15 14 13 14 13 14 15 14 13 14 13 12 11 15 14 15 14 15 14
  15 14 13 14 13 14 15 14 13 12 14 15 14 15 14 13 14 13 14 15 14 13 14 13 12 11
  15 14 15 14 15 14 15 14 13 14 13 14 15 14 13 12 14 15 14 15 14 13 14 13 14 15
  14 13 14 13 12 11 15 14 15 14 15 14 15 14 13 14 13 14 15 14 13 12 14 15 14 15
  14 13 14 13 14 15 14 13 14 13 12 11 15 14 15 14 15 14 15 14 13 14 13 14 15 14
  13 12 14 15 14 15 14 13 14 13 14 15 14 13 14 13 12 11 15 14 15 14 15 14 15 14
  13 14 13 14 15 14 13 12 14 15 14 15 14 13 14 13 14 15 14 13 14 13 12 11 15 14
  15 14 15 14 13 12 13 14 13 14 15 14 13 13 14 15 14 15 14 15 14 13 14 15 14 13
  14 13 12 12 15 14 15 14 15 14 15 14 13 14 13 14 15 14 13 13 14 15 14 15 14 13
  14 13 14 15 14 13 14 13 12 12 15 14 15 14 15 14 15 14 13 14 13 14 15 14 13 12
  14 15 14 15 14 13 14 13 14 15 14 13 14 13 12 11 15 14 15 14 15 14 15 14 13 14
  13 14 15 14 13 12 14 15 14 15 14 13 14 13 14 15 14 13 14 13 12 11 15 14 15 14
  15 14 15 14 13 14 13 14 15 14 13 12 14 15 14 15 14 13 14 13 14 15 14 13 14 13
  12 11 15 14 15 14 15 14 15 14 13 14 13 14 15 14 13 12 14 15 14 15 14 13 14 13
  14 15 14 13 14 13 12 11 15 14 15 14 15 14 15 14 13 14 13 14 15 14 13 12 14 15
  14 15 14 13 14 13 14 15 14 13 14 13 12 11 15 14 15 14 15 14 15 14 13 14 13 14
  15 14 13 12 14 15 14 15 14 13 14 13 14 15 14 13 14 13 12 11 15 14 15 14 15 14
  13 12 13 14 13 14 15 14 0 14 14 15 14 15 14 15 14 13 14 15 14 13 14 13 0 13
  15 14 15 14 15 14 15 14 13 14 13 14 15 14 0 14 14 15 14 15 14 13 14 13 14 15
  14 13 14 13 0 13 15 14 15 14 15 14 15 14 13 14 13 14 15 14 0 13 14 15 14 15
  14 13 14 13 14 15 14 13 14 13 0 12 15 14 15 14 15 14 15 14 13 14 13 14 15 14
  0 13 14 15 14 15 14 13 14 13 14 15 14 13 14 13 0 12 15 14 15 14 15 14 15 14
  13 14 13 14 15 14 0 13 14 15 14 15 14 13 14 13 14 15 14 13 14 13 0 12 15 14
  15 14 15 14 15 14 13 14 13 14 15 14 0 13 14 15 14 15 14 13 14 13 14 15 14 13
  14 13 0 12 15 14 15 14 15 14 15 14 13 14 13 14 15 14 0 13 14 15 14 15 14 13
  14 13 14 15 14 13 14 13 0 12 15 14 15 14 15 14 15 14 13 14 13 14 15 14 0 13
  14 15 14 15 14 13 14 13 14 15 14 13 14 13 0 12 15 14 15 14 15 14 13 12 13 14
  13 14 15 0 13 14 14 15 14 15 14 15 14 13 14 15 14 13 14 0 12 13 15 14 15 14
  15 14 15 14 13 14 13 14 15 0 13 14 14 15 14 15 14 13 14 13 14 15 14 13 14 0
  12 13 15 14 15 14 15 14 15 14 13 14 13 14 15 0 13 14 14 15 14 15 14 13 14 13
  14 15 14 13 14 0 12 13 15 14 15 14 15 14 15 14 13 14 13 14 15 0 13 14 14 15
  14 15 14 13 14 13 14 15 14 13 14 0 12 13 15 14 15 14 15 14 15 14 13 14 13 14
  15 0 13 14 14 15 14 15 14 13 14 13 14 15 14 13 14 0 12 13 15 14 15 14 15 14
  15 14 13 14 13 14 15 0 13 14 14 15 14 15 14 13 14 13 14 15 14 13 14 0 12 13
  15 14 15 14 15 14 15 14 13 14 13 14 15 0 13 14 14 15 14 15 14 13 14 13 14 15
  14 13 14 0 12 13 15 14 15 14 15 14 15 14 13 14 13 14 15 0 13 14 14 15 14 15
  14 13 14 13 14 15 14 13 14 0 12 13 15 14 15 14 15 14 13 12 13 14 13 0 15 14
  13 14 14 15 14 15 14 15 14 13 14 15 14 0 14 13 12 13 15 14 15 14 15 14 15 14
  13 14 13 0 15 14 13 14 14 15 14 15 14 13 14 13 14 15 14 0 14 13 12 13 15 14
  15 14 15 14 15 14 13 14 13 0 15 14 13 14 14 15 14 15 14 13 14 13 14 15 14 0
  14 13 12 13 15 14 15 14 15 14 15 14 13 14 13 0 15 14 13 14 14 15 14 15 14 13
  14 13 14 15 14 0 14 13 12 13 15 14 15 14 15 14 15 14 13 14 13 0 15 14 13 14
  14 15 14 15 14 13 14 13 14 15 14 0 14 13 12 13 15 14 15 14 15 14 15 14 13 14
  13 0 15 14 13 14 14 15 14 15 14 13 14 13 14 15 14 0 14 13 12 13 15 14 15 14
  15 14 15 14 13 14 13 0 15 14 13 14 14 15 14 15 14 13 14 13 14 15 14 0 14 13
  12 13 15 14 15 14 15 14 15 14 13 14 13 0 15 14 13 14 14 15 14 15 14 13 14 13
  14 15 14 0 14 13 12 13 15 14 15 14 15 14 13 12 13 14 0 14 15 14 13 14 14 15
  14 15 14 15 14 13 14 15 0 15 14 13 12 13 15 14 15 14 15 14 15 14 13 14 0 14
  15 14 13 14 14 15 14 15 14 13 14 13 14 15 0 15 14 13 12 13 15 14 15 14 15 14
  15 14 13 14 0 14 15 14 13 14 14 15 14 15 14 13 14 13 14 15 0 15 14 13 12 13
  15 14 15 14 15 14 15 14 13 14 0 14 15 14 13 14 14 15 14 15 14 13 14 13 14 15
  0 15 14 13 12 13 15 14 15 14 15 14 15 14 13 14 0 14 15 14 13 14 14 15 14 15
  14 13 14 13 14 15 0 15 14 13 12 13 15 14 15 14 15 14 15 14 13 14 0 14 15 14
  13 14 14 15 14 15 14 13 14 13 14 15 0 15 14 13 12 13 15 14 15 14 15 14 15 14
  13 14 0 14 15 14 13 14 14 15 14 15 14 13 14 13 14 15 0 15 14 13 12 13 15 14
  15 14 15 14 15 14 13 14 0 14 15 14 13 14 14 15 14 15 14 13 14 13 14 15 0 15
  14 13 12 13 15 14 15 14 15 14 13 12 0 14 15 14 15 14 13 14 14 15 14 15 14 15
  14 13 0 15 14 15 14 13 12 13 15 14 15 14 15 14 15 14 0 14 15 14 15 14 13 14
  14 15 14 15 14 13 14 13 0 15 14 15 14 13 12 13 15 14 15 14 15 14 15 14 0 14
  15 14 15 14 13 14 14 15 14 15 14 13 14 13 0 15 14 15 14 13 12 13 15 14 15 14
  15 14 15 14 0 14 15 14 15 14 13 14 14 15 14 15 14 13 14 13 0 15 14 15 14 13
  12 13 15 14 15 14 15 14 15 14 0 14 15 14 15 14 13 14 14 15 14 15 14 13 14 13
  0 15 14 15 14 13 12 13 15 14 15 14 15 14 15 14 0 14 15 14 15 14 13 14 14 15
  14 15 14 13 14 13 0 15 14 15 14 13 12 13 15 14 15 14 15 14 15 14 0 14 15 14
  15 14 13 14 14 15 14 15 14 13 14 13 0 15 14 15 14 13 12 13 15 14 15 14 15 14
  15 14 0 14 15 14 15 14 13 14 14 15 14 15 14 13 14 13 0 15 14 15 14 13 12 13
  15 14 15 14 15 14 13 0 15 14 15 14 15 14 13 0 14 15 14 15 14 15 14 0 14 15 14
  15 14 13 12 0 15 14 15 14 15 14 15 0 15 14 15 14 15 14 13 0 14 15 14 15 14 13
  14 0 14 15 14 15 14 13 12 0 15 14 15 14 15 14 15 0 15 14 15 14 15 14 13 0 14
  15 14 15 14 13 14 0 14 15 14 15 14 13 12 0 15 14 15 14 15 14 15 0 15 14 15 14
  15 14 13 0 14 15 14 15 14 13 14 0 14 15 14 15 14 13 12 0 15 14 15 14 15 14 15
  0 15 14 15 14 15 14 13 0 14 15 14 15 14 13 14 0 14 15 14 15 14 13 12 0 15 14
  15 14 15 14 15 0 15 14 15 14 15 14 13 0 14 15 14 15 14 13 14 0 14 15 14 15 14
  13 12 0 15 14 15 14 15 14 15 0 15 14 15 14 15 14 13 0 14 15 14 15 14 13 14 0
  14 15 14 15 14 13 12 0 15 14 15 14 15 14 15 0 15 14 15 14 15 14 13 0 14 15 14
  15 14 13 14 0 14 15 14 15 14 13 12 0 15 14 15 14 15 14 0 14 15 14 15 14 15 0
  0 14 14 15 14 15 14 15 0 15 14 15 14 15 14 0 0 15 15 14 15 14 15 0 15 14 15
  14 15 14 15 0 0 14 14 15 14 15 14 0 14 15 14 15 14 15 14 0 0 15 15 14 15 14
  15 0 15 14 15 14 15 14 15 0 0 14 14 15 14 15 14 0 14 15 14 15 14 15 14 0 0 15
  15 14 15 14 15 0 15 14 15 14 15 14 15 0 0 14 14 15 14 15 14 0 14 15 14 15 14
  15 14 0 0 15 15 14 15 14 15 0 15 14 15 14 15 14 15 0 0 14 14 15 14 15 14 0 14
  15 14 15 14 15 14 0 0 15 15 14 15 14 15 0 15 14 15 14 15 14 15 0 0 14 14 15
  14 15 14 0 14 15 14 15 14 15 14 0 0 15 15 14 15 14 15 0 15 14 15 14 15 14 15
  0 0 14 14 15 14 15 14 0 14 15 14 15 14 15 14 0 0 15 15 14 15 14 15 0 15 14 15
  14 15 14 15 0 0 14 14 15 14 15 14 0 14 15 14 15 14 15 14 0 0 15) 