
#(0 0 0 0 58 0 0 0 0 0 0 0 0 0 0 0 0 0 0 0 58 0 0 0 0 0 0 0 0 0 0 0 0 0 0 0 58
  0 0 0 0 0 0 0 0 0 0 0 0 0 0 0 58 0 0 0 0 0 0 0 0 0 0 0 0 0 0 0 49 0 0 0 49 0
  0 0 0 0 0 0 0 0 0 0 0 0 0 0 58 0 0 0 0 0 0 0 0 0 0 58 0 0 0 0 58 0 0 0 0 0 0
  0 0 0 0 49 0 0 0 0 0 0 0 0 0 0 0 0 0 0 49 0 0 0 0 49 0 0 0 0 0 0 0 0 0 0 0 0
  0 0 0 58 0 0 0 0 0 0 0 0 0 58 0 0 0 0 0 0 0 0 0 0 0 0 0 0 0 49 0 0 0 0 49 0 0
  0 0 0 0 0 0 0 58 0 0 0 0 49 58 0 0 0 0 0 0 0 0 0 58 0 0 0 0 58 1 0 0 0 0 0 0
  0 0 0 49 0 0 0 0 0 0 0 0 0 0 0 0 0 0 0 0 0 0 0 49 0 0 0 0 0 0 0 0 0 0 0 0 0 0
  0 0 0 0 0 58 0 0 0 0 0 0 0 0 0 0 0 0 0 0 0 58 0 0 0 0 0 0 0 0 0 0 0 0 0 0 0
  58 0 0 0 0 0 0 0 0 0 0 58 0 0 0 0 58 0 0 0 0 0 0 0 0 0 0 58 0 0 0 0 0 0 0 0 0
  0 0 0 0 0 0 49 0 0 0 49 0 0 0 0 0 0 0 0 0 0 58 0 0 0 0 58 0 0 0 0 0 0 0 0 0 0
  49 0 0 0 0 58 0 0 0 0 0 0 0 0 0 58 0 0 0 0 0 0 0 0 0 0 0 0 0 0 0 49 0 0 0 0
  49 0 0 0 0 0 0 0 0 0 58 0 0 0 0 0 58 0 0 0 0 0 0 0 0 0 49 0 0 0 0 49 58 0 0 0
  0 0 0 0 0 0 0 0 0 0 0 0 0 0 0 0 0 0 0 0 0 0 0 0 0 0 49 0 0 0 0 0 0 0 0 0 0 0
  0 0 0 0 58 0 0 0 0 0 0 0 0 0 0 0 0 0 0 49 0 0 0 0 0 0 0 0 0 0 0 0 0 0 0 58 0
  0 0 49 58 0 0 0 0 0 0 0 0 0 0 58 0 0 0 58 58 0 0 0 0 0 0 0 0 0 0 49 0 0 0 58
  1 1 0 0 0 0 0 0 0 0 0 0 0 0 0 58 58 1 0 0 0 0 0 0 0 0 0 0 0 0 0 58 0 0 0 0 0
  0 0 0 0 0 49 0 0 0 0 0 0 0 0 0 0 0 0 0 0 0 0 0 0 0 49 0 0 0 0 0 0 0 0 0 0 49
  0 0 0 0 58 0 0 0 0 0 0 0 0 0 0 0 0 0 0 0 58 0 0 0 0 0 0 0 0 0 49 0 0 0 0 49
  58 0 0 0 0 0 0 0 0 0 0 0 0 0 0 58 58 0 0 0 0 0 0 0 0 0 0 0 0 0 49 58 1 1 0 0
  0 0 0 0 0 0 0 0 0 0 58 0 1 1 0 0 0 0 0 0 0 0 0 0 0 49 1 1 58 1 0 0 0 0 0 0 0
  0 0 0 0 58 1 0 0 0 0 0 0 0 0 0 0 58 0 0 0 0 0 0 0 0 0 0 0 0 0 0 0 58 0 0 58 0
  0 0 0 0 1 0 0 0 0 0 0 0 0 0 58 0 0 0 0 0 0 0 0 0 0 0 0 0 0 0 58 0 0 0 0 0 0 0
  0 0 0 0 0 0 0 0 58 0 0 0 49 0 0 0 0 0 0 0 0 0 0 0 49 0 0 0 58 0 0 0 0 0 0 0 0
  0 0 58 0 0 0 0 58 0 0 0 0 0 0 0 0 0 0 49 0 0 0 0 0 0 0 0 0 0 0 0 0 1 58 0 0 0
  0 49 0 0 0 0 0 0 0 0 0 0 49 0 0 0 0 58 0 0 0 0 0 0 0 0 0 0 0 0 0 0 49 1 0 0 0
  0 0 0 0 0 0 0 0 0 0 0 58 0 0 0 0 0 0 0 0 0 0 1 0 0 0 0 0 0 0 0 0 0 0 0 0 0 0
  58 0 0 0 49 0 0 0 0 0 0 0 0 0 0 1 58 0 0 0 0 0 0 1 0 0 0 0 0 0 0 1 49 0 0 49
  0 0 0 0 0 0 0 0 0 0 0 0 0 0 0 58 0 0 0 0 0 0 0 0 0 0 0 0 0 0 0 0 0 0 0 58 58
  58 0 0 0 0 0 0 0 0 0 0 0 0 0 58 58 1 0 0 0 0 0 0 0 0 0 0 0 0 0 58 0 0 0 0 0 0
  0 0 0 0 58 0 0 0 0 0 0 0 0 0 0 0 0 0 0 0 49 0 0 0 0 0 0 0 0 0 0 0 0 0 0 58 0
  0 0 0 49 0 0 0 0 0 0 0 0 0 0 49 0 0 0 0 58 0 0 0 0 0 0 0 0 0 0 0 0 0 0 0 0 0
  0 0 0 0 0 0 0 0 0 0 0 0 0 49 0 0 0 0 0 0 0 0 0 0 0 0 0 0 0 0 0 0 0 0 0 0 0 0
  0 0 0 0 0 0 49 0 0 0 0 0 0 0 0 0 0 0 49 0 0 0 58 0 0 0 0 0 0 0 0 0 0 0 0 0 0
  49 58 0 0 0 0 0 0 0 0 0 0 58 0 0 0 58 0 0 0 0 0 0 0 0 0 0 0 58 0 0 0 0 0 0 0
  0 0 0 0 0 0 0 0 58 0 0 0 1 0 0 0 0 0 0 0 0 0 0 0 49 0 0 58 0 0 0 58 1 1 1 0 0
  0 0 0 0 0 0 58 0 0 0 58 58 1 0 0 0 0 0 0 0 0 0 49 0 0 0 58 0 0 0 0 0 0 0 0 0
  0 0 0 0 0 0 58 0 0 0 0 0 0 0 0 0 0 49 0 0 0 0 58 0 0 0 0 0 0 0 0 0 0 0 0 0 0
  0 0 0 0 0 0 0 0 0 0 0 0 0 0 0 0 49 0 0 0 0 0 0 0 0 0 0 0 0 0 0 0 58 0 0 0 0 0
  0 0 0 0 0 0 0 0 0 49 1 0 0 0 0 0 0 0 0 0 0 58 0 0 0 58 0 0 0 0 0 0 0 0 0 0 1
  49 0 0 0 0 0 0 0 0 0 0 0 0 0 0 58 0 0 0 49 0 0 0 0 0 0 0 0 0 0 0 49 0 0 0 0 1
  0 0 0 0 0 0 0 0 0 0 0 0 0 49 0 1 0 0 0 0 0 0 0 0 0 58 0 0 0 58 1 1 0 0 0 0 0
  0 0 0 0 58 0 0 0 58 58 0 0 0 0 0 0 0 0 0 0 58 0 0 58 0 0 0 0 0 1 58 1 0 0 0 0
  0 0 0 58 0 0 0 0 0 0 0 0 0 0 0 0 0 0 0 58 0 0 0 0 0 0 0 0 0 0 0 0 0 0 0 49 0
  0 0 49 1 0 0 0 0 0 0 0 0 0 0 0 0 0 0 58 1 0 0 0 0 0 0 0 0 0 0 0 0 0 0 58 0 0
  0 0 0 0 0 0 0 0 58 0 0 0 0 0 0 0 0 0 0 0 0 0 0 0 58 0 0 0 49 0 0 0 0 0 0 0 0
  0 0 0 49 0 0 0 0 0 0 0 0 0 0 0 0 0 0 58 0 0 0 49 0 0 0 0 0 0 0 0 0 0 0 49 0 0
  0 58 0 0 0 0 0 0 0 0 0 0 0 0 0 0 49 0 0 0 0 0 0 0 0 0 0 0 58 0 0 0 58 0 1 0 0
  0 0 0 0 0 0 0 49 0 0 0 0 0 1 0 0 0 0 0 0 0 0 0 0 0 0 0 0 0 0 0 0 0 0 0 0 0 0
  0 0 0 0 0 0 0 0 0 0 0 0 0 0 0 0 0 0 0 0 0 0 0 0 58 0 0 0 0 0 0 0 0 0 0 58 0 0
  0 0 58 0 0 0 0 0 0 0 0 0 0 58 0 0 0 0 58 0 0 0 0 0 0 0 0 0 0 58 0 0 0 0 0 0 0
  0 0 0 0 0 0 0 0 58 0 0 0 0 1 0 0 0 0 0 0 0 0 0 0 49 0 0 0 49 58 0 0 0 0 0 0 0
  0 0 0 0 0 0 0 58 0 0 0 0 0 0 0 0 0 1 0 0 0 0 49 0 0 0 0 0 0 0 0 0 0 0 49 0 0
  0 58 0 0 0 0 0 0 0 0 0 0 0 0 0 0 49 1 0 0 0 0 0 0 0 0 0 0 58 0 0 0 58 1 0 0 0
  0 0 0 0 0 1 58 49 0 0 0 0 0 0 0 0 0 0 0 0 0 1 58 0 0 0 0 0 0 0 0 0 0 0 0 0 0
  0 58 0 0 0 0 0 0 0 0 0 0 0 0 0 0 0 58 0 0 0 0 0 0 0 0 0 0 0 0 0 0 0 58 0 0 0
  0 0 0 0 0 0 0 0 0 0 0 0 58 0 0 0 0 0 0 58 0 0 0 0 0 0 0 0 0 0 0 0 0 0 0 58 0
  0 0 0 0 0 0 0 0 0 0 0 0 0 0 58 0 0 0 0 0 0 0 0 0 0 0 0 0 0 0 58 0 0 0 0 0 0 0
  0 0 0 0 0 0 0 0 58 1 0 0 0 0 0 0 0 0 0 0 0 0 0 49 58 1 0 0 0 0 0 0 0 0 1 58 0
  0 0 58 0 0 0 0 0 0 0 0 0 0 1 49 0 0 0 0 0 0 0 0 0 0 0 0 0 0 58 0 0 0 49 0 0 0
  0 0 0 0 0 0 0 0 49 0 0 0 0 1 0 0 0 0 0 0 0 0 0 58 0 0 0 0 0 0 0 0 0 0 0 0 0 0
  58 49 0 0 0 49 0 0 0 0 0 0 0 0 0 0 1 0 0 0 0 58 0 0 0 0 0 0 0 0 0 0 0 0 0 0 0
  58 0 0 0 0 0 0 0 0 0 0 58 0 0 0 0 58 0 0 0 0 0 0 0 0 0 0 58 0 0 0 0 58 0 0 0
  0 0 0 0 0 0 0 58 0 0 0 0 0 0 0 0 0 0 0 0 0 0 0 0 0 0 0 0 0 0 0 0 0 0 0 0 0 0
  0 0 0 0 0 0 0 0 0 0 0 0 0 0 0 0 0 0 1 0 0 0 0 0 49 0 0 0 0 0 0 0 0 0 1 0 58 0
  0 0 58 0 0 0 0 0 0 0 0 0 0 0 49 0 0 0 0 0 0 0 0 0 0 0 0 0 0 58 0 0 0 49 0 0 0
  0 0 0 0 0 0 0 0 49 0 0 0 58 0 0 0 0 0 0 0 0 0 0 0 0 0 0 49 0 0 0 0 0 0 0 0 0
  0 0 49 0 0 0 58 0 0 0 0 0 0 0 0 0 0 0 0 0 0 0 58 0 0 0 0 0 0 0 0 0 0 58 0 0 0
  0 0 0 0 0 0 0 0 0 0 0 1 58 0 0 0 0 0 0 0 0 0 0 0 0 0 0 1 49 0 0 0 49 0 0 0 0
  0 0 0 0 0 0 0 0 0 0 0 58 0 0 0 0 0 0 0 0 0 0 0 0 0 0 0 58 0 0 0 0 0 0 0 1 1 1
  0 0 0 0 0 58 0 0 58 0 0 0 0 0 0 0 0 0 0 1 58 0 0 0 58 0 0 0 0 0 0 0 0 0 1 1
  58 0 0 0 58 0 0 0 0 0 0 0 0 0 1 0 49 0 0 0 0 0 0 0 0 0 0 0 0 0 1 0 0 0 0 49 0
  0 0 0 0 0 0 0 0 0 0 49 0 0 0 58 0 0 0 0 0 0 0 0 0 0 0 0 0 0 49 1 0 0 0 0 0 0
  0 0 0 0 58 0 0 0 58 0 0 0 0 0 0 0 0 0 0 1 49 0 0 0 0 0 0 0 0 0 0 0 0 0 0 58 0
  0 0 0 0 0 0 0 0 0 0 0 0 0 0 49 0 0 0 0 0 0 0 0 0 0 0 0 0 0 0 0 0 0 0 0 0 0 0
  0 0 0 0 0 0 0 58 0 0 0 0 49 0 0 0 0 0 0 0 0 0 0 58 0 0 0 0 0 0 0 0 0 0 0 0 0
  0 0 58 0 0 0 49 0 0 0 0 0 0 0 0 0 1 58 58 0 0 0 58 0 0 0 0 0 0 0 0 1 1 1 58 0
  0 0 58 0 0 49 0 0 0 0 0 0 0 0 0 0 0 1 0 0 0 58 0 0 0 0 0 0 0 0 0 0 0 0 0 0 0
  58 0 0 0 0 0 0 0 0 0 0 0 58 0 0 0 58 0 0 0 0 0 0 0 0 0 0 58 49 0 0 0 0 0 0 0
  0 0 0 0 0 0 0 58 0 0 0 49 0 0 0 0 0 0 0 0 0 0 0 49 0 0 0 0 0 0 0 0 0 0 0 0 0
  0 0 0 0 0 0 0 0 0 0 0 0 0 0 0 0 0 49 0 0 0 0 0 0 0 0 0 0 0 0 0 0 0 0 0 0 0 0
  0 0 0 0 0 0 0 0 0 0 58 0 0 0 0 49 0 0 0 0 0 0 0 0 0 0 49 0 0 0 0 58 0 0 0 0 0
  0 0 0 0 0 0 0 0 0 49 0 0 0 0 0 0 0 0 0 0 0 0 0 0 0 58 0 0 0 0 0 0 0 0 0 0 58
  0 0 0 0 0 0 0 0 0 0 0 0 0 1 58 58 0 0 0 0 0 0 0 0 0 0 0 0 0 58 58 58 0 0 0 0
  0 0 0 0 0 0 0 0 0 0 0 0 0 0 0 58 0 0 0 0 0 0 0 0 0 0 0 0 0 0 0 49 0 0 49 1 0
  0 0 0 0 0 0 1 0 0 0 0 0 0 58 1 0 0 0 0 0 0 0 0 0 0 49 0 0 0 58 0 0 0 0 0 0 0
  0 0 0 0 0 0 0 0 1 0 0 0 0 0 0 0 0 0 0 58 0 0 0 0 0 0 0 0 0 0 0 0 0 0 1 49 0 0
  0 0 0 0 0 0 0 0 0 0 0 0 58 0 0 0 0 49 0 0 0 0 0 0 0 0 0 0 49 0 0 0 0 58 1 0 0
  0 0 0 0 0 0 0 0 0 0 0 49 0 0 0 0 0 0 0 0 0 0 58 0 0 0 0 58 0 0 0 0 0 0 0 0 0
  0 58 0 0 0 49 0 0 0 0 0 0 0 0 0 0 0 49 0 0 0 58 0 0 0 0 0 0 0 0 0 0 0 0 0 0 0
  58 0 0 0 0 0 0 0 0 0 0 0 0 0 0 0 58 0 0 0 0 0 0 0 0 0 1 0 0 0 0 0 58 0 0 58 0
  0 0 0 0 0 0 0 0 0 0 0 0 0 0 58 0 0 0 0 0 0 0 0 0 0 1 58 0 0 0 0 0 0 0 0 0 0 0
  1 58 1 1 49 0 0 0 0 0 0 0 0 0 0 0 1 1 0 58 0 0 0 0 0 0 0 0 0 0 0 0 1 1 58 49
  0 0 0 0 0 0 0 0 0 0 0 0 0 58 58 0 0 0 0 0 0 0 0 0 0 0 0 0 0 58 49 0 0 0 0 49
  0 0 0 0 0 0 0 0 0 58 0 0 0 0 0 0 0 0 0 0 0 0 0 0 0 58 0 0 0 0 49 0 0 0 0 0 0
  0 0 0 0 49 0 0 0 0 0 0 0 0 0 0 0 0 0 0 0 0 0 0 0 49 0 0 0 0 0 0 0 0 0 0 58 0
  0 0 0 0 0 0 0 0 0 0 0 0 1 58 58 0 0 0 0 0 0 0 0 0 0 0 0 0 1 1 58 0 0 0 49 0 0
  0 0 0 0 0 0 0 0 58 58 0 0 0 58 0 0 0 0 0 0 0 0 0 0 58 49 0 0 0 58 0 0 0 0 0 0
  0 0 0 0 0 0 0 0 0 49 0 0 0 0 0 0 0 0 0 0 0 0 0 0 58 0 0 0 0 0 0 0 0 0 0 0 0 0
  0 0 49 0 0 0 0 0 0 0 0 0 0 0 0 0 0 0 0 0 0 0 0 0 0 0 0 0 0 0 0 0 58 49 0 0 0
  0 49 0 0 0 0 0 0 0 0 0 58 0 0 0 0 0 58 0 0 0 0 0 0 0 0 0 49 0 0 0 0 49 0 0 0
  0 0 0 0 0 0 0 0 0 0 0 0 58 0 0 0 0 0 0 0 0 0 58 0 0 0 0 49 0 0 0 0 0 0 0 0 0
  0 58 0 0 0 0 58 0 0 0 0 0 0 0 0 0 0 49 0 0 0 49 0 0 0 0 0 0 0 0 0 0 0 0 0 0 0
  58 0 0 0 0 0 0 0 0 0 0 58 0 0 0 0 58 0 0 0 0 0 0 0 0 0 0 58 0 0 0 0 0 0 0 0 0
  0 0 0 0 0 0 58 0 0 0 0 0 0 0 0 0 0 0 0 0 0 0 58 0 0 0 0 0 0 0 0 0 0 0 0 0 0 0
  0 0 0 0 49 0 0 0 0 0 0 0 0 0 0 0 0 0 0 0 0 0 0 0 49 0 0 0 0 0 0 0 0 0 1 58 0
  0 0 0 58 0 0 0 0 0 0 0 0 0 1 49 0 0 0 0 58 0 0 0 0 0 0 0 0 0 49 0 0 0 0 49 0
  0 0 0 0 0 0 0 0 0 0 0 0 0 0 58 0 0 0 0 0 0 0 0 0 58 0 0 0 0 0 0 0 0 0 0 0 0 0
  0 0 49 0 0 0 0 49 0 0 0 0 0 0 0 0 0 0 0 0 0 0 49 0 0 0 0 0 0 0 0 0 0 58 0 0 0
  0 58 0 0 0 0 0 0 0 0 0 0 58 0 0 0 0 0 0 0 0 0 0 0 0 0 0 0 49 0 0 0 49 0 0 0 0
  0 0 0 0 0 0 0 0 0 0 0 58 0 0 0 0 0 0 0 0 0 0 0 0 0 0 0 58 0 0 0 0 0 0 0 0 0 0
  0 0 0 0 0 58 0 0 0 0 0 0 0 0 0 0 0 0 0 0 0 58 0 0 0 0) 
#(0 0 0 0 0 0 0 0 0 0 0 0 0 0 0 0 0 0 0 0 0 0 0 0 0 0 0 0 0 0 0 0 0 0 0 0 0 0 0
  0 0 0 0 0 0 0 0 0 0 0 0 0 0 0 0 0 0 0 0 0 0 0 0 0 0 0 0 0 0 0 0 0 0 0 0 0 0 0
  0 0 0 0 0 0 0 0 0 0 0 0 0 0 0 0 0 0 0 0 0 0 0 0 0 0 0 0 0 0 0 0 0 0 0 0 0 0 0
  0 0 0 0 0 0 0 0 0 0 0 0 0 0 0 0 0 0 0 0 0 0 0 0 0 0 0 0 0 0 0 0 0 0 0 0 0 0 0
  0 0 0 0 0 0 0 0 0 0 0 0 0 0 0 0 0 0 0 0 0 0 0 0 0 0 0 0 0 0 0 0 0 0 0 0 0 0 0
  0 0 0 0 0 0 0 0 0 0 0 0 0 0 0 0 0 0 0 0 0 0 0 0 0 0 0 0 0 0 0 0 0 0 0 0 0 0 0
  0 0 0 0 0 0 0 0 0 0 0 0 0 0 0 0 0 0 0 0 0 0 0 0 0 0 0 0 0 0 0 0 0 0 0 0 0 0 0
  0 0 0 0 0 0 0 0 0 0 0 0 0 0 0 0 0 0 0 0 0 0 0 0 0 0 0 0 0 0 0 0 0 0 0 0 0 0 0
  0 0 0 0 0 0 0 0 0 0 0 0 0 0 0 0 0 0 0 0 0 0 0 0 0 0 0 0 0 0 0 0 0 0 0 0 0 0 0
  0 0 0 0 0 0 0 0 0 0 0 0 0 0 0 0 0 0 0 0 0 0 0 0 0 0 0 0 0 0 0 0 0 0 0 0 0 0 0
  0 0 0 0 0 0 0 0 0 0 0 0 0 0 0 0 0 0 0 0 0 0 0 0 0 0 0 0 0 0 0 0 0 0 0 0 0 0 0
  0 0 0 0 0 0 0 0 0 0 0 0 0 0 0 0 0 0 0 0 0 0 0 0 0 0 0 0 0 0 0 0 0 0 0 0 0 0 0
  0 0 0 0 0 0 0 0 0 0 0 0 0 0 0 0 0 0 0 0 0 0 0 0 0 0 0 0 0 0 0 0 0 0 0 0 0 0 0
  0 0 0 0 0 0 0 0 0 0 0 0 0 0 0 0 0 0 0 0 0 0 0 0 0 0 0 0 0 0 0 0 0 0 0 0 0 0 0
  0 0 0 0 0 0 0 0 0 0 0 0 0 0 0 0 0 0 0 0 0 0 0 0 0 0 0 0 0 0 0 0 0 0 0 0 0 0 0
  0 0 0 0 0 0 0 0 0 0 0 0 0 0 0 0 0 0 0 0 0 0 0 0 0 0 0 0 0 0 0 0 0 0 0 0 0 0 0
  0 0 0 0 0 0 0 0 0 0 0 0 0 0 0 0 0 0 0 0 0 0 0 0 0 0 0 0 0 0 0 0 0 0 0 0 0 0 0
  0 0 0 0 0 0 0 0 0 0 0 0 0 0 0 0 0 0 0 0 0 0 0 0 0 0 0 0 0 0 0 0 0 0 0 0 0 0 0
  0 0 0 0 0 0 0 0 0 0 0 0 0 0 0 0 0 0 0 0 0 0 0 0 0 0 0 0 0 0 0 0 0 0 0 0 0 0 0
  0 0 0 0 0 0 0 0 0 0 0 0 0 0 0 0 0 0 0 0 0 0 0 0 0 0 0 0 0 0 0 0 0 0 0 0 0 0 0
  0 0 0 0 0 0 0 0 0 0 0 0 0 0 0 0 0 0 0 0 0 0 0 0 0 0 0 0 0 0 0 0 0 0 0 0 0 0 0
  0 0 0 0 0 0 0 0 0 0 0 0 0 0 0 0 0 0 0 0 0 0 0 0 0 0 0 0 0 0 0 0 0 0 0 0 0 0 0
  0 0 0 0 0 0 0 0 0 0 0 0 0 0 0 0 0 0 0 0 0 0 0 0 0 0 0 0 0 0 0 0 0 0 0 0 0 0 0
  0 0 0 0 0 0 0 0 0 0 0 0 0 0 0 0 0 0 0 0 0 0 0 0 0 0 0 0 0 0 0 0 0 0 0 0 0 0 0
  0 0 0 0 0 0 0 0 0 0 0 0 0 0 0 0 0 0 0 0 0 0 0 0 0 0 0 0 0 0 0 0 0 0 0 0 0 0 0
  0 0 0 0 0 0 0 0 0 0 0 0 0 0 0 0 0 0 0 0 0 0 0 0 0 0 0 0 0 0 0 0 0 0 0 0 0 0 0
  0 0 0 0 0 0 0 0 0 0 0 0 0 0 0 0 0 0 0 0 0 0 0 0 0 0 0 0 0 0 0 0 0 0 0 0 0 0 0
  0 0 0 0 0 0 0 0 0 0 0 0 0 0 0 0 0 0 0 0 0 0 0 0 0 0 0 0 0 0 0 0 0 0 0 0 0 0 0
  0 0 0 0 0 0 0 0 0 0 0 0 0 0 0 0 0 0 0 0 0 0 0 0 0 0 0 0 0 0 0 0 0 0 0 0 0 0 0
  0 0 0 0 0 0 0 0 0 0 0 0 0 0 0 0 0 0 0 0 0 0 0 0 0 0 0 0 0 0 0 0 0 0 0 0 0 0 0
  0 0 0 0 0 0 0 0 0 0 0 0 0 0 0 0 0 0 0 0 0 0 0 0 0 0 0 0 0 0 0 0 0 0 0 0 0 0 0
  0 0 0 0 0 0 0 0 0 0 0 0 0 0 0 0 0 0 0 0 0 0 0 0 0 0 0 0 0 0 0 0 0 0 0 0 0 0 0
  0 0 0 0 0 0 0 0 0 0 0 0 0 0 0 0 0 0 0 0 0 0 0 0 0 0 0 0 0 0 0 0 0 0 0 0 0 0 0
  0 0 0 0 0 0 0 0 0 0 0 0 0 0 0 0 0 0 0 0 0 0 0 0 0 0 0 0 0 0 0 0 0 0 0 0 0 0 0
  0 0 0 0 0 0 0 0 0 0 0 0 0 0 0 0 0 0 0 0 0 0 0 0 0 0 0 0 0 0 0 0 0 0 0 0 0 0 0
  0 0 0 0 0 0 0 0 0 0 0 0 0 0 0 0 0 0 0 0 0 0 0 0 0 0 0 0 0 0 0 0 0 0 0 0 0 0 0
  0 0 0 0 0 0 0 0 0 0 0 0 0 0 0 0 0 0 0 0 0 0 0 0 0 0 0 0 0 0 0 0 0 0 0 0 0 0 0
  0 0 0 0 0 0 0 0 0 0 0 0 0 0 0 0 0 0 0 0 0 0 0 0 0 0 0 0 0 0 0 0 0 0 0 0 0 0 0
  0 0 0 0 0 0 0 0 0 0 0 0 0 0 0 0 0 0 0 0 0 0 0 0 0 0 0 0 0 0 0 0 0 0 0 0 0 0 0
  0 0 0 0 0 0 0 0 0 0 0 0 0 0 0 0 0 0 0 0 0 0 0 0 0 0 0 0 0 0 0 0 0 0 0 0 0 0 0
  0 0 0 0 0 0 0 0 0 0 0 0 0 0 0 0 0 0 0 0 0 0 0 0 0 0 0 0 0 0 0 0 0 0 0 0 0 0 0
  0 0 0 0 0 0 0 0 0 0 0 0 0 0 0 0 0 0 0 0 0 0 0 0 0 0 0 0 0 0 0 0 0 0 0 0 0 0 0
  0 0 0 0 0 0 0 0 0 0 0 0 0 0 0 0 0 0 0 0 0 0 0 0 0 0 0 0 0 0 0 0 0 0 0 0 0 0 0
  0 0 0 0 0 0 0 0 0 0 0 0 0 0 0 0 0 0 0 0 0 0 0 0 0 0 0 0 0 0 0 0 0 0 0 0 0 0 0
  0 0 0 0 0 0 0 0 0 0 0 0 0 0 0 0 0 0 0 0 0 0 0 0 0 0 0 0 0 0 0 0 0 0 0 0 0 0 0
  0 0 0 0 0 0 0 0 0 0 0 0 0 0 0 0 0 0 0 0 0 0 0 0 0 0 0 0 0 0 0 0 0 0 0 0 0 0 0
  0 0 0 0 0 0 0 0 0 0 0 0 0 0 0 0 0 0 0 0 0 0 0 0 0 0 0 0 0 0 0 0 0 0 0 0 0 0 0
  0 0 0 0 0 0 0 0 0 0 0 0 0 0 0 0 0 0 0 0 0 0 0 0 0 0 0 0 0 0 0 0 0 0 0 0 0 0 0
  0 0 0 0 0 0 0 0 0 0 0 0 0 0 0 0 0 0 0 0 0 0 0 0 0 0 0 0 0 0 0 0 0 0 0 0 0 0 0
  0 0 0 0 0 0 0 0 0 0 0 0 0 0 0 0 0 0 0 0 0 0 0 0 0 0 0 0 0 0 0 0 0 0 0 0 0 0 0
  0 0 0 0 0 0 0 0 0 0 0 0 0 0 0 0 0 0 0 0 0 0 0 0 0 0 0 0 0 0 0 0 0 0 0 0 0 0 0
  0 0 0 0 0 0 0 0 0 0 0 0 0 0 0 0 0 0 0 0 0 0 0 0 0 0 0 0 0 0 0 0 0 0 0 0 0 0 0
  0 0 0 0 0 0 0 0 0 0 0 0 0 0 0 0 0 0 0 0 0 0 0 0 0 0 0 0 0 0 0 0 0 0 0 0 0 0 0
  0 0 0 0 0 0 0 0 0 0 0 0 0 0 0 0 0 0 0 0 0 0 0 0 0 0 0 0 0 0 0 0 0 0 0 0 0 0 0
  0 0 0 0 0 0 0 0 0 0 0 0 0 0 0 0 0 0 0 0 0 0 0 0 0 0 0 0 0 0 0 0 0 0 0 0 0 0 0
  0 0 0 0 0 0 0 0 0 0 0 0 0 0 0 0 0 0 0 0 0 0 0 0 0 0 0 0 0 0 0 0 0 0 0 0 0 0 0
  0 0 0 0 0 0 0 0 0 0 0 0 0 0 0 0 0 0 0 0 0 0 0 0 0 0 0 0 0 0 0 0 0 0 0 0 0 0 0
  0 0 0 0 0 0 0 0 0 0 0 0 0 0 0 0 0 0 0 0 0 0 0 0 0 0 0 0 0 0 0 0 0 0 0 0 0 0 0
  0 0 0 0 0 0 0 0 0 0 0 0 0 0 0 0 0 0 0 0 0 0 0 0 0 0 0 0 0 0 0 0 0 0 0 0 0 0 0
  0 0 0 0 0 0 0 0 0 0 0 0 0 0 0 0 0 0 0 0 0 0 0 0 0 0 0 0 0 0 0 0 0 0 0 0 0 0 0
  0 0 0 0 0 0 0 0 0 0 0 0 0 0 0 0 0 0 0 0 0 0 0 0 0 0 0 0 0 0 0 0 0 0 0 0 0 0 0
  0 0 0 0 0 0 0 0 0 0 0 0 0 0 0 0 0 0 0 0 0 0 0 0 0 0 0 0 0 0 0 0 0 0 0 0 0 0 0
  0 0 0 0 0 0 0 0 0 0 0 0 0 0 0 0 0 0 0 0 0 0 0 0 0 0 0 0 0 0 0 0 0 0 0 0 0 0 0
  0 0 0 0 0 0 0 0 0 0 0 0 0 0 0 0 0 0 0 0 0 0 0 0 0 0 0 0 0 0 0 0 0 0 0 0 0 0 0
  0 0 0 0 0 0 0 0 0 0 0 0 0 0 0 0 0 0 0 0 0 0 0 0 0 0 0 0 0 0 0 0 0 0 0 0 0 0 0
  0 0 0 0 0 0 0 0 0 0 0 0 0 0 0 0 0 0 0 0 0 0 0 0 0 0 0 0 0 0 0 0 0 0 0 0 0 0 0
  0 0 0 0 0 0 0 0 0 0 0 0 0 0 0 0 0 0 0 0 0 0 0 0 0 0 0 0 0 0 0 0 0 0 0 0 0 0 0
  0 0 0 0 0 0 0 0 0 0 0 0 0 0 0 0 0 0 0 0 0 0 0 0 0 0 0 0 0 0 0 0 0 0 0 0 0 0 0
  0 0 0 0 0 0 0 0 0 0 0 0 0 0 0 0 0 0 0 0 0 0 0 0 0 0 0 0 0 0 0 0 0 0 0 0 0 0 0
  0 0 0 0 0 0 0 0 0 0 0 0 0 0 0 0 0 0 0 0 0 0 0 0 0 0 0 0 0 0 0 0 0 0 0 0 0 0 0
  0 0 0 0 0 0 0 0 0 0 0 0 0 0 0 0 0 0 0 0 0 0 0 0 0 0 0 0 0 0 0 0 0 0 0 0 0 0 0
  0 0 0 0 0 0 0 0 0 0 0 0 0 0 0 0 0 0 0 0 0 0 0 0 0 0 0 0 0 0 0 0 0 0 0 0 0 0 0
  0 0 0 0 0 0 0 0 0 0 0 0 0 0 0 0 0 0 0 0 0 0 0 0 0 0 0 0 0 0 0 0 0 0 0 0 0 0 0
  0 0 0 0 0 0 0 0 0 0 0 0 0 0 0 0 0 0 0 0 0 0 0 0 0 0 0 0 0 0 0 0 0 0 0 0 0 0 0
  0 0 0 0 0 0 0 0 0 0 0 0 0 0 0 0 0 0 0 0 0 0 0 0 0 0 0 0 0 0 0 0 0 0 0 0 0 0 0
  0 0 0 0 0 0 0 0 0 0 0 0 0 0 0 0 0 0 0 0 0 0 0 0 0 0 0 0 0 0 0 0 0 0 0 0 0 0 0
  0 0 0 0 0 0 0 0 0 0 0 0 0 0 0 0 0 0 0 0 0 0 0 0 0 0 0 0 0 0 0 0 0 0 0 0 0 0 0
  0 0 0 0 0 0 0 0 0 0 0 0 0 0 0 0 0 0 0 0 0 0 0 0 0 0 0 0 0 0 0 0 0 0 0 0 0 0 0
  0 0 0 0 0 0 0 0 0 0 0 0 0 0 0 0 0 0 0 0 0 0 0 0 0 0 0 0 0 0 0 0 0 0 0 0 0 0 0
  0 0 0 0 0 0 0 0 0 0 0 0 0 0 0 0 0 0 0 0 0 0 0 0 0 0 0 0 0 0 0 0 0 0 0 0 0 0 0
  0 0 0 0 0 0 0 0 0 0 0 0 0 0 0 0 0 0 0 0 0 0 0 0 0 0 0 0 0 0 0 0 0 0 0 0 0 0 0
  0 0 0 0 0 0 0 0 0 0 0 0 0 0 0 0 0 0 0 0 0 0 0 0 0 0 0 0 0 0 0 0 0 0 0 0 0 0 0
  0 0 0 0 0 0 0 0 0 0 0 0 0 0 0 0 0 0 0 0 0 0 0 0 0 0 0 0 0 0 0 0 0 0 0 0 0 0 0
  0 0 0 0 0 0 0 0 0 0 0 0 0 0 0 0 0 0 0 0 0 0 0 0 0 0 0 0 0 0 0 0 0 0 0 0 0 0 0
  0 0 0 0 0 0 0 0 0 0 0 0 0 0 0 0 0 0 0 0 0 0 0 0 0 0 0 0 0 0 0 0 0 0 0 0 0 0 0
  0 0 0 0 0 0 0 0 0 0 0 0 0 0 0 0 0 0 0 0 0 0 0 0 0 0 0 0 0 0 0 0 0 0 0 0 0 0 0
  0 0 0 0 0 0 0 0 0 0 0 0 0 0 0 0 0 0 0 0 0 0 0 0 0 0 0 0 0 0 0 0 0 0 0 0 0 0 0
  0 0 0 0 0 0 0 0 0 0 0 0 0 0 0 0 0 0 0 0 0 0 0 0 0 0 0 0 0 0 0 0 0 0 0 0 0 0 0
  0 0 0 0 0 0 0 0 0 0 0 0 0 0 0 0 0 0 0 0 0 0 0 0 0 0 0 0 0 0 0 0 0 0 0 0 0 0 0
  0 0 0 0 0 0 0 0 0 0 0 0 0 0 0 0 0 0 0 0 0 0 0 0 0 0 0 0 0 0 0 0 0 0 0 0 0 0 0
  0 0 0 0 0 0 0 0 0 0 0 0 0 0 0 0 0 0 0 0 0 0 0 0 0 0 0 0 0 0 0 0 0 0 0 0 0 0 0
  0 0 0 0 0 0 0 0 0 0 0 0 0 0 0 0 0 0 0 0 0 0 0 0 0 0 0 0 0 0 0 0 0 0 0 0 0 0 0
  0 0 0 0 0 0 0 0 0 0 0 0 0 0 0 0 0 0 0 0 0 0 0 0 0 0 0 0 0 0 0 0 0 0 0 0 0 0 0
  0 0 0 0 0 0 0 0 0 0 0 0 0 0 0 0 0 0 0 0 0 0 0 0 0 0 0 0 0 0 0 0 0 0 0 0 0 0 0
  0 0 0 0 0 0 0 0 0 0 0 0 0 0 0 0 0 0 0 0 0 0 0 0 0 0 0 0 0 0 0 0 0 0 0 0 0 0 0
  0 0 0 0 0 0 0 0 0 0 0 0 0 0 0 0 0 0 0 0 0 0 0 0 0 0 0 0 0 0 0 0 0 0 0 0 0 0 0
  0 0 0 0 0 0 0 0 0 0 0 0 0 0 0 0 0 0 0 0 0 0 0 0 0 0 0 0 0 0 0 0 0 0 0 0 0 0 0
  0 0 0 0 0 0 0 0 0 0 0 0 0 0 0 0 0 0 0 0 0 0 0 0 0 0 0 0 0 0 0 0 0 0 0 0 0 0 0
  0 0 0 0 0 0 0 0 0 0 0 0 0 0 0 0 0 0 0 0 0 0 0 0 0 0 0 0 0 0 0 0 0 0 0 0 0 0 0
  0 0 0 0 0 0 0 0 0 0 0 0 0 0 0 0 0 0 0 0 0 0 0 0 0 0 0 0 0 0 0 0 0 0 0 0 0 0 0
  0 0 0 0 0 0 0 0 0 0 0 0 0 0 0 0 0 0 0 0 0 0 0 0 0 0 0 0 0 0 0 0 0 0 0 0 0 0 0
  0 0 0 0 0 0 0 0 0 0 0 0 0 0 0 0 0 0 0 0 0 0 0 0 0 0 0 0 0 0 0 0 0 0 0 0 0 0 0
  0 0 0 0 0 0 0 0 0 0 0 0 0 0 0 0 0 0 0 0 0 0 0 0 0 0 0 0 0 0 0 0 0 0 0 0 0 0 0
  0 0 0 0 0 0 0 0 0 0 0 0 0 0 0 0 0 0 0 0 0 0 0 0 0 0 0 0 0 0 0 0 0 0 0 0 0 0 0
  0 0 0 0 0 0 0 0 0 0 0 0 0 0 0 0 0 0 0 0 0 0 0 0 0 0 0 0 0 0 0 0 0 0 0 0 0 0 0
  0) 
#(7 6 5 6 0 10 11 12 13 14 15 14 13 12 13 14 7 6 6 7 0 11 12 13 14 15 14 13 12
  11 12 13 8 7 6 7 0 10 11 12 13 14 13 12 11 12 13 14 9 8 7 7 0 9 10 11 12 13
  12 11 10 11 12 13 8 7 7 8 0 10 11 10 0 12 11 10 11 12 13 14 9 8 8 9 10 11 12
  11 0 11 10 9 10 11 12 13 9 8 7 0 10 11 11 10 0 10 9 10 11 12 13 14 8 7 6 0 10
  10 10 11 12 11 10 9 10 11 12 13 9 8 0 8 9 10 11 0 11 10 9 10 11 12 13 14 8 7
  8 9 8 9 10 0 10 9 8 9 10 11 12 13 9 0 8 9 9 9 10 11 10 9 9 10 11 12 13 14 8 0
  9 10 10 9 0 11 10 9 8 9 10 11 12 13 0 9 9 10 11 0 0 12 11 10 9 10 11 12 13 14
  0 9 10 11 12 0 0 13 12 11 10 11 10 11 12 13 0 10 11 12 13 14 15 14 13 12 11
  12 11 12 13 14 10 11 12 11 0 15 14 13 12 13 12 13 12 13 12 13 7 6 6 7 8 9 10
  11 0 14 15 14 13 12 13 14 8 7 7 8 9 10 11 12 0 15 14 13 12 11 12 13 9 8 7 8 9
  10 11 11 0 14 13 12 11 12 13 14 10 9 8 0 9 10 11 10 0 13 12 11 10 11 12 13 9
  8 8 0 10 11 12 11 12 12 11 10 11 12 13 14 10 9 8 0 11 12 13 0 13 12 11 10 10
  11 12 13 9 8 0 10 11 12 12 0 12 11 10 10 11 12 13 14 8 7 0 10 11 11 11 0 13
  12 11 10 10 11 12 13 8 0 8 9 10 11 12 13 12 11 10 10 11 12 13 14 7 0 9 10 9
  10 0 12 11 10 9 9 10 11 12 13 0 8 9 10 9 9 0 12 11 10 9 10 11 12 13 14 0 9 10
  11 10 0 0 11 10 9 8 9 10 11 12 13 9 10 10 10 11 12 13 12 11 10 9 10 11 12 13
  14 9 10 11 10 0 13 14 13 12 11 10 11 10 11 12 13 10 11 12 11 0 14 15 14 13 12
  11 12 11 12 13 14 11 12 13 0 14 15 14 13 12 13 12 13 12 13 12 13 7 6 5 0 9 9
  10 0 0 14 15 14 13 12 13 14 8 7 6 0 10 10 11 0 0 15 14 13 12 11 12 13 9 8 7 0
  10 11 12 0 0 0 13 12 11 12 13 14 10 9 8 9 10 11 12 0 0 0 12 11 10 11 12 13 9
  8 9 10 11 12 13 0 13 12 11 10 11 12 13 14 10 9 0 11 12 13 14 15 14 13 12 11
  10 11 12 13 9 9 10 11 12 13 0 14 13 12 11 10 11 12 13 14 8 0 10 11 12 12 0 15
  14 13 12 11 10 11 12 13 9 8 9 10 11 11 0 14 13 12 11 10 11 12 13 14 0 9 10 11
  10 0 0 13 12 11 10 9 10 11 12 13 9 9 10 11 10 0 0 13 12 11 10 10 11 12 13 14
  9 10 11 12 0 0 0 0 11 10 9 9 10 11 12 13 10 11 11 11 0 13 0 0 11 10 9 10 11
  12 13 14 10 11 12 0 0 0 0 0 12 11 10 11 10 11 12 13 11 12 13 0 0 14 15 14 13
  12 11 12 11 12 12 0 12 13 14 15 14 15 14 13 12 13 12 13 12 13 12 0 7 7 0 9 10
  10 11 12 0 14 15 14 13 12 13 14 8 8 0 10 11 11 12 13 14 15 14 13 12 11 12 13
  9 8 0 10 11 12 13 14 13 14 13 12 11 12 13 14 10 9 0 10 11 12 0 15 14 13 12 11
  10 11 12 13 9 8 0 11 12 13 0 14 13 12 11 10 11 12 13 14 10 0 10 11 12 13 0 15
  14 13 12 11 10 11 12 13 9 0 11 12 13 14 15 14 13 12 11 10 10 11 12 0 0 10 11
  12 13 0 14 15 14 13 12 11 10 11 12 13 0 9 10 11 12 0 15 14 13 12 11 10 11 12
  13 14 9 10 11 12 0 0 14 13 12 11 10 9 10 11 12 13 9 10 11 12 0 14 15 14 13 12
  11 10 10 11 12 0 10 11 12 13 14 15 14 13 12 11 10 9 9 10 11 0 11 12 11 0 15
  14 13 12 11 10 9 10 10 11 0 0 11 11 12 13 14 15 0 13 12 11 10 11 10 11 0 0 10
  11 0 14 15 14 15 14 13 12 11 12 11 12 13 14 11 12 0 15 14 15 14 13 12 13 12
  13 12 13 12 13 7 8 9 10 11 10 0 0 0 14 15 14 13 12 13 14 8 9 10 11 12 11 0 0
  0 15 14 13 12 11 12 13 9 8 9 10 11 12 0 14 13 14 13 12 11 12 13 14 10 0 10 11
  12 13 14 15 14 13 12 11 10 11 12 13 9 0 11 12 13 14 15 14 13 12 11 10 11 12
  13 14 0 10 11 12 13 0 14 15 14 13 12 11 10 11 12 13 0 10 11 12 13 0 15 14 13
  12 11 10 11 12 13 14 10 11 12 13 14 15 14 15 14 13 12 11 10 11 12 13 10 10 11
  12 0 14 15 14 13 12 11 10 11 12 13 14 10 11 12 13 14 15 14 13 12 11 10 9 10
  11 12 13 10 11 12 0 15 14 15 14 13 12 11 10 9 10 11 0 11 12 11 0 14 15 14 13
  12 11 10 9 10 11 12 13 12 13 0 0 15 14 13 12 11 10 9 10 10 11 0 14 12 12 0 13
  14 15 14 13 12 11 10 11 10 11 0 13 11 12 13 14 15 14 15 14 13 12 11 12 11 12
  0 14 12 11 0 15 14 15 14 13 12 13 12 13 12 13 0 13 7 0 10 11 12 0 0 0 0 14 15
  14 13 12 13 14 8 0 11 12 13 0 0 0 14 15 14 13 12 11 12 13 9 0 10 11 12 0 15
  14 13 14 13 12 11 12 13 14 10 9 10 11 12 0 14 15 14 13 12 11 10 11 12 13 0 10
  11 12 13 0 15 14 13 12 11 10 11 12 13 14 10 11 12 13 14 15 14 15 14 13 12 11
  10 11 12 13 10 11 12 13 0 14 15 14 13 12 11 10 11 12 13 14 10 10 11 12 0 15
  14 15 14 13 12 11 10 11 12 13 11 11 12 0 0 14 15 14 13 12 11 10 10 11 12 0 11
  11 12 0 14 15 14 13 12 11 10 9 9 10 0 0 11 12 13 14 15 14 15 14 13 12 11 10
  10 11 0 14 12 13 0 15 14 15 14 13 12 11 10 9 10 11 0 13 13 14 15 0 15 14 13
  12 11 10 9 10 11 12 13 14 13 0 14 0 14 15 14 13 12 11 10 11 10 0 12 13 12 0 0
  0 15 14 15 14 13 12 11 12 11 0 13 14 13 0 0 15 14 15 14 13 12 13 12 13 12 0
  12 13 0 10 11 12 13 14 0 0 0 14 15 14 13 12 13 14 0 11 12 13 14 15 14 15 14
  15 14 13 12 11 12 13 0 10 11 12 13 14 15 14 13 14 13 12 11 12 13 14 0 10 11
  12 0 0 14 15 14 13 12 11 10 11 12 13 9 10 11 12 0 0 15 14 13 12 11 10 11 12
  13 14 10 11 12 13 0 15 14 15 14 13 12 11 10 11 12 0 11 12 13 14 15 14 15 14
  13 12 11 10 10 11 12 0 11 11 12 0 14 15 14 15 14 13 12 11 10 10 11 0 12 12 13
  14 15 14 15 14 13 12 11 10 10 11 0 14 12 11 0 15 14 15 14 13 12 11 10 9 10 11
  0 13 12 11 0 14 15 14 15 14 13 12 11 10 11 12 13 14 13 0 14 15 14 15 14 13 12
  11 10 9 10 0 12 13 13 0 15 0 15 14 13 12 11 10 9 10 10 0 13 14 14 15 14 0 14
  15 14 13 12 11 10 11 10 11 12 13 13 14 15 14 15 14 15 14 13 12 11 12 11 12 13
  14 14 15 14 15 14 15 14 13 12 13 12 13 12 13 12 13 9 10 11 11 0 14 15 14 15
  14 15 14 13 12 13 0 10 11 12 12 0 15 14 15 14 15 14 13 12 11 12 0 10 10 11 12
  0 14 15 14 13 14 13 12 11 11 12 0 10 11 12 13 14 15 14 15 14 13 12 11 10 10
  11 0 10 10 11 12 0 14 15 14 13 12 11 10 10 11 12 0 11 11 11 0 0 15 14 15 14
  13 12 11 11 11 12 13 12 11 12 0 15 14 15 14 13 12 11 10 10 0 13 14 12 12 0 15
  14 15 14 15 14 13 12 11 10 11 0 13 13 12 0 14 15 14 15 14 13 12 11 10 11 12
  13 14 13 0 0 15 14 15 14 13 12 11 10 9 10 0 12 13 13 0 0 14 15 14 15 14 13 12
  11 0 0 0 13 14 14 15 14 15 14 15 14 13 12 11 10 0 0 11 12 13 13 14 15 14 15
  14 13 12 11 10 9 10 0 12 13 14 14 15 14 15 14 15 14 13 12 11 10 11 0 11 12 13
  13 14 15 14 15 14 15 14 13 12 11 12 0 12 13 14 14 15 14 15 14 15 14 13 12 13
  12 13 0 13 12 13 10 11 12 0 15 14 15 14 15 14 15 14 13 12 13 14 11 12 13 0 14
  15 14 15 14 15 14 13 12 11 12 13 11 11 12 0 15 14 15 14 13 14 13 12 11 12 13
  14 10 11 11 0 14 15 14 15 14 13 12 11 10 11 12 13 11 11 10 0 0 14 15 14 13 12
  11 10 11 12 13 14 12 12 0 0 0 15 14 15 14 13 12 11 12 0 0 13 13 12 0 14 15 14
  15 14 13 12 11 11 11 0 0 14 12 13 14 15 14 15 14 15 14 13 12 11 10 0 12 13 13
  0 15 14 15 14 15 14 13 12 11 10 10 0 13 14 14 15 0 15 14 15 14 13 12 11 10 10
  0 11 12 13 13 14 15 14 15 14 15 14 13 12 11 0 0 12 13 14 0 15 14 15 14 15 14
  13 12 11 10 0 10 11 12 13 0 14 15 14 15 14 13 12 11 11 10 10 11 12 13 14 0 15
  14 15 14 15 14 13 12 11 10 0 10 11 12 13 0 14 15 14 15 14 15 14 13 12 11 0 11
  12 13 14 0 15 14 15 14 15 14 13 12 13 12 0 12 13 12 13 11 12 13 14 15 14 15
  14 15 14 15 14 13 12 13 14 12 13 14 15 14 15 14 15 14 15 14 13 12 11 12 13 12
  12 13 14 15 14 15 14 13 14 13 12 0 12 13 14 11 12 0 15 14 15 14 15 14 13 12
  11 0 11 0 13 11 12 0 14 15 14 15 14 13 12 11 11 12 11 0 14 12 13 14 15 14 15
  14 15 14 13 12 12 13 0 13 13 13 0 15 14 15 14 15 14 13 12 11 12 12 0 13 14 12
  0 14 15 14 15 14 15 14 13 12 11 11 12 12 13 0 14 15 14 15 14 15 14 13 12 11
  10 0 12 13 14 0 15 14 15 14 15 14 13 12 11 10 11 12 11 12 13 0 14 15 14 15 14
  15 14 13 12 11 0 11 12 13 14 14 15 14 15 14 15 14 13 12 11 0 0 10 11 12 13 15
  14 15 14 15 14 13 12 11 12 0 0 11 11 12 0 14 15 14 15 14 15 14 13 12 11 10 11
  10 11 11 0 13 14 15 14 15 14 15 14 13 12 11 12 11 12 12 0 14 15 14 15 14 15
  14 0 0 0 12 13 12 13 12 0 11 11 0 14 15 14 15 14 15 14 15 14 13 0 0 14 12 12
  0 15 14 15 14 15 14 15 14 13 0 0 0 13 13 12 0 14 15 14 15 14 13 14 13 12 0 11
  0 14 12 13 14 15 14 15 14 15 14 13 12 11 0 12 13 13 12 0 15 14 15 14 15 14 13
  12 11 12 13 0 13 14 12 0 14 15 14 15 14 15 14 13 12 13 14 15 14 13 0 0 15 14
  15 14 15 14 13 12 12 13 0 14 13 14 0 15 14 15 14 15 14 15 14 13 12 0 0 13 12
  13 15 14 15 14 15 14 15 14 13 12 12 0 12 12 13 14 14 15 14 15 14 15 14 13 12
  11 11 0 13 12 12 13 15 14 15 14 15 14 15 14 13 12 12 13 12 12 13 14 14 15 14
  15 14 15 14 13 12 12 0 12 11 11 12 0 15 14 15 14 15 14 13 12 12 13 0 13 12 12
  13 14 14 15 14 15 14 15 14 13 12 12 0 12 11 12 0 15 13 14 15 14 15 14 15 14 0
  0 0 13 12 13 0 14 14 15 14 15 14 15 14 0 0 0 0 13 12 13 0 15 12 0 15 14 15 14
  15 14 15 14 15 14 13 0 15 14 13 0 14 15 14 15 14 15 14 15 14 13 12 13 14 13
  13 0 15 14 15 14 15 14 13 14 13 12 12 0 15 14 12 0 14 15 14 15 14 15 14 13 12
  12 0 0 14 13 13 14 15 14 15 14 15 14 13 12 12 13 0 14 13 14 0 15 14 15 14 15
  14 15 14 13 12 13 0 15 14 13 15 14 15 14 15 14 15 14 13 12 13 14 15 14 13 14
  14 15 14 15 14 15 14 15 14 13 12 0 14 13 12 13 15 14 15 14 15 14 15 14 13 12
  13 14 13 12 13 14 14 15 14 15 14 15 14 13 12 12 0 15 14 13 12 0 15 14 15 14
  15 14 15 14 13 12 0 14 13 12 12 0 14 15 14 15 14 15 14 13 12 13 14 13 12 11 0
  15 15 14 15 14 15 14 13 12 13 14 15 14 13 12 0 14 14 15 14 15 14 15 14 13 13
  0 14 13 12 13 14 15 13 14 15 14 15 14 15 0 0 0 15 14 13 14 15 14 14 15 14 15
  14 15 14 0 0 0 14 13 12 13 14 15 13 14 15 14 15 14 15 14 15 14 15 14 13 0 15
  14 14 15 14 15 14 15 14 15 14 15 14 13 12 0 14 13 0 0 15 14 15 14 15 14 13 0
  13 12 13 14 15 14 0 0 14 15 14 15 14 15 14 13 12 13 0 15 14 13 0 14 15 14 15
  14 15 14 13 12 13 14 15 14 13 14 0 15 14 15 14 15 14 15 14 13 12 0 14 15 14
  13 15 14 15 14 15 14 15 14 13 12 0 0 15 14 13 14 14 15 14 15 14 15 14 15 14
  13 0 15 14 13 13 0 15 14 15 14 15 14 15 14 13 12 0 14 13 12 12 0 0 15 14 15
  14 15 14 13 12 13 14 15 14 13 0 15 15 14 15 14 15 14 15 14 13 0 15 14 13 12 0
  14 14 15 14 15 14 15 14 13 12 0 14 13 13 0 14 15 15 14 15 14 15 14 13 12 13 0
  15 14 13 0 15 14 14 15 14 15 14 15 14 13 14 15 14 13 12 0 14 15 13 14 15 14
  15 14 15 14 13 14 15 14 13 0 15 14 14 15 14 15 14 15 14 0 14 15 14 13 12 0 14
  15 0 14 15 14 15 14 15 14 15 14 15 14 13 14 15 14 0 15 14 15 14 15 14 15 14
  15 14 0 0 15 14 13 15 14 15 14 15 14 15 14 0 0 0 0 0 14 15 14 14 15 14 15 14
  15 14 15 0 0 13 0 14 15 14 13 15 14 15 14 15 14 15 14 0 0 0 0 15 14 13 14 14
  15 14 15 14 15 14 15 14 0 0 15 14 15 14 13 15 14 15 14 15 14 15 14 13 0 0 14
  15 14 13 0 14 15 14 15 14 15 14 15 14 0 14 15 14 13 14 15 15 14 15 14 15 14
  15 14 13 0 15 14 13 12 0 14 14 15 14 15 14 15 14 13 12 0 14 15 14 13 14 15 15
  14 15 14 15 14 15 14 13 14 15 14 13 0 15 14 14 15 14 15 14 15 14 13 0 15 14
  13 14 15 14 15 15 14 15 14 15 14 0 0 0 14 15 14 13 14 15 14 14 15 14 15 14 15
  0 0 0 15 14 13 0 15 14 15 13 14 15 14 15 14 15 0 0 14 15 14 0 14 15 14 14 15
  14 15 14 15 14 0 0 15 14 13 0 15 14 15 15 14 15 14 15 14 15 14 15 14 15 14 0
  14 15 14 14 15 14 15 14 15 14 15 14 15 14 0 14 15 14 13 15 14 15 14 15 14 15
  14 15 14 13 0 15 14 15 14 14 15 14 15 14 15 14 15 14 13 14 15 14 15 14 13 15
  14 15 14 15 14 15 14 15 0 0 14 15 14 13 0 14 15 14 15 14 15 14 15 14 0 14 15
  14 15 14 0 15 14 15 14 15 14 15 14 13 0 15 14 15 14 0 14 14 15 14 15 14 15 14
  15 14 15 14 15 14 13 0 15 15 14 15 14 15 14 15 14 0 14 15 14 13 0 15 14 14 15
  14 15 14 15 14 13 0 15 14 15 14 0 14 15 15 14 15 14 15 14 15 14 0 14 15 14 0
  14 15 14 14 15 14 15 14 15 14 13 14 15 14 13 0 15 14 15 15 14 15 14 15 14 15
  0 15 14 15 14 0 14 15 14 14 15 14 15 14 15 14 0 14 15 14 13 14 15 14 15 13 14
  15 14 15 14 15 0 15 14 15 14 15 14 15 14 14 15 14 15 14 15 14 0 14 15 14 13
  14 15 14 15 15 14 15 14 15 14 15 14 15 14 15 0 15 14 15 14 14 15 14 15 14 15
  14 15 14 15 14 15 14 15 14 0 15 14 15 14 15 14 15 14 15 0 0 14 15 14 15 0 14
  15 14 15 14 15 14 15 14 0 0 15 14 15 14 0 15 14 15 14 15 14 15 14 15 0 15 14
  15 14 0 14 14 15 14 15 14 15 14 15 14 15 14 15 14 15 0 15 15 14 15 14 15 14
  15 14 0 14 15 14 15 14 15 14 14 15 14 15 14 15 14 15 0 15 14 15 14 0 14 15 15
  14 15 14 15 14 15 14 15 14 15 14 0 14 15 14 14 15 14 15 14 15 14 0 14 15 14
  15 0 15 14 15 15 14 15 14 15 14 15 0 15 14 15 14 15 14 15 14 14 15 14 15 14
  15 14 0 14 15 14 0 14 15 14 15 15 14 15 14 15 14 15 14 15 14 15 0 15 14 15 14
  14 15 14 15 14 15 14 15 14 15 14 0 14 15 14 15 13 14 15 14 15 14 15 14 15 14
  15 0 15 14 15 14 14 15 14 15 14 15 14 15 14 15 14 0 14 15 14 15) 