
#(1 58 58 49 58 58 58 49 58 58 19 19 19 58 58 3 1 58 58 58 58 58 58 58 58 19 19
  19 19 19 19 88 1 58 58 58 58 58 58 58 58 19 19 19 19 19 19 19 1 58 58 58 58
  58 58 58 58 19 19 19 19 19 19 58 1 58 58 58 58 58 58 58 58 58 19 19 19 58 58
  3 1 58 58 58 58 58 58 58 58 58 58 58 58 58 58 88 1 58 58 58 58 58 58 58 58 58
  58 58 58 58 58 3 1 58 58 58 58 58 58 58 58 58 58 58 58 58 58 49 1 58 58 58 58
  58 58 58 58 58 58 58 58 58 58 3 1 58 58 58 58 58 58 58 58 58 58 58 58 58 58
  88 1 58 58 58 58 58 58 58 58 58 58 58 58 58 58 4 1 58 58 58 58 58 58 58 58 58
  58 58 58 58 58 58 1 58 58 58 58 58 58 58 58 58 58 58 58 58 58 4 1 58 58 58 58
  58 58 58 58 58 58 58 58 58 58 88 1 58 58 58 58 58 58 58 58 58 58 58 58 58 58
  4 1 58 58 58 58 58 58 58 58 58 58 58 58 58 58 49 88 0 0 0 0 0 0 0 0 0 0 0 0 0
  0 88 58 0 0 0 0 0 0 0 0 0 0 0 0 0 0 58 58 0 0 0 0 0 0 0 0 0 0 0 0 0 0 88 58 0
  0 0 0 0 0 0 0 0 0 0 0 0 0 57 58 0 0 0 0 0 0 0 0 0 0 0 0 0 0 88 58 0 0 0 0 0 0
  0 0 0 0 0 0 0 0 10 58 0 0 0 0 0 0 0 0 0 0 0 0 0 0 88 58 0 0 0 0 0 0 0 0 0 0 0
  0 0 0 0 58 0 0 0 0 0 0 0 0 0 0 0 0 0 0 88 58 0 0 0 0 0 0 0 0 0 0 0 0 0 0 10
  58 0 0 0 0 0 0 0 0 0 0 0 0 0 0 88 58 0 0 0 0 0 0 0 0 0 0 0 0 0 0 57 58 0 0 0
  0 0 0 0 0 0 0 0 0 0 0 88 58 0 0 0 0 0 0 0 0 0 0 0 0 0 0 4 58 0 0 0 0 0 0 0 0
  0 0 0 0 0 0 88 58 0 0 0 0 0 0 0 0 0 0 0 0 0 0 0 57 0 0 0 0 0 0 0 0 0 0 0 0 0
  0 49 88 0 0 0 0 0 0 0 0 0 0 0 0 0 0 88 58 0 0 0 0 0 0 0 0 0 0 0 0 0 0 58 58 0
  0 0 0 0 0 0 0 0 0 0 0 0 0 88 58 0 0 0 0 0 0 0 0 0 0 0 0 0 0 58 58 0 0 0 0 0 0
  0 0 0 0 0 0 0 0 88 58 0 0 0 0 0 0 0 0 0 0 0 0 0 0 49 58 0 0 0 0 0 0 0 0 0 0 0
  0 0 0 0 58 0 0 0 0 0 0 0 0 0 0 0 0 0 0 49 58 0 0 0 0 0 0 0 0 0 0 0 0 0 0 88
  58 0 0 0 0 0 0 0 0 0 0 0 0 0 0 58 58 0 0 0 0 0 0 0 0 0 0 0 0 0 0 88 58 0 0 0
  0 0 0 0 0 0 0 0 0 0 0 10 58 0 0 0 0 0 0 0 0 0 0 0 0 0 0 88 58 0 0 0 0 0 0 0 0
  0 0 0 0 0 0 3 88 0 0 0 0 0 0 0 0 0 0 0 0 0 0 0 0 0 0 0 0 0 0 0 0 0 0 0 0 0 0
  0 49 0 0 0 0 0 0 0 0 0 0 0 0 0 0 57 88 0 0 0 0 0 0 0 0 0 0 0 0 0 0 88 58 0 0
  0 0 0 0 0 0 0 0 0 0 0 0 58 58 0 0 0 0 0 0 0 0 0 0 0 0 0 0 88 58 0 0 0 0 0 0 0
  0 0 0 0 0 0 0 57 58 0 0 0 0 0 0 0 0 0 0 0 0 0 0 57 58 0 0 0 0 0 0 0 0 0 0 0 0
  0 0 0 58 0 0 0 0 0 0 0 0 0 0 0 0 0 0 0 58 0 0 0 0 0 0 0 0 0 0 0 0 0 0 57 58 0
  0 0 0 0 0 0 0 0 0 0 0 0 0 88 58 0 0 0 0 0 0 0 0 0 0 0 0 0 0 58 58 0 0 0 0 0 0
  0 0 0 0 0 0 0 0 88 58 0 0 0 0 0 0 0 0 0 0 0 0 0 0 57 88 0 0 0 0 0 0 0 0 0 0 0
  0 0 0 57 49 0 0 0 0 0 0 0 0 0 0 0 0 0 0 0 0 0 0 0 0 0 0 0 0 0 0 0 0 0 0 49 57
  0 0 0 0 0 0 0 0 0 0 0 0 0 0 88 57 0 0 0 0 0 0 0 0 0 0 0 0 0 0 58 88 0 0 0 0 0
  0 0 0 0 0 0 0 0 0 88 58 0 0 0 0 0 0 0 0 0 0 0 0 0 0 58 58 0 0 0 0 0 0 0 0 0 0
  0 0 0 0 88 58 0 0 0 0 0 0 0 0 0 0 0 0 0 0 49 58 0 0 0 0 0 0 0 0 0 0 0 0 0 0 0
  58 0 0 0 0 0 0 0 0 0 0 0 0 0 0 19 58 0 0 0 0 0 0 0 0 0 0 0 0 0 0 88 58 0 0 0
  0 0 0 0 0 0 0 0 0 0 0 19 58 0 0 0 0 0 0 0 0 0 0 0 0 0 0 88 58 0 0 0 0 0 0 0 0
  0 0 0 0 0 0 58 88 0 0 0 0 0 0 0 0 0 0 0 0 0 0 88 57 0 0 0 0 0 0 0 0 0 0 0 0 0
  0 10 0 0 0 0 0 0 0 0 0 0 0 0 0 0 0 0 0 0 0 0 0 0 0 0 0 0 0 0 0 0 0 88 49 0 0
  0 0 0 0 0 0 0 0 0 0 0 0 58 88 0 0 0 0 0 0 0 0 0 0 0 0 0 0 88 58 0 0 0 0 0 0 0
  0 0 0 0 0 0 0 57 88 0 0 0 0 0 0 0 0 0 0 0 0 0 0 88 58 0 0 0 0 0 0 0 0 0 0 0 0
  0 0 58 58 0 0 0 0 0 0 0 0 0 0 0 0 0 0 88 58 0 0 0 0 0 0 0 0 0 0 0 0 0 0 57 58
  0 0 0 0 0 0 0 0 0 0 0 0 0 0 88 58 0 0 0 0 0 0 0 0 0 0 0 0 0 0 19 58 0 0 0 0 0
  0 0 0 0 0 0 0 0 0 88 58 0 0 0 0 0 0 0 0 0 0 0 0 0 0 57 88 0 0 0 0 0 0 0 0 0 0
  0 0 0 0 88 58 0 0 0 0 0 0 0 0 0 0 0 0 0 0 58 88 0 0 0 0 0 0 0 0 0 0 0 0 0 0
  88 49 0 0 0 0 0 0 0 0 0 0 0 0 0 0 0 0 0 0 0 0 0 0 0 0 0 0 0 0 0 0 49 88 0 0 0
  0 0 0 0 0 0 0 0 0 0 0 88 58 0 0 0 0 0 0 0 0 0 0 0 0 0 0 49 88 0 0 0 0 0 0 0 0
  0 0 0 0 0 0 57 57 0 0 0 0 0 0 0 0 0 0 0 0 0 0 49 88 0 0 0 0 0 0 0 0 0 0 0 0 0
  0 88 58 0 0 0 0 0 0 0 0 0 0 0 0 0 0 58 58 0 0 0 0 0 0 0 0 0 0 0 0 0 0 88 58 0
  0 0 0 0 0 0 0 0 0 0 0 0 0 58 58 0 0 0 0 0 0 0 0 0 0 0 0 0 0 88 58 0 0 0 0 0 0
  0 0 0 0 0 0 0 0 58 88 0 0 0 0 0 0 0 0 0 0 0 0 0 0 57 57 0 0 0 0 0 0 0 0 0 0 0
  0 0 0 49 88 0 0 0 0 0 0 0 0 0 0 0 0 0 0 88 58 0 0 0 0 0 0 0 0 0 0 0 0 0 0 19
  88 0 0 0 0 0 0 0 0 0 0 0 0 0 0 0 0 0 0 0 0 0 0 0 0 0 0 0 0 0 0 0 49 0 0 0 0 0
  0 0 0 0 0 0 0 0 0 0 88 0 0 0 0 0 0 0 0 0 0 0 0 0 0 0 49 0 0 0 0 0 0 0 0 0 0 0
  0 0 0 0 0 0 0 0 0 0 0 0 0 0 0 0 0 0 0 0 49 0 0 0 0 0 0 0 0 0 0 0 0 0 0 57 88
  0 0 0 0 0 0 0 0 0 0 0 0 0 0 88 58 0 0 0 0 0 0 0 0 0 0 0 0 0 0 58 58 0 0 0 0 0
  0 0 0 0 0 0 0 0 0 88 58 0 0 0 0 0 0 0 0 0 0 0 0 0 0 57 88 0 0 0 0 0 0 0 0 0 0
  0 0 0 0 57 49 0 0 0 0 0 0 0 0 0 0 0 0 0 0 0 0 0 0 0 0 0 0 0 0 0 0 0 0 0 0 0
  49 0 0 0 0 0 0 0 0 0 0 0 0 0 0 0 88 0 0 0 0 0 0 0 0 0 0 0 0 0 0 0 49 0 0 0 0
  0 0 0 0 0 0 0 0 0 0 0 0 0 0 0 0 0 0 0 0 0 0 0 0 0 0 49 0 0 0 0 0 0 0 0 0 0 0
  0 0 0 0 88 0 0 0 0 0 0 0 0 0 0 0 0 0 0 0 49 0 0 0 0 0 0 0 0 0 0 0 0 0 0 0 0 0
  0 0 0 0 0 0 0 0 0 0 0 0 0 0 49 57 0 0 0 0 0 0 0 0 0 0 0 0 0 0 88 57 0 0 0 0 0
  0 0 0 0 0 0 0 0 0 58 88 0 0 0 0 0 0 0 0 0 0 0 0 0 0 58 58 0 0 0 0 0 0 0 0 0 0
  0 0 0 0 58 88 0 0 0 0 0 0 0 0 0 0 0 0 0 0 88 57 0 0 0 0 0 0 0 0 0 0 0 0 0 0
  49 0 0 0 0 0 0 0 0 0 0 0 0 0 0 0 0 0 0 0 0 0 0 0 0 0 0 0 0 0 0 0 49 0 0 0 0 0
  0 0 0 0 0 0 0 0 0 0 88 0 0 0 0 0 0 0 0 0 0 0 0 0 0 0 49 0 0 0 0 0 0 0 0 0 0 0
  0 0 0 0 0 0 0 0 0 0 0 0 0 0 0 0 0 0 0 0 88 19 0 0 0 0 0 0 0 0 0 0 0 0 0 0 58
  88 0 0 0 0 0 0 0 0 0 0 0 0 0 0 88 49 0 0 0 0 0 0 0 0 0 0 0 0 0 0 57 57 0 0 0
  0 0 0 0 0 0 0 0 0 0 0 88 58 0 0 0 0 0 0 0 0 0 0 0 0 0 0 58 88 0 0 0 0 0 0 0 0
  0 0 0 0 0 0 58 58 0 0 0 0 0 0 0 0 0 0 0 0 0 0 58 88 0 0 0 0 0 0 0 0 0 0 0 0 0
  0 58 58 0 0 0 0 0 0 0 0 0 0 0 0 0 0 58 88 0 0 0 0 0 0 0 0 0 0 0 0 0 0 88 49 0
  0 0 0 0 0 0 0 0 0 0 0 0 0 57 57 0 0 0 0 0 0 0 0 0 0 0 0 0 0 88 49 0 0 0 0 0 0
  0 0 0 0 0 0 0 0 58 88 0 0 0 0 0 0 0 0 0 0 0 0 0 0 88 49 0 0 0 0 0 0 0 0 0 0 0
  0 0 0 0 0 0 0 0 0 0 0 0 0 0 0 0 0 0 0 49 88 0 0 0 0 0 0 0 0 0 0 0 0 0 0 88 58
  0 0 0 0 0 0 0 0 0 0 0 0 0 0 58 88 0 0 0 0 0 0 0 0 0 0 0 0 0 0 88 57 0 0 0 0 0
  0 0 0 0 0 0 0 0 0 58 88 0 0 0 0 0 0 0 0 0 0 0 0 0 0 58 19 0 0 0 0 0 0 0 0 0 0
  0 0 0 0 58 88 0 0 0 0 0 0 0 0 0 0 0 0 0 0 58 57 0 0 0 0 0 0 0 0 0 0 0 0 0 0
  58 88 0 0 0 0 0 0 0 0 0 0 0 0 0 0 58 58 0 0 0 0 0 0 0 0 0 0 0 0 0 0 58 88 0 0
  0 0 0 0 0 0 0 0 0 0 0 0 88 57 0 0 0 0 0 0 0 0 0 0 0 0 0 0 58 88 0 0 0 0 0 0 0
  0 0 0 0 0 0 0 88 58 0 0 0 0 0 0 0 0 0 0 0 0 0 0 49 88 0 0 0 0 0 0 0 0 0 0 0 0
  0 0 0 0 0 0 0 0 0 0 0 0 0 0 0 0 0 0 0 10 0 0 0 0 0 0 0 0 0 0 0 0 0 0 57 88 0
  0 0 0 0 0 0 0 0 0 0 0 0 0 88 58 0 0 0 0 0 0 0 0 0 0 0 0 0 0 58 88 0 0 0 0 0 0
  0 0 0 0 0 0 0 0 58 19 0 0 0 0 0 0 0 0 0 0 0 0 0 0 58 88 0 0 0 0 0 0 0 0 0 0 0
  0 0 0 58 19 0 0 0 0 0 0 0 0 0 0 0 0 0 0 58 0 0 0 0 0 0 0 0 0 0 0 0 0 0 0 58
  49 0 0 0 0 0 0 0 0 0 0 0 0 0 0 58 88 0 0 0 0 0 0 0 0 0 0 0 0 0 0 58 58 0 0 0
  0 0 0 0 0 0 0 0 0 0 0 58 88 0 0 0 0 0 0 0 0 0 0 0 0 0 0 88 58 0 0 0 0 0 0 0 0
  0 0 0 0 0 0 57 88 0 0 0 0 0 0 0 0 0 0 0 0 0 0 57 49 0 0 0 0 0 0 0 0 0 0 0 0 0
  0 0 0 0 0 0 0 0 0 0 0 0 0 0 0 0 0 49 57 0 0 0 0 0 0 0 0 0 0 0 0 0 0 88 57 0 0
  0 0 0 0 0 0 0 0 0 0 0 0 58 88 0 0 0 0 0 0 0 0 0 0 0 0 0 0 58 58 0 0 0 0 0 0 0
  0 0 0 0 0 0 0 58 88 0 0 0 0 0 0 0 0 0 0 0 0 0 0 58 57 0 0 0 0 0 0 0 0 0 0 0 0
  0 0 58 0 0 0 0 0 0 0 0 0 0 0 0 0 0 0 58 0 0 0 0 0 0 0 0 0 0 0 0 0 0 0 58 57 0
  0 0 0 0 0 0 0 0 0 0 0 0 0 58 57 0 0 0 0 0 0 0 0 0 0 0 0 0 0 58 88 0 0 0 0 0 0
  0 0 0 0 0 0 0 0 58 58 0 0 0 0 0 0 0 0 0 0 0 0 0 0 58 88 0 0 0 0 0 0 0 0 0 0 0
  0 0 0 88 57 0 0 0 0 0 0 0 0 0 0 0 0 0 0 49 0 0 0 0 0 0 0 0 0 0 0 0 0 0 0 0 0
  0 0 0 0 0 0 0 0 0 0 0 0 0 0 88 3 0 0 0 0 0 0 0 0 0 0 0 0 0 0 58 88 0 0 0 0 0
  0 0 0 0 0 0 0 0 0 58 10 0 0 0 0 0 0 0 0 0 0 0 0 0 0 58 88 0 0 0 0 0 0 0 0 0 0
  0 0 0 0 58 58 0 0 0 0 0 0 0 0 0 0 0 0 0 0 58 88 0 0 0 0 0 0 0 0 0 0 0 0 0 0
  58 49 0 0 0 0 0 0 0 0 0 0 0 0 0 0 58 0 0 0 0 0 0 0 0 0 0 0 0 0 0 0 58 49 0 0
  0 0 0 0 0 0 0 0 0 0 0 0 58 88 0 0 0 0 0 0 0 0 0 0 0 0 0 0 58 58 0 0 0 0 0 0 0
  0 0 0 0 0 0 0 58 88 0 0 0 0 0 0 0 0 0 0 0 0 0 0 58 58 0 0 0 0 0 0 0 0 0 0 0 0
  0 0 58 88 0 0 0 0 0 0 0 0 0 0 0 0 0 0 88 49 0 0 0 0 0 0 0 0 0 0 0 0 0 0 57 0
  0 0 0 0 0 0 0 0 0 0 0 0 0 0 58 88 0 0 0 0 0 0 0 0 0 0 0 0 0 0 58 4 0 0 0 0 0
  0 0 0 0 0 0 0 0 0 58 88 0 0 0 0 0 0 0 0 0 0 0 0 0 0 58 57 0 0 0 0 0 0 0 0 0 0
  0 0 0 0 58 88 0 0 0 0 0 0 0 0 0 0 0 0 0 0 58 10 0 0 0 0 0 0 0 0 0 0 0 0 0 0
  58 88 0 0 0 0 0 0 0 0 0 0 0 0 0 0 58 0 0 0 0 0 0 0 0 0 0 0 0 0 0 0 58 88 0 0
  0 0 0 0 0 0 0 0 0 0 0 0 58 10 0 0 0 0 0 0 0 0 0 0 0 0 0 0 58 88 0 0 0 0 0 0 0
  0 0 0 0 0 0 0 58 57 0 0 0 0 0 0 0 0 0 0 0 0 0 0 58 88 0 0 0 0 0 0 0 0 0 0 0 0
  0 0 58 58 0 0 0 0 0 0 0 0 0 0 0 0 0 0 58 88 0 0 0 0 0 0 0 0 0 0 0 0 0 0 88 1
  58 58 58 58 58 58 58 58 58 58 58 58 58 58 1 4 1 1 1 1 1 1 1 1 1 1 1 1 1 1 1
  88 1 1 1 1 1 1 1 1 1 1 1 1 1 1 1 4 1 1 1 1 1 1 1 1 1 1 1 1 1 1 1 1 1 1 1 1 1
  1 1 1 1 1 1 1 1 1 1 4 1 1 1 1 1 1 1 1 1 1 1 1 1 1 1 88 1 1 1 1 1 1 1 1 1 1 1
  1 1 1 1 3 1 1 1 1 1 1 1 1 1 1 1 1 1 1 1 1 1 1 1 1 1 1 1 1 1 1 1 1 1 1 1 3 1 1
  1 1 1 1 1 1 1 1 1 1 1 1 1 88 1 1 1 1 1 1 1 1 1 1 1 1 1 1 1 3 1 1 19 19 19 1 1
  1 1 1 1 1 1 1 1 1 19 19 19 19 19 19 1 1 1 1 1 1 1 1 1 19 19 19 19 19 19 19 1
  1 1 1 1 1 1 1 1 88 19 19 19 19 19 19 1 1 1 1 1 1 1 1 1 3 1 1 19 19 19 1 1 1 1
  1 1 1 1 1 1) 
#(0 0 0 0 0 0 0 0 0 0 0 0 0 0 0 0 0 0 0 0 0 0 0 0 0 0 0 0 0 0 0 0 0 0 0 0 0 0 0
  0 0 0 0 0 0 0 0 0 0 0 0 0 0 0 0 0 0 0 0 0 0 0 0 0 0 0 0 0 0 0 0 0 0 0 0 0 0 0
  0 0 0 0 0 0 0 0 0 0 0 0 0 0 0 0 0 0 0 0 0 0 0 0 0 0 0 0 0 0 0 0 0 0 0 0 0 0 0
  0 0 0 0 0 0 0 0 0 0 0 0 0 0 0 0 0 0 0 0 0 0 0 0 0 0 0 0 0 0 0 0 0 0 0 0 0 0 0
  0 0 0 0 0 0 0 0 0 0 0 0 0 0 0 0 0 0 0 0 0 0 0 0 0 0 0 0 0 0 0 0 0 0 0 0 0 0 0
  0 0 0 0 0 0 0 0 0 0 0 0 0 0 0 0 0 0 0 0 0 0 0 0 0 0 0 0 0 0 0 0 0 0 0 0 0 0 0
  0 0 0 0 0 0 0 0 0 0 0 0 0 0 0 0 0 0 0 0 0 0 0 0 0 0 0 0 0 0 0 0 0 0 0 0 0 0 0
  0 0 0 0 0 0 0 0 0 0 0 0 0 0 0 0 0 0 0 0 0 0 0 0 0 0 0 0 0 0 0 0 0 0 0 0 0 0 0
  0 0 0 0 0 0 0 0 0 0 0 0 0 0 0 0 0 0 0 0 0 0 0 0 0 0 0 0 0 0 0 0 0 0 0 0 0 0 0
  0 0 0 0 0 0 0 0 0 0 0 0 0 0 0 0 0 0 0 0 0 0 0 0 0 0 0 0 0 0 0 0 0 0 0 0 0 0 0
  0 0 0 0 0 0 0 0 0 0 0 0 0 0 0 0 0 0 0 0 0 0 0 0 0 0 0 0 0 0 0 0 0 0 0 0 0 0 0
  0 0 0 0 0 0 0 0 0 0 0 0 0 0 0 0 0 0 0 0 0 0 0 0 0 0 0 0 0 0 0 0 0 0 0 0 0 0 0
  0 0 0 0 0 0 0 0 0 0 0 0 0 0 0 0 0 0 0 0 0 0 0 0 0 0 0 0 0 0 0 0 0 0 0 0 0 0 0
  0 0 0 0 0 0 0 0 0 0 0 0 0 0 0 0 0 0 0 0 0 0 0 0 0 0 0 0 0 0 0 0 0 0 0 0 0 0 0
  0 0 0 0 0 0 0 0 0 0 0 0 0 0 0 0 0 0 0 0 0 0 0 0 0 0 0 0 0 0 0 0 0 0 0 0 0 0 0
  0 0 0 0 0 0 0 0 0 0 0 0 0 0 0 0 0 0 0 0 0 0 0 0 0 0 0 0 0 0 0 0 0 0 0 0 0 0 0
  0 0 0 0 0 0 0 0 0 0 0 0 0 0 0 0 0 0 0 0 0 0 0 0 0 0 0 0 0 0 0 0 0 0 0 0 0 0 0
  0 0 0 0 0 0 0 0 0 0 0 0 0 0 0 0 0 0 0 0 0 0 0 0 0 0 0 0 0 0 0 0 0 0 0 0 0 0 0
  0 0 0 0 0 0 0 0 0 0 0 0 0 0 0 0 0 0 0 0 0 0 0 0 0 0 0 0 0 0 0 0 0 0 0 0 0 0 0
  0 0 0 0 0 0 0 0 0 0 0 0 0 0 0 0 0 0 0 0 0 0 0 0 0 0 0 0 0 0 0 0 0 0 0 0 0 0 0
  0 0 0 0 0 0 0 0 0 0 0 0 0 0 0 0 0 0 0 0 0 0 0 0 0 0 0 0 0 0 0 0 0 0 0 0 0 0 0
  0 0 0 0 0 0 0 0 0 0 0 0 0 0 0 0 0 0 0 0 0 0 0 0 0 0 0 0 0 0 0 0 0 0 0 0 0 0 0
  0 0 0 0 0 0 0 0 0 0 0 0 0 0 0 0 0 0 0 0 0 0 0 0 0 0 0 0 0 0 0 0 0 0 0 0 0 0 0
  0 0 0 0 0 0 0 0 0 0 0 0 0 0 0 0 0 0 0 0 0 0 0 0 0 0 0 0 0 0 0 0 0 0 0 0 0 0 0
  0 0 0 0 0 0 0 0 0 0 0 0 0 0 0 0 0 0 0 0 0 0 0 0 0 0 0 0 0 0 0 0 0 0 0 0 0 0 0
  0 0 0 0 0 0 0 0 0 0 0 0 0 0 0 0 0 0 0 0 0 0 0 0 0 0 0 0 0 0 0 0 0 0 0 0 0 0 0
  0 0 0 0 0 0 0 0 0 0 0 0 0 0 0 0 0 0 0 0 0 0 0 0 0 0 0 0 0 0 0 0 0 0 0 0 0 0 0
  0 0 0 0 0 0 0 0 0 0 0 0 0 0 0 0 0 0 0 0 0 0 0 0 0 0 0 0 0 0 0 0 0 0 0 0 0 0 0
  0 0 0 0 0 0 0 0 0 0 0 0 0 0 0 0 0 0 0 0 0 0 0 0 0 0 0 0 0 0 0 0 0 0 0 0 0 0 0
  0 0 0 0 0 0 0 0 0 0 0 0 0 0 0 0 0 0 0 0 0 0 0 0 0 0 0 0 0 0 0 0 0 0 0 0 0 0 0
  0 0 0 0 0 0 0 0 0 0 0 0 0 0 0 0 0 0 0 0 0 0 0 0 0 0 0 0 0 0 0 0 0 0 0 0 0 0 0
  0 0 0 0 0 0 0 0 0 0 0 0 0 0 0 0 0 0 0 0 0 0 0 0 0 0 0 0 0 0 0 0 0 0 0 0 0 0 0
  0 0 0 0 0 0 0 0 0 0 0 0 0 0 0 0 0 0 0 0 0 0 0 0 0 0 0 0 0 0 0 0 0 0 0 0 0 0 0
  0 0 0 0 0 0 0 0 0 0 0 0 0 0 0 0 0 0 0 0 0 0 0 0 0 0 0 0 0 0 0 0 0 0 0 0 0 0 0
  0 0 0 0 0 0 0 0 0 0 0 0 0 0 0 0 0 0 0 0 0 0 0 0 0 0 0 0 0 0 0 0 0 0 0 0 0 0 0
  0 0 0 0 0 0 0 0 0 0 0 0 0 0 0 0 0 0 0 0 0 0 0 0 0 0 0 0 0 0 0 0 0 0 0 0 0 0 0
  0 0 0 0 0 0 0 0 0 0 0 0 0 0 0 0 0 0 0 0 0 0 0 0 0 0 0 0 0 0 0 0 0 0 0 0 0 0 0
  0 0 0 0 0 0 0 0 0 0 0 0 0 0 0 0 0 0 0 0 0 0 0 0 0 0 0 0 0 0 0 0 0 0 0 0 0 0 0
  0 0 0 0 0 0 0 0 0 0 0 0 0 0 0 0 0 0 0 0 0 0 0 0 0 0 0 0 0 0 0 0 0 0 0 0 0 0 0
  0 0 0 0 0 0 0 0 0 0 0 0 0 0 0 0 0 0 0 0 0 0 0 0 0 0 0 0 0 0 0 0 0 0 0 0 0 0 0
  0 0 0 0 0 0 0 0 0 0 0 0 0 0 0 0 0 0 0 0 0 0 0 0 0 0 0 0 0 0 0 0 0 0 0 0 0 0 0
  0 0 0 0 0 0 0 0 0 0 0 0 0 0 0 0 0 0 0 0 0 0 0 0 0 0 0 0 0 0 0 0 0 0 0 0 0 0 0
  0 0 0 0 0 0 0 0 0 0 0 0 0 0 0 0 0 0 0 0 0 0 0 0 0 0 0 0 0 0 0 0 0 0 0 0 0 0 0
  0 0 0 0 0 0 0 0 0 0 0 0 0 0 0 0 0 0 0 0 0 0 0 0 0 0 0 0 0 0 0 0 0 0 0 0 0 0 0
  0 0 0 0 0 0 0 0 0 0 0 0 0 0 0 0 0 0 0 0 0 0 0 0 0 0 0 0 0 0 0 0 0 0 0 0 0 0 0
  0 0 0 0 0 0 0 0 0 0 0 0 0 0 0 0 0 0 0 0 0 0 0 0 0 0 0 0 0 0 0 0 0 0 0 0 0 0 0
  0 0 0 0 0 0 0 0 0 0 0 0 0 0 0 0 0 0 0 0 0 0 0 0 0 0 0 0 0 0 0 0 0 0 0 0 0 0 0
  0 0 0 0 0 0 0 0 0 0 0 0 0 0 0 0 0 0 0 0 0 0 0 0 0 0 0 0 0 0 0 0 0 0 0 0 0 0 0
  0 0 0 0 0 0 0 0 0 0 0 0 0 0 0 0 0 0 0 0 0 0 0 0 0 0 0 0 0 0 0 0 0 0 0 0 0 0 0
  0 0 0 0 0 0 0 0 0 0 0 0 0 0 0 0 0 0 0 0 0 0 0 0 0 0 0 0 0 0 0 0 0 0 0 0 0 0 0
  0 0 0 0 0 0 0 0 0 0 0 0 0 0 0 0 0 0 0 0 0 0 0 0 0 0 0 0 0 0 0 0 0 0 0 0 0 0 0
  0 0 0 0 0 0 0 0 0 0 0 0 0 0 0 0 0 0 0 0 0 0 0 0 0 0 0 0 0 0 0 0 0 0 0 0 0 0 0
  0 0 0 0 0 0 0 0 0 0 0 0 0 0 0 0 0 0 0 0 0 0 0 0 0 0 0 0 0 0 0 0 0 0 0 0 0 0 0
  0 0 0 0 0 0 0 0 0 0 0 0 0 0 0 0 0 0 0 0 0 0 0 0 0 0 0 0 0 0 0 0 0 0 0 0 0 0 0
  0 0 0 0 0 0 0 0 0 0 0 0 0 0 0 0 0 0 0 0 0 0 0 0 0 0 0 0 0 0 0 0 0 0 0 0 0 0 0
  0 0 0 0 0 0 0 0 0 0 0 0 0 0 0 0 0 0 0 0 0 0 0 0 0 0 0 0 0 0 0 0 0 0 0 0 0 0 0
  0 0 0 0 0 0 0 0 0 0 0 0 0 0 0 0 0 0 0 0 0 0 0 0 0 0 0 0 0 0 0 0 0 0 0 0 0 0 0
  0 0 0 0 0 0 0 0 0 0 0 0 0 0 0 0 0 0 0 0 0 0 0 0 0 0 0 0 0 0 0 0 0 0 0 0 0 0 0
  0 0 0 0 0 0 0 0 0 0 0 0 0 0 0 0 0 0 0 0 0 0 0 0 0 0 0 0 0 0 0 0 0 0 0 0 0 0 0
  0 0 0 0 0 0 0 0 0 0 0 0 0 0 0 0 0 0 0 0 0 0 0 0 0 0 0 0 0 0 0 0 0 0 0 0 0 0 0
  0 0 0 0 0 0 0 0 0 0 0 0 0 0 0 0 0 0 0 0 0 0 0 0 0 0 0 0 0 0 0 0 0 0 0 0 0 0 0
  0 0 0 0 0 0 0 0 0 0 0 0 0 0 0 0 0 0 0 0 0 0 0 0 0 0 0 0 0 0 0 0 0 0 0 0 0 0 0
  0 0 0 0 0 0 0 0 0 0 0 0 0 0 0 0 0 0 0 0 0 0 0 0 0 0 0 0 0 0 0 0 0 0 0 0 0 0 0
  0 0 0 0 0 0 0 0 0 0 0 0 0 0 0 0 0 0 0 0 0 0 0 0 0 0 0 0 0 0 0 0 0 0 0 0 0 0 0
  0 0 0 0 0 0 0 0 0 0 0 0 0 0 0 0 0 0 0 0 0 0 0 0 0 0 0 0 0 0 0 0 0 0 0 0 0 0 0
  0 0 0 0 0 0 0 0 0 0 0 0 0 0 0 0 0 0 0 0 0 0 0 0 0 0 0 0 0 0 0 0 0 0 0 0 0 0 0
  0 0 0 0 0 0 0 0 0 0 0 0 0 0 0 0 0 0 0 0 0 0 0 0 0 0 0 0 0 0 0 0 0 0 0 0 0 0 0
  0 0 0 0 0 0 0 0 0 0 0 0 0 0 0 0 0 0 0 0 0 0 0 0 0 0 0 0 0 0 0 0 0 0 0 0 0 0 0
  0 0 0 0 0 0 0 0 0 0 0 0 0 0 0 0 0 0 0 0 0 0 0 0 0 0 0 0 0 0 0 0 0 0 0 0 0 0 0
  0 0 0 0 0 0 0 0 0 0 0 0 0 0 0 0 0 0 0 0 0 0 0 0 0 0 0 0 0 0 0 0 0 0 0 0 0 0 0
  0 0 0 0 0 0 0 0 0 0 0 0 0 0 0 0 0 0 0 0 0 0 0 0 0 0 0 0 0 0 0 0 0 0 0 0 0 0 0
  0 0 0 0 0 0 0 0 0 0 0 0 0 0 0 0 0 0 0 0 0 0 0 0 0 0 0 0 0 0 0 0 0 0 0 0 0 0 0
  0 0 0 0 0 0 0 0 0 0 0 0 0 0 0 0 0 0 0 0 0 0 0 0 0 0 0 0 0 0 0 0 0 0 0 0 0 0 0
  0 0 0 0 0 0 0 0 0 0 0 0 0 0 0 0 0 0 0 0 0 0 0 0 0 0 0 0 0 0 0 0 0 0 0 0 0 0 0
  0 0 0 0 0 0 0 0 0 0 0 0 0 0 0 0 0 0 0 0 0 0 0 0 0 0 0 0 0 0 0 0 0 0 0 0 0 0 0
  0 0 0 0 0 0 0 0 0 0 0 0 0 0 0 0 0 0 0 0 0 0 0 0 0 0 0 0 0 0 0 0 0 0 0 0 0 0 0
  0 0 0 0 0 0 0 0 0 0 0 0 0 0 0 0 0 0 0 0 0 0 0 0 0 0 0 0 0 0 0 0 0 0 0 0 0 0 0
  0 0 0 0 0 0 0 0 0 0 0 0 0 0 0 0 0 0 0 0 0 0 0 0 0 0 0 0 0 0 0 0 0 0 0 0 0 0 0
  0 0 0 0 0 0 0 0 0 0 0 0 0 0 0 0 0 0 0 0 0 0 0 0 0 0 0 0 0 0 0 0 0 0 0 0 0 0 0
  0 0 0 0 0 0 0 0 0 0 0 0 0 0 0 0 0 0 0 0 0 0 0 0 0 0 0 0 0 0 0 0 0 0 0 0 0 0 0
  0 0 0 0 0 0 0 0 0 0 0 0 0 0 0 0 0 0 0 0 0 0 0 0 0 0 0 0 0 0 0 0 0 0 0 0 0 0 0
  0 0 0 0 0 0 0 0 0 0 0 0 0 0 0 0 0 0 0 0 0 0 0 0 0 0 0 0 0 0 0 0 0 0 0 0 0 0 0
  0 0 0 0 0 0 0 0 0 0 0 0 0 0 0 0 0 0 0 0 0 0 0 0 0 0 0 0 0 0 0 0 0 0 0 0 0 0 0
  0 0 0 0 0 0 0 0 0 0 0 0 0 0 0 0 0 0 0 0 0 0 0 0 0 0 0 0 0 0 0 0 0 0 0 0 0 0 0
  0 0 0 0 0 0 0 0 0 0 0 0 0 0 0 0 0 0 0 0 0 0 0 0 0 0 0 0 0 0 0 0 0 0 0 0 0 0 0
  0 0 0 0 0 0 0 0 0 0 0 0 0 0 0 0 0 0 0 0 0 0 0 0 0 0 0 0 0 0 0 0 0 0 0 0 0 0 0
  0 0 0 0 0 0 0 0 0 0 0 0 0 0 0 0 0 0 0 0 0 0 0 0 0 0 0 0 0 0 0 0 0 0 0 0 0 0 0
  0 0 0 0 0 0 0 0 0 0 0 0 0 0 0 0 0 0 0 0 0 0 0 0 0 0 0 0 0 0 0 0 0 0 0 0 0 0 0
  0 0 0 0 0 0 0 0 0 0 0 0 0 0 0 0 0 0 0 0 0 0 0 0 0 0 0 0 0 0 0 0 0 0 0 0 0 0 0
  0 0 0 0 0 0 0 0 0 0 0 0 0 0 0 0 0 0 0 0 0 0 0 0 0 0 0 0 0 0 0 0 0 0 0 0 0 0 0
  0 0 0 0 0 0 0 0 0 0 0 0 0 0 0 0 0 0 0 0 0 0 0 0 0 0 0 0 0 0 0 0 0 0 0 0 0 0 0
  0 0 0 0 0 0 0 0 0 0 0 0 0 0 0 0 0 0 0 0 0 0 0 0 0 0 0 0 0 0 0 0 0 0 0 0 0 0 0
  0 0 0 0 0 0 0 0 0 0 0 0 0 0 0 0 0 0 0 0 0 0 0 0 0 0 0 0 0 0 0 0 0 0 0 0 0 0 0
  0 0 0 0 0 0 0 0 0 0 0 0 0 0 0 0 0 0 0 0 0 0 0 0 0 0 0 0 0 0 0 0 0 0 0 0 0 0 0
  0 0 0 0 0 0 0 0 0 0 0 0 0 0 0 0 0 0 0 0 0 0 0 0 0 0 0 0 0 0 0 0 0 0 0 0 0 0 0
  0 0 0 0 0 0 0 0 0 0 0 0 0 0 0 0 0 0 0 0 0 0 0 0 0 0 0 0 0 0 0 0 0 0 0 0 0 0 0
  0 0 0 0 0 0 0 0 0 0 0 0 0 0 0 0 0 0 0 0 0 0 0 0 0 0 0 0 0 0 0 0 0 0 0 0 0 0 0
  0 0 0 0 0 0 0 0 0 0 0 0 0 0 0 0 0 0 0 0 0 0 0 0 0 0 0 0 0 0 0 0 0 0 0 0 0 0 0
  0 0 0 0 0 0 0 0 0 0 0 0 0 0 0 0 0 0 0 0 0 0 0 0 0 0 0 0 0 0 0 0 0 0 0 0 0 0 0
  0 0 0 0 0 0 0 0 0 0 0 0 0 0 0 0 0 0 0 0 0 0 0 0 0 0 0 0 0 0 0 0 0 0 0 0 0 0 0
  0 0 0 0 0 0 0 0 0 0 0 0 0 0 0 0 0 0 0 0 0 0 0 0 0 0 0 0 0 0 0 0 0 0 0 0 0 0 0
  0 0 0 0 0 0 0 0 0 0 0 0 0 0 0 0 0 0 0 0 0 0 0 0 0 0 0 0 0 0 0 0 0 0 0 0 0 0 0
  0 0 0 0 0 0 0 0 0 0 0 0 0 0 0 0 0 0 0 0 0 0 0 0 0 0 0 0 0 0 0 0 0 0 0 0 0 0 0
  0 0 0 0 0 0 0 0 0 0 0 0 0 0 0 0 0 0 0 0 0 0 0 0 0 0 0 0 0 0 0 0 0 0 0 0 0 0 0
  0 0 0 0 0 0 0 0 0 0 0 0 0 0 0 0 0 0 0 0 0 0 0 0 0 0 0 0 0 0 0 0 0 0 0 0 0 0 0
  0) 
#(0 0 0 0 0 0 0 0 0 0 0 0 0 0 0 0 0 0 0 0 0 0 0 0 0 0 0 0 0 0 0 0 0 0 0 0 0 0 0
  0 0 0 0 0 0 0 0 0 0 0 0 0 0 0 0 0 0 0 0 0 0 0 0 0 0 0 0 0 0 0 0 0 0 0 0 0 0 0
  0 0 0 0 0 0 0 0 0 0 0 0 0 0 0 0 0 0 0 0 0 0 0 0 0 0 0 0 0 0 0 0 0 0 0 0 0 0 0
  0 0 0 0 0 0 0 0 0 0 0 0 0 0 0 0 0 0 0 0 0 0 0 0 0 0 0 0 0 0 0 0 0 0 0 0 0 0 0
  0 0 0 0 0 0 0 0 0 0 0 0 0 0 0 0 0 0 0 0 0 0 0 0 0 0 0 0 0 0 0 0 0 0 0 0 0 0 0
  0 0 0 0 0 0 0 0 0 0 0 0 0 0 0 0 0 0 0 0 0 0 0 0 0 0 0 0 0 0 0 0 0 0 0 0 0 0 0
  0 0 0 0 0 0 0 0 0 0 0 0 0 0 0 0 0 0 0 0 0 0 0 15 15 15 15 15 15 15 15 15 0 15
  15 15 15 0 0 15 15 15 15 0 15 0 15 0 0 0 15 15 15 0 0 15 15 15 15 15 15 0 0 0
  0 0 15 15 15 0 0 0 0 15 15 15 15 0 0 0 0 0 15 0 15 0 0 0 0 0 15 15 15 0 0 0 0
  0 0 0 0 0 0 0 0 0 0 0 15 0 0 0 0 0 0 0 0 0 0 0 0 0 0 0 0 0 0 0 0 0 0 0 0 0 0
  0 0 0 0 0 0 0 0 0 0 0 0 0 0 0 0 0 0 0 0 0 0 0 0 0 0 0 0 0 0 0 0 0 0 0 0 0 0 0
  0 0 0 0 0 0 0 0 0 0 0 0 0 0 0 0 0 0 0 0 0 0 0 0 0 0 0 0 0 0 0 0 0 0 0 0 0 0 0
  0 0 0 0 0 0 0 0 0 0 0 0 0 0 0 0 0 0 0 0 0 0 0 0 0 0 0 0 0 0 0 0 0 0 0 0 0 0 0
  0 0 0 0 0 0 0 0 0 0 0 0 0 0 0 0 0 0 0 0 0 0 0 0 0 0 0 15 15 0 0 0 0 0 15 15
  15 15 15 15 15 0 0 15 15 0 0 0 0 0 15 0 15 15 15 15 15 0 0 15 15 0 0 0 0 0 15
  15 15 15 15 15 15 0 0 15 15 15 0 0 0 15 15 15 15 15 15 15 15 0 0 15 15 15 15
  15 15 15 0 15 15 15 15 15 15 0 0 0 15 15 15 15 15 15 15 15 15 15 15 15 15 0 0
  0 0 15 15 15 15 15 15 15 15 15 15 15 15 0 0 0 0 0 15 15 15 0 0 0 0 15 15 15
  15 15 0 0 0 0 15 15 15 0 0 0 0 0 15 15 15 0 0 0 0 0 0 0 15 0 0 0 0 0 15 0 15
  0 0 0 0 0 0 0 0 0 0 0 0 0 15 15 15 0 0 0 0 0 0 0 0 0 0 0 0 0 0 15 0 0 0 0 0 0
  0 0 0 0 0 0 0 0 0 0 0 0 0 0 0 0 0 0 0 0 0 0 0 0 0 0 0 0 0 0 0 0 0 0 0 0 0 0 0
  0 0 0 0 0 0 0 0 0 0 0 0 0 0 0 0 0 0 0 0 0 15 15 15 0 0 0 0 0 15 15 15 15 15
  15 15 15 0 15 15 0 0 0 0 0 15 0 15 15 15 15 15 0 0 15 15 0 0 0 0 0 0 0 0 15
  15 15 15 0 0 15 15 0 0 0 0 0 0 0 0 15 15 15 15 0 0 15 15 15 15 15 0 0 0 0 0
  15 15 15 15 0 0 15 15 15 15 15 0 0 0 0 0 15 15 15 15 0 0 15 15 15 15 15 0 0 0
  0 0 15 15 15 15 0 0 15 15 15 15 15 15 15 15 15 15 15 15 15 15 15 0 0 15 15 15
  15 15 15 15 15 15 15 15 15 15 15 0 0 0 15 15 15 15 15 15 15 15 15 15 0 15 0 0
  0 0 0 15 15 15 0 15 15 0 15 15 15 15 0 0 0 0 0 15 15 15 0 0 0 0 15 15 15 15 0
  0 0 0 0 0 15 15 0 0 0 0 15 15 15 0 0 0 0 0 0 0 0 0 0 0 0 0 0 0 0 0 0 0 0 0 0
  0 0 0 0 0 0 0 0 0 0 0 0 0 0 0 0 0 0 0 0 0 0 0 0 0 0 0 0 15 15 15 15 15 0 15 0
  0 0 0 0 15 15 15 0 0 15 15 15 0 0 0 0 0 0 0 0 15 15 15 0 0 15 15 15 15 0 0 0
  0 0 0 0 15 15 15 0 0 15 15 15 15 15 0 0 0 0 0 0 15 15 15 0 0 15 15 15 15 15 0
  0 0 0 0 15 15 15 15 0 0 15 15 15 15 15 0 0 0 0 0 15 15 15 15 0 0 15 15 15 15
  15 15 0 0 0 15 15 15 15 15 0 0 15 15 15 15 15 15 15 15 15 15 0 0 0 0 0 0 15
  15 15 15 15 15 15 15 15 15 0 0 0 0 0 0 15 15 15 15 15 15 15 15 15 15 0 0 0 0
  0 0 0 15 15 15 15 15 15 15 15 15 0 0 0 0 0 0 0 15 15 15 15 15 15 15 15 15 0 0
  0 0 0 0 0 0 15 15 15 15 0 0 0 0 15 15 15 15 0 0 0 0 0 0 15 15 0 0 0 0 15 15
  15 0 0 0 0 0 0 0 0 0 0 0 0 0 0 0 15 0 0 0 0 0 0 0 0 0 0 0 0 0 0 0 0 0 0 15 15
  15 15 15 0 15 0 0 0 0 0 15 15 15 0 0 15 15 15 0 0 0 0 0 0 0 0 15 15 15 0 0 15
  15 15 15 0 15 0 0 0 0 0 15 15 15 0 0 15 15 15 15 15 15 0 0 0 0 0 15 15 15 0 0
  15 15 15 15 15 15 0 0 0 15 15 15 15 15 0 0 15 15 15 15 15 15 15 0 0 15 15 15
  15 15 0 0 15 15 15 15 15 15 15 15 15 15 15 15 15 15 0 0 15 15 15 15 15 15 15
  15 15 15 0 0 0 0 0 0 15 15 15 15 15 15 15 15 15 15 0 0 0 0 0 0 15 15 15 15 15
  15 15 15 15 15 0 0 0 0 0 0 15 15 15 15 15 15 15 15 15 15 0 0 0 0 0 0 15 15 15
  15 15 15 15 15 15 15 15 0 0 0 0 0 15 15 15 15 15 15 15 15 15 15 15 15 15 15 0
  0 0 0 15 0 15 15 0 15 0 0 15 15 15 15 0 0 0 0 0 15 15 15 0 0 0 0 15 15 15 15
  0 0 0 0 0 0 0 0 0 0 0 0 15 15 15 0 15 15 15 15 15 15 15 15 15 0 0 15 15 15 15
  15 0 0 15 15 15 15 15 15 15 0 0 0 15 15 15 15 0 0 15 15 15 15 15 15 15 15 0 0
  15 15 15 15 0 0 15 15 15 15 15 15 15 0 15 15 15 15 15 15 0 0 15 15 15 15 15
  15 0 0 0 15 15 15 15 15 0 0 15 15 15 15 15 15 15 0 15 15 15 15 15 15 0 0 15
  15 15 15 15 15 15 15 15 15 15 15 15 15 0 0 15 15 15 15 15 15 15 15 15 15 15
  15 15 15 0 0 15 15 15 15 15 15 15 15 15 15 15 0 0 0 0 0 15 15 15 15 15 15 15
  15 15 15 15 0 0 0 0 0 15 15 15 15 15 15 15 15 15 15 15 0 0 15 0 0 15 15 15 15
  15 15 15 15 15 15 15 15 15 15 0 0 15 15 15 15 15 15 15 15 15 15 15 15 15 15 0
  0 15 15 15 0 15 15 15 15 15 15 15 15 15 15 0 0 15 15 15 15 15 15 15 15 15 15
  15 15 15 15 0 0 0 0 15 15 15 15 0 0 0 0 15 15 15 15 0 15 15 15 15 15 15 15 15
  15 0 15 15 15 15 15 15 0 15 15 15 15 15 15 15 0 0 0 15 15 15 15 15 0 15 15 15
  15 15 15 15 15 0 15 15 15 15 15 15 0 15 15 15 15 15 15 15 15 15 15 15 15 15
  15 15 15 15 15 15 15 15 15 15 15 15 15 15 15 15 15 15 0 15 15 15 15 15 15 15
  15 15 15 15 15 15 15 0 0 15 15 15 15 15 15 15 15 15 15 15 15 15 15 0 0 15 15
  15 15 15 15 15 15 15 15 15 15 15 15 0 0 15 15 15 15 15 15 15 15 15 15 15 15 0
  15 0 0 15 15 15 15 15 15 15 15 15 15 15 0 0 0 0 0 15 15 15 15 15 15 15 15 15
  15 15 15 0 15 0 0 15 15 15 15 15 15 15 15 15 15 15 15 15 15 15 15 15 15 15 15
  15 15 15 15 15 15 15 15 15 15 15 0 15 15 15 0 15 15 15 15 15 15 15 15 15 15
  15 0 15 15 15 15 15 15 15 15 15 15 15 15 15 15 0 0 15 15 15 15 15 15 15 15 15
  15 15 15 15 15 0 15 15 15 15 15 15 15 15 15 15 15 15 15 15 15 0 15 15 15 15
  15 15 15 15 15 15 15 15 15 15 15 0 15 15 15 15 15 15 15 15 15 15 15 15 15 15
  15 0 15 15 15 15 15 15 15 15 15 15 15 15 15 15 15 15 15 15 15 15 15 15 15 15
  15 15 15 15 15 15 15 0 0 15 15 15 15 15 15 15 15 15 15 15 15 15 15 0 0 15 15
  15 15 15 15 15 15 15 15 15 15 15 15 0 0 15 15 15 15 15 15 15 15 15 15 15 15
  15 15 0 0 15 15 15 15 15 15 15 15 15 15 15 15 15 15 0 0 15 15 15 15 15 15 15
  15 15 15 15 15 15 15 0 0 15 15 0 15 15 15 15 15 15 15 15 15 15 15 0 15 15 0 0
  0 15 15 15 15 15 15 15 15 15 15 15 15 15 15 0 15 15 15 15 15 15 15 15 15 15
  15 0 15 15 15 15 0 15 0 15 15 15 15 15 15 15 15 0 15 15 15 15 15 0 0 0 15 15
  15 15 15 15 15 0 15 15 15 15 15 15 0 15 15 15 15 15 15 15 15 15 15 15 15 15
  15 15 15 15 15 15 15 15 15 15 15 0 0 15 15 15 15 15 15 15 15 15 15 15 15 15
  15 0 0 15 15 15 15 15 15 15 15 15 15 15 15 15 15 0 0 15 15 15 15 15 15 15 15
  15 15 15 15 15 15 0 0 15 15 15 15 15 15 15 15 15 15 15 15 15 15 0 0 15 15 15
  15 15 15 15 15 15 15 15 15 15 15 0 0 15 15 15 15 15 15 15 15 15 15 15 15 15
  15 0 0 15 15 15 15 15 15 15 15 15 15 15 15 15 15 0 0 15 15 15 15 15 15 15 15
  15 15 15 15 15 15 0 0 15 0 0 0 15 15 15 15 15 15 15 15 15 15 0 0 0 0 0 0 0 15
  15 15 15 15 15 15 15 15 0 0 0 0 0 0 0 15 15 15 15 15 15 15 15 15 0 0 0 0 0 0
  0 0 0 15 15 15 15 15 15 15 0 0 0 0 0 0 0 0 0 0 15 15 15 15 15 15 0 0 0 15 0 0
  0 0 0 0 15 15 15 15 15 15 0 0 15 0 0 0 0 0 0 0 15 15 15 15 15 15 15 15 15 15
  15 15 15 15 15 15 15 15 15 15 15 15 0 0 15 15 15 15 15 15 15 15 15 15 15 15
  15 15 0 0 15 15 15 15 15 15 15 15 15 15 15 15 15 15 0 0 15 15 15 15 15 15 15
  15 15 15 15 15 15 15 0 0 15 15 15 15 15 15 15 15 15 15 15 15 15 15 0 0 15 15
  15 15 15 15 15 15 15 15 15 15 15 15 0 0 15 15 15 15 15 15 15 15 15 15 15 15
  15 15 0 0 15 15 15 15 15 15 15 15 15 15 15 15 15 15 0 0 15 15 15 15 15 15 15
  15 15 15 15 15 15 15 0 0 15 0 0 0 15 15 15 15 15 15 15 15 15 15 0 0 0 0 0 0 0
  15 15 15 15 15 15 15 15 15 0 0 0 0 0 0 0 15 15 15 15 15 15 15 15 15 0 0 0 0 0
  0 0 0 0 15 15 15 15 15 15 15 0 0 0 0 0 0 0 0 0 0 15 15 15 15 15 15 0 0 0 0 0
  0 0 0 0 0 15 15 15 15 15 15 0 0 0 0 0 0 0 0 0 0 15 15 15 15 15 15 15 15 15 15
  15 15 15 15 15 15 15 15 15 15 15 15 15 0 15 15 15 15 15 15 15 15 15 15 15 15
  15 15 0 0 15 15 15 15 15 15 15 15 15 15 15 15 15 15 0 0 15 15 15 15 15 15 15
  15 15 15 15 15 15 15 0 0 15 15 15 15 15 15 15 15 15 15 15 15 15 15 0 0 15 15
  15 15 15 15 15 15 15 15 15 15 15 15 0 0 15 15 15 15 15 15 15 15 15 15 15 15
  15 15 0 0 15 15 15 15 15 15 15 15 15 15 15 15 15 15 0 15 15 15 15 15 15 15 15
  15 15 15 15 15 15 15 0 0 15 0 0 0 15 15 15 15 15 15 15 15 15 15 0 0 0 0 0 0 0
  15 15 15 15 15 15 15 15 15 0 0 0 0 0 0 0 15 15 15 15 15 15 15 15 15 0 0 0 0 0
  0 0 0 0 0 15 15 15 15 15 15 0 0 0 0 0 0 0 0 0 0 0 15 15 15 15 15 0 0 0 0 0 0
  0 0 0 0 0 15 15 15 15 15 0 0 0 0 0 0 0 0 0 0 0 15 15 15 15 15 15 15 15 15 15
  15 15 15 15 15 15 15 15 15 15 15 0 0 15 15 15 15 15 15 15 15 15 15 15 15 15
  15 0 0 15 15 15 15 15 15 15 15 15 15 15 15 15 15 0 0 15 15 15 15 15 15 15 15
  15 15 15 15 15 15 0 0 15 15 15 15 15 15 15 15 15 15 15 15 15 15 0 0 15 15 15
  15 15 15 15 15 15 15 15 15 15 15 0 0 15 15 15 15 15 15 15 15 15 15 15 15 15
  15 0 15 15 15 15 15 15 15 15 15 15 15 15 15 15 15 0 15 15 15 15 15 15 15 15
  15 15 15 15 15 15 15 0 0 15 15 15 15 15 15 15 15 15 15 15 15 15 15 0 0 15 15
  0 15 15 15 15 15 15 15 15 15 15 15 0 0 0 0 0 0 15 15 15 15 15 15 15 15 15 15
  0 0 0 0 0 0 15 0 0 0 15 15 15 15 15 15 0 0 0 0 0 0 0 0 0 0 0 15 15 15 15 15 0
  0 0 0 0 0 0 0 0 0 0 15 15 15 15 15 0 0 0 0 0 0 0 0 0 0 0 15 15 15 15 15 15 15
  15 15 15 15 15 15 15 15 15 15 15 15 15 15 0 0 15 15 15 15 15 15 15 15 15 15
  15 15 15 15 0 0 15 15 15 15 15 15 15 15 15 15 15 15 15 15 0 0 15 15 15 15 15
  15 15 15 15 15 15 15 15 15 0 0 15 15 15 15 15 15 15 15 15 15 15 15 15 15 0 0
  15 15 15 15 15 15 15 15 15 15 15 15 15 15 0 0 15 15 15 15 15 15 15 15 15 15
  15 15 15 15 0 0 15 15 15 15 15 15 15 15 15 15 15 15 15 15 0 15 15 15 15 15 15
  15 15 15 15 15 15 15 15 15 0 0 15 15 15 15 15 15 15 15 15 15 15 15 15 15 0 0
  15 15 15 15 15 15 15 15 15 15 15 15 15 15 0 0 0 0 0 0 0 15 15 15 15 15 15 15
  15 15 0 0 0 0 0 0 0 0 0 0 15 15 15 15 15 15 0 0 0 0 0 0 0 0 0 0 0 15 15 15 15
  15 0 0 0 0 0 0 0 0 0 0 0 15 15 15 15 15 0 0 0 0 0 0 0 0 0 0 0 15 15 15 15 15
  0 15 15 15 15 15 15 15 15 15 15 15 15 15 15 15 0 0 15 15 15 15 15 15 15 15 15
  15 15 15 15 15 0 0 15 15 15 15 15 15 15 15 15 15 15 15 15 15 0 0 15 15 15 15
  15 15 15 15 15 15 15 15 15 15 0 0 15 15 15 15 15 15 15 15 15 15 15 15 15 15 0
  0 15 15 15 15 15 15 15 15 15 15 15 15 15 15 0 0 15 15 15 15 15 15 15 15 15 15
  15 15 15 15 0 0 15 15 15 15 15 15 15 15 15 15 15 15 15 15 0 15 15 15 15 15 15
  15 15 15 15 15 15 15 15 15 0 0 15 15 15 15 15 15 15 15 15 15 15 15 15 15 0 0
  15 15 15 15 15 15 15 15 15 15 15 15 15 15 0 0 0 0 0 0 0 15 15 15 15 15 15 15
  15 15 0 0 0 0 0 0 0 0 15 15 15 15 15 15 15 15 0 0 0 0 0 0 0 0 0 15 15 15 15
  15 15 15 0 0 0 0 0 0 0 0 0 0 15 15 15 15 15 15 0 0 0 0 0 0 0 0 0 15 15 15 15
  15 15 15 0 0 0 0 0 0 0 0 0 0 0 0 0 0 0 0 0 0 0 0 0 0 0 0 0 0 0 0 0 0 0 0 0 0
  0 0 0 0 0 0 0 0 0 0 0 0 0 0 0 0 0 0 0 0 0 0 0 0 0 0 0 0 0 0 0 0 0 0 0 0 0 0 0
  0 0 0 0 0 0 0 0 0 0 0 0 0 0 0 0 0 0 0 0 0 0 0 0 0 0 0 0 0 0 0 0 0 0 0 0 0 0 0
  0 0 0 0 0 0 0 0 0 0 0 0 0 0 0 0 0 0 0 0 0 0 0 0 0 0 0 0 0 0 0 0 0 0 0 0 0 0 0
  0 0 0 0 0 0 0 0 0 0 0 0 0 0 0 0 0 0 0 0 0 0 0 0 0 0 0 0 0 0 0 0 0 0 0 0 0 0 0
  0 0 0 0 0 0 0 0 0 0 0 0 0 0 0 0 0 0 0 0 0 0 0 0 0 0 0 0 0 0 0 0 0 0 0 0 0 0 0
  0 0 0 0 0 0 0 0 0 0 0 0 0 0 0 0 0 0 0 0 0 0 0 0 0 0 0 0) 