
#(49 49 49 49 49 49 49 49 49 49 49 49 49 49 49 49 0 0 0 0 0 0 0 0 0 0 0 0 0 0 0
  0 0 0 0 0 0 0 0 0 0 0 0 0 0 0 0 0 0 0 0 0 0 0 0 0 0 0 0 0 0 0 0 0 0 0 0 0 0 0
  0 0 0 0 0 0 0 0 0 0 0 0 0 0 0 0 0 0 0 0 0 0 0 0 0 0 0 0 0 0 0 0 0 0 0 0 0 0 0
  0 0 0 0 0 0 0 0 0 0 0 0 0 0 0 0 0 0 0 0 0 0 0 0 0 0 0 0 0 0 0 0 0 0 0 0 0 0 0
  0 0 0 0 0 0 0 0 0 0 0 0 0 0 0 0 0 0 0 0 0 0 0 0 0 0 0 0 0 0 0 0 0 0 0 0 0 0 0
  0 0 0 0 0 0 0 0 0 0 0 0 0 0 0 0 0 0 0 0 0 0 0 0 0 0 0 0 0 0 0 0 0 0 0 0 0 0 0
  0 0 0 0 0 0 0 0 0 0 0 0 0 0 0 0 0 0 0 0 0 0 0 0 0 0 0 0 0 0 0 0 0 0 0 0 0 0 0
  0 0 0 0 0 0 0 0 0 0 0 0 0 0 0 0 0 0 0 0 0 0 0 0 0 0 0 0 0 0 0 0 0 0 0 0 0 0 0
  0 0 0 0 0 0 0 0 0 0 0 0 0 0 0 0 0 0 0 0 0 0 0 0 0 0 0 0 0 0 0 0 0 0 0 0 0 0 0
  0 0 0 0 0 0 0 0 0 0 0 0 0 0 0 0 0 0 0 0 0 0 0 0 0 0 0 0 0 0 0 0 0 0 0 0 0 0 0
  0 0 0 0 0 0 0 0 0 0 0 0 0 0 0 0 0 0 0 0 0 0 0 0 0 0 0 0 0 0 0 0 0 0 0 0 0 0 0
  0 0 0 0 0 0 0 0 0 0 0 0 0 0 0 0 0 0 0 0 0 0 0 0 0 0 0 0 0 0 0 0 0 0 0 0 0 0 0
  0 0 0 0 0 0 0 0 0 0 0 0 0 0 0 0 0 0 0 0 0 0 0 0 0 0 0 0 0 0 0 0 0 0 0 0 0 0 0
  0 0 0 0 0 0 0 0 0 0 0 0 0 0 0 0 0 0 0 0 0 0 0 0 0 0 0 0 0 0 0 0 0 0 0 0 0 0 0
  0 0 0 0 0 0 0 0 0 0 0 0 0 0 0 0 0 0 0 0 0 0 0 0 0 0 0 0 0 0 0 0 0 0 0 0 0 0 0
  0 0 0 0 0 0 0 0 0 0 0 0 0 0 0 0 0 0 0 0 0 0 0 0 0 0 0 0 0 0 0 0 0 0 0 0 0 0 0
  0 0 0 0 0 0 0 0 0 0 0 0 0 0 0 0 0 0 0 0 0 0 0 0 0 0 0 0 0 0 0 0 0 0 0 0 0 0 0
  0 0 0 0 0 0 0 0 0 0 0 0 0 0 0 0 0 0 0 0 0 0 0 0 0 0 0 0 0 0 0 0 0 0 0 0 0 0 0
  0 0 0 0 0 0 0 0 0 0 0 0 0 0 0 0 0 0 0 0 0 0 0 0 0 0 0 0 0 0 0 0 0 0 0 0 0 0 0
  0 0 0 0 0 0 0 0 0 0 0 0 0 0 0 0 0 0 0 0 0 0 0 0 0 0 0 0 0 0 0 0 0 0 0 0 0 0 0
  0 0 0 0 0 0 0 0 0 0 0 0 0 0 0 0 0 0 0 0 0 0 0 0 0 0 0 0 0 0 0 0 0 0 0 0 0 0 0
  0 0 0 0 0 0 0 0 0 0 0 0 0 0 0 0 0 0 0 0 0 0 0 0 0 0 0 0 0 0 0 0 0 0 0 0 0 0 0
  0 0 0 0 0 0 0 0 0 0 0 0 0 0 0 0 0 0 0 0 0 0 0 0 0 0 0 0 0 0 0 0 0 0 0 0 0 0 0
  0 0 0 0 0 0 0 0 0 0 0 0 0 0 0 0 0 0 0 0 0 0 0 0 0 0 0 0 0 0 0 0 0 0 0 0 0 0 0
  0 0 0 0 0 0 0 0 0 0 0 0 0 0 0 0 0 0 0 0 0 0 0 0 0 0 0 0 0 0 0 0 0 0 0 0 0 0 0
  0 0 0 0 0 0 0 0 0 0 0 0 0 0 0 0 0 0 0 0 0 0 0 0 0 0 0 0 0 0 0 0 0 0 0 0 0 0 0
  0 0 0 0 0 0 0 0 0 0 0 0 0 0 0 0 0 0 0 0 0 0 0 0 0 0 0 0 0 0 0 0 0 0 0 0 0 0 0
  0 0 0 0 0 0 0 0 0 0 0 0 0 0 0 0 0 0 0 0 0 0 0 0 0 0 0 0 0 0 0 0 0 0 0 0 0 0 0
  0 0 0 0 0 0 0 0 0 0 0 0 0 0 0 0 0 0 0 0 0 0 0 0 0 0 0 0 0 0 0 0 0 0 0 0 0 0 0
  0 0 0 0 0 0 0 0 0 0 0 0 0 0 0 0 0 0 0 0 0 0 0 0 0 0 0 0 0 0 0 0 0 0 0 0 0 0 0
  0 0 0 0 0 0 0 0 0 0 0 0 0 0 0 0 0 0 0 0 0 0 0 0 0 0 0 0 0 0 0 0 0 0 0 0 0 0 0
  0 0 0 0 0 0 0 0 0 0 0 0 0 0 0 0 0 0 0 0 0 0 0 0 0 0 0 0 0 0 0 0 0 0 0 0 0 0 0
  0 0 0 0 0 0 0 0 0 0 0 0 0 0 0 0 0 0 0 0 0 0 0 0 0 0 0 0 0 0 0 0 0 0 0 0 0 0 0
  0 0 0 0 0 0 0 0 0 0 0 0 0 0 0 0 0 0 0 0 0 0 0 0 0 0 0 0 0 0 0 0 0 0 0 0 0 0 0
  0 0 0 0 0 0 0 0 0 0 0 0 0 0 0 0 0 0 0 0 0 0 0 0 0 0 0 0 0 0 0 0 0 0 0 0 0 0 0
  0 0 0 0 0 0 0 0 0 0 0 0 0 0 0 0 0 0 0 0 0 0 0 0 0 0 0 0 0 0 0 0 0 0 0 0 0 0 0
  0 0 0 0 0 0 0 0 0 0 0 0 0 0 0 0 0 0 0 0 0 0 0 0 0 0 0 0 0 0 0 0 0 0 0 0 0 0 0
  0 0 0 0 0 0 0 0 0 0 0 0 0 0 0 0 0 0 0 0 0 0 0 0 0 0 0 0 0 0 0 0 0 0 0 0 0 0 0
  0 0 0 0 0 0 0 0 0 0 0 0 0 0 0 0 0 0 0 0 0 0 0 0 0 0 0 0 0 0 0 0 0 0 0 0 0 0 0
  0 0 0 0 0 0 0 0 0 0 0 0 0 0 0 0 0 0 0 0 0 0 0 0 0 0 0 0 0 0 0 0 0 0 0 0 0 0 0
  0 0 0 0 0 0 0 0 0 0 0 0 0 0 0 0 0 0 0 0 0 0 0 0 0 0 0 0 0 0 0 0 0 0 0 0 0 0 0
  0 0 0 0 0 0 0 0 0 0 0 0 0 0 0 0 0 0 0 0 0 0 0 0 0 0 0 0 0 0 0 0 0 0 0 0 0 0 0
  0 0 0 0 0 0 0 0 0 0 0 0 0 0 0 0 0 0 0 0 0 0 0 0 0 0 0 0 0 0 0 0 0 0 0 0 0 0 0
  0 0 0 0 0 0 0 0 0 0 0 0 0 0 0 0 0 0 0 0 0 0 0 0 0 0 0 0 0 0 0 0 0 0 0 0 0 0 0
  0 0 0 0 0 0 0 0 0 0 0 0 0 0 0 0 0 0 0 0 0 0 0 0 0 0 0 0 0 0 0 0 0 0 0 0 0 0 0
  0 0 0 0 0 0 0 0 0 0 0 0 0 0 0 0 0 0 0 0 0 0 0 0 0 0 0 0 0 0 0 0 0 0 0 0 0 0 0
  0 0 0 0 0 0 0 0 0 0 0 0 0 0 0 0 0 0 0 0 0 0 0 0 0 0 0 0 0 0 0 0 0 0 0 0 0 0 0
  0 0 0 0 0 0 0 0 0 0 0 0 0 0 0 0 0 0 0 0 0 0 0 0 0 0 0 0 0 0 0 0 0 0 0 0 0 0 0
  0 0 0 0 0 0 0 0 0 0 0 0 0 0 0 0 0 0 0 0 0 0 0 0 0 0 0 0 0 0 0 0 0 0 0 0 0 0 0
  0 0 0 0 0 0 0 0 0 0 0 0 0 0 0 0 0 0 0 0 0 0 0 0 0 0 0 0 0 0 0 0 0 0 0 0 0 0 0
  0 0 0 0 0 0 0 0 0 0 0 0 0 0 0 0 0 0 0 0 0 0 0 0 0 0 0 0 0 0 0 0 0 0 0 0 0 0 0
  0 0 0 0 0 0 0 0 0 0 0 0 0 0 0 0 0 0 0 0 0 0 0 0 0 0 0 0 0 0 0 0 0 0 0 0 0 0 0
  0 0 0 0 0 0 0 0 0 0 0 0 0 0 0 0 0 0 0 0 0 0 0 0 0 0 0 0 0 0 0 0 0 0 0 0 0 0 0
  0 0 0 0 0 0 0 0 0 0 0 0 0 0 0 0 0 0 0 0 0 0 0 0 0 0 0 0 0 0 0 0 0 0 0 0 0 0 0
  0 0 0 0 0 0 0 0 0 0 0 0 0 0 0 0 0 0 0 0 0 0 0 0 0 0 0 0 0 0 0 0 0 0 0 0 0 0 0
  0 0 0 0 0 0 0 0 0 0 0 0 0 0 0 0 0 0 0 0 0 0 0 0 0 0 0 0 0 0 0 0 0 0 0 0 0 0 0
  0 0 0 0 0 0 0 0 0 0 0 0 0 0 0 0 0 0 0 0 0 0 0 0 0 0 0 0 0 0 0 0 0 0 0 0 0 0 0
  0 0 0 0 0 0 0 0 0 0 0 0 0 0 0 0 0 0 0 0 0 0 0 0 0 0 0 0 0 0 0 0 0 0 0 0 0 0 0
  0 0 0 0 0 0 0 0 0 0 0 0 0 0 0 0 0 0 0 0 0 0 0 0 0 0 0 0 0 0 0 0 0 0 0 0 0 0 0
  0 0 0 0 0 0 0 0 0 0 0 0 0 0 0 0 0 0 0 0 0 0 0 0 0 0 0 0 0 0 0 0 0 0 0 0 0 0 0
  0 0 0 0 0 0 0 0 0 0 0 0 0 0 0 0 0 0 0 0 0 0 0 0 0 0 0 0 0 0 0 0 0 0 0 0 0 0 0
  0 0 0 0 0 0 0 0 0 0 0 0 0 0 0 0 0 0 0 0 0 0 0 0 0 0 0 0 0 0 0 0 0 0 0 0 0 0 0
  0 0 0 0 0 0 0 0 0 0 0 0 0 0 0 0 0 0 0 0 0 0 0 0 0 0 0 0 0 0 0 0 0 0 0 0 0 0 0
  0 0 0 0 0 0 0 0 0 0 0 0 0 0 0 0 0 0 0 0 0 0 0 0 0 0 0 0 0 0 0 0 0 0 0 0 0 0 0
  0 0 0 0 0 0 0 0 0 0 0 0 0 0 0 0 0 0 0 0 0 0 0 0 0 0 0 0 0 0 0 0 0 0 0 0 0 0 0
  0 0 0 0 0 0 0 0 0 0 0 0 0 0 0 0 0 0 0 0 0 0 0 0 0 0 0 0 0 0 0 0 0 0 0 0 0 0 0
  0 0 0 0 0 0 0 0 0 0 0 0 0 0 0 0 0 0 0 0 0 0 0 0 0 0 0 0 0 0 0 0 0 0 0 0 0 0 0
  0 0 0 0 0 0 0 0 0 0 0 0 0 0 0 0 0 0 0 0 0 0 0 0 0 0 0 0 0 0 0 0 0 0 0 0 0 0 0
  0 0 0 0 0 0 0 0 0 0 0 0 0 0 0 0 0 0 0 0 0 0 0 0 0 0 0 0 0 0 0 0 0 0 0 0 0 0 0
  0 0 0 0 0 0 0 0 0 0 0 0 0 0 0 0 0 0 0 0 0 0 0 0 0 0 0 0 0 0 0 0 0 0 0 0 0 0 0
  0 0 0 0 0 0 0 0 0 0 0 0 0 0 0 0 0 0 0 0 0 0 0 0 0 0 0 0 0 0 0 0 0 0 0 0 0 0 0
  0 0 0 0 0 0 0 0 0 0 0 0 0 0 0 0 0 0 0 0 0 0 0 0 0 0 0 0 0 0 0 0 0 0 0 0 0 0 0
  0 0 0 0 0 0 0 0 0 0 0 0 0 0 0 0 0 0 0 0 0 0 0 0 0 0 0 0 0 0 0 0 0 0 0 0 0 0 0
  0 0 0 0 0 0 0 0 0 0 0 0 0 0 0 0 0 0 0 0 0 0 0 0 0 0 0 0 0 0 0 0 0 0 0 0 0 0 0
  0 0 0 0 0 0 0 0 0 0 0 0 0 0 0 0 0 0 0 0 0 0 0 0 0 0 0 0 0 0 0 0 0 0 0 0 0 0 0
  0 0 0 0 0 0 0 0 0 0 0 0 0 0 0 0 0 0 0 0 0 0 0 0 0 0 0 0 0 0 0 0 0 0 0 0 0 0 0
  0 0 0 0 0 0 0 0 0 0 0 0 0 0 0 0 0 0 0 0 0 0 0 0 0 0 0 0 0 0 0 0 0 0 0 0 0 0 0
  0 0 0 0 0 0 0 0 0 0 0 0 0 0 0 0 0 0 0 0 0 0 0 0 0 0 0 0 0 0 0 0 0 0 0 0 0 0 0
  0 0 0 0 0 0 0 0 0 0 0 0 0 0 0 0 0 0 0 0 0 0 0 0 0 0 0 0 0 0 0 0 0 0 0 0 0 0 0
  0 0 0 0 0 0 0 0 0 0 0 0 0 0 0 0 0 0 0 0 0 0 0 0 0 0 0 0 0 0 0 0 0 0 0 0 0 0 0
  0 0 0 0 0 0 0 0 0 0 0 0 0 0 0 0 0 0 0 0 0 0 0 0 0 0 0 0 0 0 0 0 0 0 0 0 0 0 0
  0 0 0 0 0 0 0 0 0 0 0 0 0 0 0 0 0 0 0 0 0 0 0 0 0 0 0 0 0 0 0 0 0 0 0 0 0 0 0
  0 0 0 0 0 0 0 0 0 0 0 0 0 0 0 0 0 0 0 0 0 0 0 0 0 0 0 0 0 0 0 0 0 0 0 0 0 0 0
  0 0 0 0 0 0 0 0 0 0 0 0 0 0 0 0 0 0 0 0 0 0 0 0 0 0 0 0 0 0 0 0 0 0 0 0 0 0 0
  0 0 0 0 0 0 0 0 0 0 0 0 0 0 0 0 0 0 0 0 0 0 0 0 0 0 0 0 0 0 0 0 0 0 0 0 0 0 0
  0 0 0 0 0 0 0 0 0 0 0 0 0 0 0 0 0 0 0 0 0 0 0 0 0 0 0 0 0 0 0 0 0 0 0 0 0 0 0
  0 0 0 0 0 0 0 0 0 0 0 0 0 0 0 0 0 0 0 0 0 0 0 0 0 0 0 0 0 0 0 0 0 0 0 0 0 0 0
  0 0 0 0 0 0 0 0 0 0 0 0 0 0 0 0 0 0 0 0 0 0 0 0 0 0 0 0 0 0 0 0 0 0 0 0 0 0 0
  0 0 0 0 0 0 0 0 0 0 0 0 0 0 0 0 0 0 0 0 0 0 0 0 0 0 0 0 0 0 0 0 0 0 0 0 0 0 0
  0 0 0 0 0 0 0 0 0 0 0 0 0 0 0 0 0 0 0 0 0 0 0 0 0 0 0 0 0 0 0 0 0 0 0 0 0 0 0
  0 0 0 0 0 0 0 0 0 0 0 0 0 0 0 0 0 0 0 0 0 0 0 0 0 0 0 0 0 0 0 0 0 0 0 0 0 0 0
  0 0 0 0 0 0 0 0 0 0 0 0 0 0 0 0 0 0 0 0 0 0 0 0 0 0 0 0 0 0 0 0 0 0 0 0 0 0 0
  0 0 0 0 0 0 0 0 0 0 0 0 0 0 0 0 0 0 0 0 0 0 0 0 0 0 0 0 0 0 0 0 0 0 0 0 0 0 0
  0 0 0 0 0 0 0 0 0 0 0 0 0 0 0 0 0 0 0 0 0 0 0 0 0 0 0 0 0 0 0 0 0 0 0 0 0 0 0
  0 0 0 0 0 0 0 0 0 0 0 0 0 0 0 0 0 0 0 0 0 0 0 0 0 0 0 0 0 0 0 0 0 0 0 0 0 0 0
  0 0 0 0 0 0 0 0 0 0 0 0 0 0 0 0 0 0 0 0 0 0 0 0 0 0 0 0 0 0 0 0 0 0 0 0 0 0 0
  0 0 0 0 0 0 0 0 0 0 0 0 0 0 0 0 0 0 0 0 0 0 0 0 0 0 0 0 0 0 0 0 0 0 0 0 0 0 0
  0 0 0 0 0 0 0 0 0 0 0 0 0 0 0 0 0 0 0 0 0 0 0 0 0 0 0 0 0 0 0 0 0 0 0 0 0 0 0
  0 0 0 0 0 0 0 0 0 0 0 0 0 0 0 0 0 0 0 0 0 0 0 0 0 0 0 0 0 0 0 0 0 0 0 0 0 0 0
  0 0 0 0 0 0 0 0 0 0 0 0 0 0 0 0 0 0 0 0 0 0 0 0 0 0 0 0 0 0 0 0 0 0 0 0 0 0 0
  0 0 0 0 0 0 0 0 0 0 0 0 0 0 0 0 0 0 0 0 0 0 0 0 0 0 0 0 0 0 0 0 0 0 0 0 0 0 0
  0 0 0 0 0 0 0 0 0 0 0 0 0 0 0 0 0 0 0 0 0 0 0 0 0 0 0 0 0 0 0 0 0 0 0 0 0 0 0
  0 0 0 0 0 0 0 0 0 0 0 0 0 0 0 0 0 0 0 0 0 0 0 0 0 0 0 0 0 0 0 0 0 0 0 0 0 0 0
  0 0 0 0 0 0 0 0 0 0 0 0 0 0 0 0 0 0 0 0 0 0 0 0 0 0 0 0 0 0 0 0 0 0 0 0 0 0 0
  0 0 0 0 0 0 0 0 0 0 0 0 0 0 0 0 0 0 0 0 0 0 0 0 0 0 0 0 0 0 0 0 58 58 58 58
  58 58 58 58 58 58 58 58 58 58 58 58) 
#(0 0 0 0 0 0 0 0 0 0 0 0 0 0 0 0 0 0 0 0 0 0 0 0 0 0 0 0 0 0 0 0 0 0 0 0 0 0 0
  0 0 0 0 0 0 0 0 0 0 0 0 0 0 0 0 0 0 0 0 0 0 0 0 0 0 0 0 0 0 0 0 0 0 0 0 0 0 0
  0 0 0 0 0 0 0 0 0 0 0 0 0 0 0 0 0 0 0 0 0 0 0 0 0 0 0 0 0 0 0 0 0 0 0 0 0 0 0
  0 0 0 0 0 0 0 0 0 0 0 0 0 0 0 0 0 0 0 0 0 0 0 0 0 0 0 0 0 0 0 0 0 0 0 0 0 0 0
  0 0 0 0 0 0 0 0 0 0 0 0 0 0 0 0 0 0 0 0 0 0 0 0 0 0 0 0 0 0 0 0 0 0 0 0 0 0 0
  0 0 0 0 0 0 0 0 0 0 0 0 0 0 0 0 0 0 0 0 0 0 0 0 0 0 0 0 0 0 0 0 0 0 0 0 0 0 0
  0 0 0 0 0 0 0 0 0 0 0 0 0 0 0 0 0 0 0 0 0 0 0 0 0 0 0 0 0 0 0 0 0 0 0 0 0 0 0
  0 0 0 0 0 0 0 0 0 0 0 0 0 0 0 0 0 0 0 0 0 0 0 0 0 0 0 0 0 0 0 0 0 0 0 0 0 0 0
  0 0 0 0 0 0 0 0 0 0 0 0 0 0 0 0 0 0 0 0 0 0 0 0 0 0 0 0 0 0 0 0 0 0 0 0 0 0 0
  0 0 0 0 0 0 0 0 0 0 0 0 0 0 0 0 0 0 0 0 0 0 0 0 0 0 0 0 0 0 0 0 0 0 0 0 0 0 0
  0 0 0 0 0 0 0 0 0 0 0 0 0 0 0 0 0 0 0 0 0 0 0 0 0 0 0 0 0 0 0 0 0 0 0 0 0 0 0
  0 0 0 0 0 0 0 0 0 0 0 0 0 0 0 0 0 0 0 0 0 0 0 0 0 0 0 0 0 0 0 0 0 0 0 0 0 0 0
  0 0 0 0 0 0 0 0 0 0 0 0 0 0 0 0 0 0 0 0 0 0 0 0 0 0 0 0 0 0 0 0 0 0 0 0 0 0 0
  0 0 0 0 0 0 0 0 0 0 0 0 0 0 0 0 0 0 0 0 0 0 0 0 0 0 0 0 0 0 0 0 0 0 0 0 0 0 0
  0 0 0 0 0 0 0 0 0 0 0 0 0 0 0 0 0 0 0 0 0 0 0 0 0 0 0 0 0 0 0 0 0 0 0 0 0 0 0
  0 0 0 0 0 0 0 0 0 0 0 0 0 0 0 0 0 0 0 0 0 0 0 0 0 0 0 0 0 0 0 0 0 0 0 0 0 0 0
  0 0 0 0 0 0 0 0 0 0 0 0 0 0 0 0 0 0 0 0 0 0 0 0 0 0 0 0 0 0 0 0 0 0 0 0 0 0 0
  0 0 0 0 0 0 0 0 0 0 0 0 0 0 0 0 0 0 0 0 0 0 0 0 0 0 0 0 0 0 0 0 0 0 0 0 0 0 0
  0 0 0 0 0 0 0 0 0 0 0 0 0 0 0 0 0 0 0 0 0 0 0 0 0 0 0 0 0 0 0 0 0 0 0 0 0 0 0
  0 0 0 0 0 0 0 0 0 0 0 0 0 0 0 0 0 0 0 0 0 0 0 0 0 0 0 0 0 0 0 0 0 0 0 0 0 0 0
  0 0 0 0 0 0 0 0 0 0 0 0 0 0 0 0 0 0 0 0 0 0 0 0 0 0 0 0 0 0 0 0 0 0 0 0 0 0 0
  0 0 0 0 0 0 0 0 0 0 0 0 0 0 0 0 0 0 0 0 0 0 0 0 0 0 0 0 0 0 0 0 0 0 0 0 0 0 0
  0 0 0 0 0 0 0 0 0 0 0 0 0 0 0 0 0 0 0 0 0 0 0 0 0 0 0 0 0 0 0 0 0 0 0 0 0 0 0
  0 0 0 0 0 0 0 0 0 0 0 0 0 0 0 0 0 0 0 0 0 0 0 0 0 0 0 0 0 0 0 0 0 0 0 0 0 0 0
  0 0 0 0 0 0 0 0 0 0 0 0 0 0 0 0 0 0 0 0 0 0 0 0 0 0 0 0 0 0 0 0 0 0 0 0 0 0 0
  0 0 0 0 0 0 0 0 0 0 0 0 0 0 0 0 0 0 0 0 0 0 0 0 0 0 0 0 0 0 0 0 0 0 0 0 0 0 0
  0 0 0 0 0 0 0 0 0 0 0 0 0 0 0 0 0 0 0 0 0 0 0 0 0 0 0 0 0 0 0 0 0 0 0 0 0 0 0
  0 0 0 0 0 0 0 0 0 0 0 0 0 0 0 0 0 0 0 0 0 0 0 0 0 0 0 0 0 0 0 0 0 0 0 0 0 0 0
  0 0 0 0 0 0 0 0 0 0 0 0 0 0 0 0 0 0 0 0 0 0 0 0 0 0 0 0 0 0 0 0 0 0 0 0 0 0 0
  0 0 0 0 0 0 0 0 0 0 0 0 0 0 0 0 0 0 0 0 0 0 0 0 0 0 0 0 0 0 0 0 0 0 0 0 0 0 0
  0 0 0 0 0 0 0 0 0 0 0 0 0 0 0 0 0 0 0 0 0 0 0 0 0 0 0 0 0 0 0 0 0 0 0 0 0 0 0
  0 0 0 0 0 0 0 0 0 0 0 0 0 0 0 0 0 0 0 0 0 0 0 0 0 0 0 0 0 0 0 0 0 0 0 0 0 0 0
  0 0 0 0 0 0 0 0 0 0 0 0 0 0 0 0 0 0 0 0 0 0 0 0 0 0 0 0 0 0 0 0 0 0 0 0 0 0 0
  0 0 0 0 0 0 0 0 0 0 0 0 0 0 0 0 0 0 0 0 0 0 0 0 0 0 0 0 0 0 0 0 0 0 0 0 0 0 0
  0 0 0 0 0 0 0 0 0 0 0 0 0 0 0 0 0 0 0 0 0 0 0 0 0 0 0 0 0 0 0 0 0 0 0 0 0 0 0
  0 0 0 0 0 0 0 0 0 0 0 0 0 0 0 0 0 0 0 0 0 0 0 0 0 0 0 0 0 0 0 0 0 0 0 0 0 0 0
  0 0 0 0 0 0 0 0 0 0 0 0 0 0 0 0 0 0 0 0 0 0 0 0 0 0 0 0 0 0 0 0 0 0 0 0 0 0 0
  0 0 0 0 0 0 0 0 0 0 0 0 0 0 0 0 0 0 0 0 0 0 0 0 0 0 0 0 0 0 0 0 0 0 0 0 0 0 0
  0 0 0 0 0 0 0 0 0 0 0 0 0 0 0 0 0 0 0 0 0 0 0 0 0 0 0 0 0 0 0 0 0 0 0 0 0 0 0
  0 0 0 0 0 0 0 0 0 0 0 0 0 0 0 0 0 0 0 0 0 0 0 0 0 0 0 0 0 0 0 0 0 0 0 0 0 0 0
  0 0 0 0 0 0 0 0 0 0 0 0 0 0 0 0 0 0 0 0 0 0 0 0 0 0 0 0 0 0 0 0 0 0 0 0 0 0 0
  0 0 0 0 0 0 0 0 0 0 0 0 0 0 0 0 0 0 0 0 0 0 0 0 0 0 0 0 0 0 0 0 0 0 0 0 0 0 0
  0 0 0 0 0 0 0 0 0 0 0 0 0 0 0 0 0 0 0 0 0 0 0 0 0 0 0 0 0 0 0 0 0 0 0 0 0 0 0
  0 0 0 0 0 0 0 0 0 0 0 0 0 0 0 0 0 0 0 0 0 0 0 0 0 0 0 0 0 0 0 0 0 0 0 0 0 0 0
  0 0 0 0 0 0 0 0 0 0 0 0 0 0 0 0 0 0 0 0 0 0 0 0 0 0 0 0 0 0 0 0 0 0 0 0 0 0 0
  0 0 0 0 0 0 0 0 0 0 0 0 0 0 0 0 0 0 0 0 0 0 0 0 0 0 0 0 0 0 0 0 0 0 0 0 0 0 0
  0 0 0 0 0 0 0 0 0 0 0 0 0 0 0 0 0 0 0 0 0 0 0 0 0 0 0 0 0 0 0 0 0 0 0 0 0 0 0
  0 0 0 0 0 0 0 0 0 0 0 0 0 0 0 0 0 0 0 0 0 0 0 0 0 0 0 0 0 0 0 0 0 0 0 0 0 0 0
  0 0 0 0 0 0 0 0 0 0 0 0 0 0 0 0 0 0 0 0 0 0 0 0 0 0 0 0 0 0 0 0 0 0 0 0 0 0 0
  0 0 0 0 0 0 0 0 0 0 0 0 0 0 0 0 0 0 0 0 0 0 0 0 0 0 0 0 0 0 0 0 0 0 0 0 0 0 0
  0 0 0 0 0 0 0 0 0 0 0 0 0 0 0 0 0 0 0 0 0 0 0 0 0 0 0 0 0 0 0 0 0 0 0 0 0 0 0
  0 0 0 0 0 0 0 0 0 0 0 0 0 0 0 0 0 0 0 0 0 0 0 0 0 0 0 0 0 0 0 0 0 0 0 0 0 0 0
  0 0 0 0 0 0 0 0 0 0 0 0 0 0 0 0 0 0 0 0 0 0 0 0 0 0 0 0 0 0 0 0 0 0 0 0 0 0 0
  0 0 0 0 0 0 0 0 0 0 0 0 0 0 0 0 0 0 0 0 0 0 0 0 0 0 0 0 0 0 0 0 0 0 0 0 0 0 0
  0 0 0 0 0 0 0 0 0 0 0 0 0 0 0 0 0 0 0 0 0 0 0 0 0 0 0 0 0 0 0 0 0 0 0 0 0 0 0
  0 0 0 0 0 0 0 0 0 0 0 0 0 0 0 0 0 0 0 0 0 0 0 0 0 0 0 0 0 0 0 0 0 0 0 0 0 0 0
  0 0 0 0 0 0 0 0 0 0 0 0 0 0 0 0 0 0 0 0 0 0 0 0 0 0 0 0 0 0 0 0 0 0 0 0 0 0 0
  0 0 0 0 0 0 0 0 0 0 0 0 0 0 0 0 0 0 0 0 0 0 0 0 0 0 0 0 0 0 0 0 0 0 0 0 0 0 0
  0 0 0 0 0 0 0 0 0 0 0 0 0 0 0 0 0 0 0 0 0 0 0 0 0 0 0 0 0 0 0 0 0 0 0 0 0 0 0
  0 0 0 0 0 0 0 0 0 0 0 0 0 0 0 0 0 0 0 0 0 0 0 0 0 0 0 0 0 0 0 0 0 0 0 0 0 0 0
  0 0 0 0 0 0 0 0 0 0 0 0 0 0 0 0 0 0 0 0 0 0 0 0 0 0 0 0 0 0 0 0 0 0 0 0 0 0 0
  0 0 0 0 0 0 0 0 0 0 0 0 0 0 0 0 0 0 0 0 0 0 0 0 0 0 0 0 0 0 0 0 0 0 0 0 0 0 0
  0 0 0 0 0 0 0 0 0 0 0 0 0 0 0 0 0 0 0 0 0 0 0 0 0 0 0 0 0 0 0 0 0 0 0 0 0 0 0
  0 0 0 0 0 0 0 0 0 0 0 0 0 0 0 0 0 0 0 0 0 0 0 0 0 0 0 0 0 0 0 0 0 0 0 0 0 0 0
  0 0 0 0 0 0 0 0 0 0 0 0 0 0 0 0 0 0 0 0 0 0 0 0 0 0 0 0 0 0 0 0 0 0 0 0 0 0 0
  0 0 0 0 0 0 0 0 0 0 0 0 0 0 0 0 0 0 0 0 0 0 0 0 0 0 0 0 0 0 0 0 0 0 0 0 0 0 0
  0 0 0 0 0 0 0 0 0 0 0 0 0 0 0 0 0 0 0 0 0 0 0 0 0 0 0 0 0 0 0 0 0 0 0 0 0 0 0
  0 0 0 0 0 0 0 0 0 0 0 0 0 0 0 0 0 0 0 0 0 0 0 0 0 0 0 0 0 0 0 0 0 0 0 0 0 0 0
  0 0 0 0 0 0 0 0 0 0 0 0 0 0 0 0 0 0 0 0 0 0 0 0 0 0 0 0 0 0 0 0 0 0 0 0 0 0 0
  0 0 0 0 0 0 0 0 0 0 0 0 0 0 0 0 0 0 0 0 0 0 0 0 0 0 0 0 0 0 0 0 0 0 0 0 0 0 0
  0 0 0 0 0 0 0 0 0 0 0 0 0 0 0 0 0 0 0 0 0 0 0 0 0 0 0 0 0 0 0 0 0 0 0 0 0 0 0
  0 0 0 0 0 0 0 0 0 0 0 0 0 0 0 0 0 0 0 0 0 0 0 0 0 0 0 0 0 0 0 0 0 0 0 0 0 0 0
  0 0 0 0 0 0 0 0 0 0 0 0 0 0 0 0 0 0 0 0 0 0 0 0 0 0 0 0 0 0 0 0 0 0 0 0 0 0 0
  0 0 0 0 0 0 0 0 0 0 0 0 0 0 0 0 0 0 0 0 0 0 0 0 0 0 0 0 0 0 0 0 0 0 0 0 0 0 0
  0 0 0 0 0 0 0 0 0 0 0 0 0 0 0 0 0 0 0 0 0 0 0 0 0 0 0 0 0 0 0 0 0 0 0 0 0 0 0
  0 0 0 0 0 0 0 0 0 0 0 0 0 0 0 0 0 0 0 0 0 0 0 0 0 0 0 0 0 0 0 0 0 0 0 0 0 0 0
  0 0 0 0 0 0 0 0 0 0 0 0 0 0 0 0 0 0 0 0 0 0 0 0 0 0 0 0 0 0 0 0 0 0 0 0 0 0 0
  0 0 0 0 0 0 0 0 0 0 0 0 0 0 0 0 0 0 0 0 0 0 0 0 0 0 0 0 0 0 0 0 0 0 0 0 0 0 0
  0 0 0 0 0 0 0 0 0 0 0 0 0 0 0 0 0 0 0 0 0 0 0 0 0 0 0 0 0 0 0 0 0 0 0 0 0 0 0
  0 0 0 0 0 0 0 0 0 0 0 0 0 0 0 0 0 0 0 0 0 0 0 0 0 0 0 0 0 0 0 0 0 0 0 0 0 0 0
  0 0 0 0 0 0 0 0 0 0 0 0 0 0 0 0 0 0 0 0 0 0 0 0 0 0 0 0 0 0 0 0 0 0 0 0 0 0 0
  0 0 0 0 0 0 0 0 0 0 0 0 0 0 0 0 0 0 0 0 0 0 0 0 0 0 0 0 0 0 0 0 0 0 0 0 0 0 0
  0 0 0 0 0 0 0 0 0 0 0 0 0 0 0 0 0 0 0 0 0 0 0 0 0 0 0 0 0 0 0 0 0 0 0 0 0 0 0
  0 0 0 0 0 0 0 0 0 0 0 0 0 0 0 0 0 0 0 0 0 0 0 0 0 0 0 0 0 0 0 0 0 0 0 0 0 0 0
  0 0 0 0 0 0 0 0 0 0 0 0 0 0 0 0 0 0 0 0 0 0 0 0 0 0 0 0 0 0 0 0 0 0 0 0 0 0 0
  0 0 0 0 0 0 0 0 0 0 0 0 0 0 0 0 0 0 0 0 0 0 0 0 0 0 0 0 0 0 0 0 0 0 0 0 0 0 0
  0 0 0 0 0 0 0 0 0 0 0 0 0 0 0 0 0 0 0 0 0 0 0 0 0 0 0 0 0 0 0 0 0 0 0 0 0 0 0
  0 0 0 0 0 0 0 0 0 0 0 0 0 0 0 0 0 0 0 0 0 0 0 0 0 0 0 0 0 0 0 0 0 0 0 0 0 0 0
  0 0 0 0 0 0 0 0 0 0 0 0 0 0 0 0 0 0 0 0 0 0 0 0 0 0 0 0 0 0 0 0 0 0 0 0 0 0 0
  0 0 0 0 0 0 0 0 0 0 0 0 0 0 0 0 0 0 0 0 0 0 0 0 0 0 0 0 0 0 0 0 0 0 0 0 0 0 0
  0 0 0 0 0 0 0 0 0 0 0 0 0 0 0 0 0 0 0 0 0 0 0 0 0 0 0 0 0 0 0 0 0 0 0 0 0 0 0
  0 0 0 0 0 0 0 0 0 0 0 0 0 0 0 0 0 0 0 0 0 0 0 0 0 0 0 0 0 0 0 0 0 0 0 0 0 0 0
  0 0 0 0 0 0 0 0 0 0 0 0 0 0 0 0 0 0 0 0 0 0 0 0 0 0 0 0 0 0 0 0 0 0 0 0 0 0 0
  0 0 0 0 0 0 0 0 0 0 0 0 0 0 0 0 0 0 0 0 0 0 0 0 0 0 0 0 0 0 0 0 0 0 0 0 0 0 0
  0 0 0 0 0 0 0 0 0 0 0 0 0 0 0 0 0 0 0 0 0 0 0 0 0 0 0 0 0 0 0 0 0 0 0 0 0 0 0
  0 0 0 0 0 0 0 0 0 0 0 0 0 0 0 0 0 0 0 0 0 0 0 0 0 0 0 0 0 0 0 0 0 0 0 0 0 0 0
  0 0 0 0 0 0 0 0 0 0 0 0 0 0 0 0 0 0 0 0 0 0 0 0 0 0 0 0 0 0 0 0 0 0 0 0 0 0 0
  0 0 0 0 0 0 0 0 0 0 0 0 0 0 0 0 0 0 0 0 0 0 0 0 0 0 0 0 0 0 0 0 0 0 0 0 0 0 0
  0 0 0 0 0 0 0 0 0 0 0 0 0 0 0 0 0 0 0 0 0 0 0 0 0 0 0 0 0 0 0 0 0 0 0 0 0 0 0
  0 0 0 0 0 0 0 0 0 0 0 0 0 0 0 0 0 0 0 0 0 0 0 0 0 0 0 0 0 0 0 0 0 0 0 0 0 0 0
  0 0 0 0 0 0 0 0 0 0 0 0 0 0 0 0 0 0 0 0 0 0 0 0 0 0 0 0 0 0 0 0 0 0 0 0 0 0 0
  0 0 0 0 0 0 0 0 0 0 0 0 0 0 0 0 0 0 0 0 0 0 0 0 0 0 0 0 0 0 0 0 0 0 0 0 0 0 0
  0 0 0 0 0 0 0 0 0 0 0 0 0 0 0 0 0 0 0 0 0 0 0 0 0 0 0 0 0 0 0 0 0 0 0 0 0 0 0
  0 0 0 0 0 0 0 0 0 0 0 0 0 0 0 0 0 0 0 0 0 0 0 0 0 0 0 0 0 0 0 0 0 0 0 0 0 0 0
  0 0 0 0 0 0 0 0 0 0 0 0 0 0 0 0 0 0 0 0 0 0 0 0 0 0 0 0 0 0 0 0 0 0 0 0 0 0 0
  0) 
#(0 0 0 0 0 0 0 0 0 0 0 0 0 0 0 0 6 7 8 9 15 11 12 13 12 11 10 9 8 7 7 7 7 8 9
  10 15 12 13 14 13 12 11 10 9 8 8 8 8 9 10 11 12 13 14 15 14 13 12 11 10 9 9 9
  9 10 11 12 13 14 15 14 15 14 13 12 11 10 10 10 8 9 10 11 12 13 14 15 14 13 12
  11 10 10 11 11 7 8 15 15 11 12 13 14 13 12 11 10 10 11 12 12 15 15 15 15 15
  15 12 13 12 11 10 10 11 12 13 13 15 15 15 15 15 15 15 15 11 10 10 11 12 13 14
  14 15 15 15 15 15 15 15 15 15 15 11 12 13 14 15 15 15 15 15 6 7 15 15 15 15
  15 15 15 12 13 14 14 15 15 15 7 8 9 15 15 15 15 15 15 13 13 13 13 15 15 7 15
  15 15 15 15 15 15 15 14 14 14 14 14 15 15 15 15 15 15 15 15 14 15 15 15 15 15
  15 15 15 15 15 15 15 15 14 14 15 15 15 15 15 15 15 15 9 10 11 12 13 14 15 15
  15 15 15 15 15 15 15 15 15 15 15 15 9 10 11 12 11 10 9 8 7 6 6 6 6 7 8 9 10
  11 12 13 12 11 10 9 8 7 7 7 7 8 9 10 11 12 13 14 13 12 11 10 9 8 8 8 8 9 10
  11 12 13 14 15 14 13 12 11 10 9 9 9 9 10 11 12 13 14 15 14 15 14 13 12 11 10
  10 10 8 9 10 11 12 13 14 15 14 13 12 11 10 10 11 11 7 8 9 10 11 12 13 14 13
  12 11 10 10 11 12 12 6 7 8 9 10 11 12 13 12 11 10 10 11 12 13 13 15 15 7 8 9
  15 15 15 11 10 10 11 12 13 14 14 15 15 15 7 8 15 15 15 15 15 11 12 13 14 15
  15 15 15 15 7 8 9 15 15 15 15 15 15 15 13 14 14 15 15 7 8 9 10 11 15 15 15 15
  15 15 15 15 14 15 7 8 9 10 11 12 12 13 15 15 15 15 15 15 14 7 8 9 10 11 12 13
  13 14 15 15 15 15 15 15 15 8 9 10 11 12 13 14 14 15 15 15 15 15 15 15 15 9 10
  11 12 13 14 15 15 15 15 15 15 15 15 15 15 15 15 15 8 9 10 11 12 11 10 9 8 7 6
  6 6 6 7 8 9 10 11 12 13 12 11 10 9 8 7 7 7 7 8 9 10 11 12 13 14 13 12 11 10 9
  8 8 8 8 9 10 11 12 13 14 15 14 13 12 11 10 9 9 9 9 10 11 12 13 14 15 14 15 14
  13 12 11 10 10 10 8 9 10 11 12 13 14 15 14 13 12 11 10 10 11 11 7 8 9 10 11
  12 13 14 13 12 11 10 10 11 12 12 6 7 8 9 10 11 12 13 12 11 10 10 11 12 13 13
  5 6 7 8 9 10 11 12 11 10 10 11 12 13 14 14 15 5 6 7 8 9 10 11 10 10 11 12 13
  14 15 15 15 5 6 7 8 9 10 10 15 15 15 15 15 15 15 15 15 6 7 8 9 10 11 11 12 15
  15 15 15 15 15 15 6 7 8 9 10 11 12 12 13 14 15 15 15 15 15 15 7 8 9 10 11 12
  13 13 14 15 15 15 15 15 15 15 8 9 10 11 12 13 14 14 15 15 15 15 15 15 15 15 9
  10 11 12 13 14 15 15 15 15 15 15 15 15 15 15 5 6 7 8 9 10 11 12 11 10 9 8 7 6
  6 6 6 7 8 9 10 11 12 13 12 11 10 9 8 7 7 7 7 8 9 10 11 12 13 14 13 12 11 10 9
  8 8 8 8 9 10 11 12 13 14 15 14 13 12 11 10 9 9 9 9 10 11 12 13 14 15 14 15 14
  13 12 11 10 10 10 8 9 10 11 12 13 14 15 14 13 12 11 10 10 11 11 7 8 9 10 11
  12 13 14 13 12 11 10 11 11 12 12 6 7 8 9 10 11 12 13 12 11 10 11 12 12 13 13
  5 6 7 8 9 10 11 12 11 10 11 12 13 13 14 14 4 5 6 7 8 9 10 11 10 11 12 13 14
  14 15 15 4 5 6 7 8 9 10 10 11 12 13 14 15 15 15 15 5 6 7 8 9 10 11 11 12 13
  14 15 15 15 15 15 6 7 8 9 10 11 12 12 13 14 15 15 15 15 15 15 7 8 9 10 11 12
  13 13 14 15 15 15 15 15 15 15 8 9 10 11 12 13 14 14 15 15 15 15 15 15 15 15 9
  10 11 12 13 14 15 15 15 15 15 15 15 15 15 15 5 6 7 8 9 10 11 12 11 10 9 8 7 6
  6 6 6 7 8 9 10 11 12 13 12 11 10 9 8 7 7 7 7 8 9 10 11 12 13 14 13 12 11 10 9
  8 8 8 8 9 10 11 12 13 14 15 14 13 12 11 10 9 9 9 9 10 11 12 13 14 15 14 15 14
  13 12 11 10 10 10 8 9 10 11 12 13 14 15 14 13 12 11 10 10 11 11 7 8 9 10 11
  12 13 14 13 12 11 10 11 11 12 12 6 7 8 9 10 11 12 13 12 11 10 11 12 12 13 13
  5 6 7 8 9 10 11 12 11 10 11 12 13 13 14 14 4 5 6 7 8 9 10 11 10 11 12 13 14
  14 15 15 4 5 6 7 8 9 10 10 11 12 13 14 15 15 15 15 5 6 7 8 9 10 11 11 12 13
  14 15 15 15 15 15 6 7 8 9 10 11 12 12 13 14 15 15 15 15 15 15 7 8 9 10 11 12
  13 13 14 15 15 15 15 15 15 15 8 9 10 11 12 13 14 14 15 15 15 15 15 15 15 15 9
  10 11 12 13 14 15 15 15 15 15 15 15 15 15 15 5 6 7 8 9 10 11 12 11 10 9 8 7 6
  6 6 6 7 8 9 10 11 12 13 12 11 10 9 8 7 7 7 7 8 9 10 11 12 13 14 13 12 11 10 9
  8 8 8 8 9 10 11 12 13 14 15 14 13 12 11 10 9 9 9 9 10 11 12 13 14 15 14 15 14
  13 12 11 10 10 10 8 9 10 11 12 13 14 15 14 13 12 11 10 10 11 11 7 8 9 10 11
  12 13 14 13 12 11 10 11 11 12 12 6 7 8 9 10 11 12 13 12 11 10 11 12 12 13 13
  5 6 7 8 9 10 11 12 11 10 11 12 13 13 14 14 4 5 6 7 8 9 10 11 10 11 12 13 14
  14 15 15 4 5 6 7 8 9 10 10 11 12 13 14 15 15 15 15 5 6 7 8 9 10 11 11 12 13
  14 15 15 15 15 15 6 7 8 9 10 11 12 12 13 14 15 15 15 15 15 15 7 8 9 10 11 12
  13 13 14 15 15 15 15 15 15 15 8 9 10 11 12 13 14 14 15 15 15 15 15 15 15 15 9
  10 11 12 13 14 15 15 15 15 15 15 15 15 15 15 5 6 7 8 9 10 11 12 11 10 9 8 7 6
  6 6 6 7 8 9 10 11 12 13 12 11 10 9 8 7 7 7 7 8 9 10 11 12 13 14 13 12 11 10 9
  8 8 8 8 9 10 11 12 13 14 15 14 13 12 11 10 9 9 9 9 10 11 12 13 14 15 14 15 14
  13 12 11 10 10 10 8 9 10 11 12 13 14 15 14 13 12 11 10 10 11 11 7 8 9 10 11
  12 13 14 13 12 11 10 11 11 12 12 6 7 8 9 10 11 12 13 12 11 10 11 12 12 13 13
  5 6 7 8 9 10 11 12 11 10 11 12 13 13 14 14 4 5 6 7 8 9 10 11 10 11 12 13 14
  14 15 15 4 5 6 7 8 9 10 10 11 12 13 14 15 15 15 15 5 6 7 8 9 10 11 11 12 13
  14 15 15 15 15 15 6 7 8 9 10 11 12 12 13 14 15 15 15 15 15 15 7 8 9 10 11 12
  13 13 14 15 15 15 15 15 15 15 8 9 10 11 12 13 14 14 15 15 15 15 15 15 15 15 9
  10 11 12 13 14 15 15 15 15 15 15 15 15 15 15 5 6 7 8 9 10 11 12 11 10 9 8 7 6
  6 6 6 7 8 9 10 11 12 13 12 11 10 9 8 7 7 7 7 8 9 10 11 12 13 14 13 12 11 10 9
  8 8 8 8 9 10 11 12 13 14 15 14 13 12 11 10 9 9 9 9 10 11 12 13 14 15 14 15 14
  13 12 11 10 10 10 8 9 10 11 12 13 14 15 14 13 12 11 10 10 11 11 7 8 9 10 11
  12 13 14 13 12 11 10 11 11 12 12 6 7 8 9 10 11 12 13 12 11 10 11 12 12 13 13
  5 6 7 8 9 10 11 12 11 10 11 12 13 13 14 14 4 5 6 7 8 9 10 11 10 11 12 13 14
  14 15 15 4 5 6 7 8 9 10 10 11 12 13 14 15 15 15 15 5 6 7 8 9 10 11 11 12 13
  14 15 15 15 15 15 6 7 8 9 10 11 12 12 13 14 15 15 15 15 15 15 7 8 9 10 11 12
  13 13 14 15 15 15 15 15 15 15 8 9 10 11 12 13 14 14 15 15 15 15 15 15 15 15 9
  10 11 12 13 14 15 15 15 15 15 15 15 15 15 15 5 6 7 8 9 10 11 12 11 10 9 8 7 6
  6 6 6 7 8 9 10 11 12 13 12 11 10 9 8 7 7 7 7 8 9 10 11 12 13 14 13 12 11 10 9
  8 8 8 8 9 10 11 12 13 14 15 14 13 12 11 10 9 9 9 9 10 11 12 13 14 15 14 15 14
  13 12 11 10 10 10 8 9 10 11 12 13 14 15 14 13 12 11 10 10 11 11 7 8 9 10 11
  12 13 14 13 12 11 10 11 11 12 12 6 7 8 9 10 11 12 13 12 11 10 11 12 12 13 13
  5 6 7 8 9 10 11 12 11 10 11 12 13 13 14 14 4 5 6 7 8 9 10 11 10 11 12 13 14
  14 15 15 4 5 6 7 8 9 10 10 11 12 13 14 15 15 15 15 5 6 7 8 9 10 11 11 12 13
  14 15 15 15 15 15 6 7 8 9 10 11 12 12 13 14 15 15 15 15 15 15 7 8 9 10 11 12
  13 13 14 15 15 15 15 15 15 15 8 9 10 11 12 13 14 14 15 15 15 15 15 15 15 15 9
  10 11 12 13 14 15 15 15 15 15 15 15 15 15 15 5 6 7 8 9 10 11 12 11 10 9 8 7 6
  6 6 6 7 8 9 10 11 12 13 12 11 10 9 8 7 7 7 7 8 9 10 11 12 13 14 13 12 11 10 9
  8 8 8 8 9 10 11 12 13 14 15 14 13 12 11 10 9 9 9 9 10 11 12 13 14 15 14 15 14
  13 12 11 10 10 10 8 9 10 11 12 13 14 15 14 13 12 11 10 10 11 11 7 8 9 10 11
  12 13 14 13 12 11 10 11 11 12 12 6 7 8 9 10 11 12 13 12 11 10 11 12 12 13 13
  5 6 7 8 9 10 11 12 11 10 11 12 13 13 14 14 4 5 6 7 8 9 10 11 10 11 12 13 14
  14 15 15 4 5 6 7 8 9 10 10 11 12 13 14 15 15 15 15 5 6 7 8 9 10 11 11 12 13
  14 15 15 15 15 15 6 7 8 9 10 11 12 12 13 14 15 15 15 15 15 15 7 8 9 10 11 12
  13 13 14 15 15 15 15 15 15 15 8 9 10 11 12 13 14 14 15 15 15 15 15 15 15 15 9
  10 11 12 13 14 15 15 15 15 15 15 15 15 15 15 5 6 7 8 9 10 11 12 11 10 9 8 7 6
  6 6 6 7 8 9 10 11 12 13 12 11 10 9 8 7 7 7 7 8 9 10 11 12 13 14 13 12 11 10 9
  8 8 8 8 9 10 11 12 13 14 15 14 13 12 11 10 9 9 9 9 10 11 12 13 14 15 14 15 14
  13 12 11 10 10 10 8 9 10 11 12 13 14 15 14 13 12 11 10 10 11 11 7 8 9 10 11
  12 13 14 13 12 11 10 11 11 12 12 6 7 8 9 10 11 12 13 12 11 10 11 12 12 13 13
  5 6 7 8 9 10 11 12 11 10 11 12 13 13 14 14 4 5 6 7 8 9 10 11 10 11 12 13 14
  14 15 15 4 5 6 7 8 9 10 10 11 12 13 14 15 15 15 15 5 6 7 8 9 10 11 11 12 13
  14 15 15 15 15 15 6 7 8 9 10 11 12 12 13 14 15 15 15 15 15 15 7 8 9 10 11 12
  13 13 14 15 15 15 15 15 15 15 8 9 10 11 12 13 14 14 15 15 15 15 15 15 15 15 9
  10 11 12 13 14 15 15 15 15 15 15 15 15 15 15 5 6 7 8 9 10 11 12 11 10 9 8 7 6
  6 6 6 7 8 9 10 11 12 13 12 11 10 9 8 7 7 7 7 8 9 10 11 12 13 14 13 12 11 10 9
  8 8 8 8 9 10 11 12 13 14 15 14 13 12 11 10 9 9 9 9 10 11 12 13 14 15 14 15 14
  13 12 11 10 10 10 8 9 10 11 12 13 14 15 14 13 12 11 10 10 11 11 7 8 9 10 11
  12 13 14 13 12 11 10 11 11 12 12 6 7 8 9 10 11 12 13 12 11 10 11 12 12 13 13
  5 6 7 8 9 10 11 12 11 10 11 12 13 13 14 14 4 5 6 7 8 9 10 11 10 11 12 13 14
  14 15 15 4 5 6 7 8 9 10 10 11 12 13 14 15 15 15 15 5 6 7 8 9 10 11 11 12 13
  14 15 15 15 15 15 6 7 8 9 10 11 12 12 13 14 15 15 15 15 15 15 7 8 9 10 11 12
  13 13 14 15 15 15 15 15 15 15 8 9 10 11 12 13 14 14 15 15 15 15 15 15 15 15 9
  10 11 12 13 14 15 15 15 15 15 15 15 15 15 15 5 6 7 8 9 10 11 12 11 10 9 8 7 6
  6 6 6 7 8 9 10 11 12 13 12 11 10 9 8 7 7 7 7 8 9 10 11 12 13 14 13 12 11 10 9
  8 8 8 8 9 10 11 12 13 14 15 14 13 12 11 10 9 9 9 9 10 11 12 13 14 15 14 15 14
  13 12 11 10 10 10 8 9 10 11 12 13 14 15 14 13 12 11 10 10 11 11 7 8 9 10 11
  12 13 14 13 12 11 10 11 11 12 12 6 7 8 9 10 11 12 13 12 11 10 11 12 12 13 13
  5 6 7 8 9 10 11 12 11 10 11 12 13 13 14 14 4 5 6 7 8 9 10 11 10 11 12 13 14
  14 15 15 4 5 6 7 8 9 10 10 11 12 13 14 15 15 15 15 5 6 7 8 9 10 11 11 12 13
  14 15 15 15 15 15 6 7 8 9 10 11 12 12 13 14 15 15 15 15 15 15 7 8 9 10 11 12
  13 13 14 15 15 15 15 15 15 15 8 9 10 11 12 13 14 14 15 15 15 15 15 15 15 15 9
  10 11 12 13 14 15 15 15 15 15 15 15 15 15 15 15 15 7 8 9 10 11 12 11 10 9 8 7
  6 6 6 15 7 8 9 10 11 12 13 12 11 10 9 8 7 7 7 7 8 9 10 11 12 13 14 13 12 11
  10 9 8 8 8 8 9 10 11 12 13 14 15 14 13 12 11 10 9 9 9 9 10 11 12 13 14 15 14
  15 14 13 12 11 10 10 10 8 9 10 11 12 13 14 15 14 13 12 11 10 10 11 11 7 8 9
  10 11 12 13 14 13 12 11 10 11 11 12 12 6 7 8 9 10 11 12 13 12 11 10 11 12 12
  13 13 5 6 7 8 9 10 11 12 11 10 11 12 13 13 14 14 4 5 6 7 8 9 10 11 10 11 12
  13 14 14 15 15 4 5 6 7 8 9 10 10 11 12 13 14 15 15 15 15 5 6 7 8 9 10 11 11
  12 13 14 15 15 15 15 15 6 7 8 9 10 11 12 12 13 14 15 15 15 15 15 15 7 8 9 10
  11 12 13 13 14 15 15 15 15 15 15 15 8 9 10 11 12 13 14 14 15 15 15 15 15 15
  15 15 9 10 11 12 13 14 15 15 15 15 15 15 15 15 15 15 15 15 15 15 15 15 15 15
  15 15 15 15 15 15 5 5 15 15 15 15 15 15 15 15 15 15 15 15 15 7 6 6 15 15 15
  10 11 12 13 14 13 12 11 10 9 8 7 7 15 15 10 11 12 13 14 15 14 13 12 11 10 9 8
  8 15 10 11 12 13 14 15 14 15 14 13 12 11 10 9 9 8 9 10 11 12 13 14 15 14 13
  12 11 10 10 10 10 7 8 9 10 11 12 13 14 13 12 11 10 11 11 11 14 6 7 8 9 10 11
  12 13 12 11 10 11 12 12 12 15 5 6 7 8 9 10 11 12 11 10 11 12 13 13 15 15 4 5
  6 7 8 9 10 11 10 11 12 13 14 14 15 15 4 5 6 7 8 9 9 10 10 15 15 15 15 15 15
  15 5 6 7 8 9 10 10 15 15 15 15 15 15 15 15 15 15 15 8 9 10 11 15 15 15 15 15
  15 15 15 15 15 7 8 9 10 11 12 15 15 15 15 15 15 15 15 15 15 8 9 10 11 12 13
  15 15 15 15 15 15 15 15 15 15 9 10 11 12 13 14 15 15 15 15 15 15 15 15 15 15
  15 15 15 15 15 15 15 15 15 15 15 15 15 15 15 15 15 15 15 15 15 15 15 15 15 15
  15 15 15 15 15 15 15 15 15 15 15 15 15 15 15 15 15 15 15 15 15 15 15 15 15 15
  15 15 15 15 14 15 15 15 15 15 15 15 15 15 15 15 15 15 15 14 15 15 15 15 15 15
  15 15 15 15 15 15 15 15 15 15 15 15 15 15 15 15 15 15 15 15 15 15 15 15 15 15
  15 15 15 15 10 15 15 14 15 15 15 15 15 15 15 15 15 15 15 15 15 15 15 15 15 15
  15 15 15 15 15 15 15 15 15 15 15 15 15 15 15 15 15 15 15 15 15 15 15 15 15 15
  15 15 15 15 15 15 15 15 15 15 15 15 15 15 15 15 15 15 15 15 15 15 15 15 15 15
  15 15 15 15 15 15 15 15 15 15 15 15 15 15 15 15 15 15 15 15 15 15 15 15 15 15
  15 15 15 15 15 15 15 15 15 15 15 15 15 15 15 15 15 15 15 15 15 15 15 15 15 15
  15 15 15 15 15 15 0 0 0 0 0 0 0 0 0 0 0 0 0 0 0 0) 