
#(88 83 83 58 0 0 0 0 0 0 0 0 0 0 0 0 83 2 83 83 0 0 0 0 0 0 0 0 0 0 0 0 88 83
  83 83 0 0 0 0 0 0 0 0 0 0 0 0 1 83 83 83 0 0 0 0 0 0 0 0 0 0 0 0 88 83 83 83
  0 0 0 0 0 0 0 0 0 0 0 0 1 83 83 83 0 0 0 0 0 0 0 0 0 0 0 0 88 83 83 83 0 0 0
  0 0 0 0 0 0 0 0 0 1 83 83 83 0 0 0 0 0 0 0 0 0 0 0 0 88 83 83 83 0 0 0 0 0 0
  0 0 0 0 0 0 1 83 83 83 0 0 0 0 0 0 0 0 0 0 0 0 88 83 83 83 0 0 0 0 0 0 0 0 0
  0 0 0 1 83 83 83 0 0 0 0 0 0 0 0 0 0 0 0 88 83 83 83 0 0 0 0 0 0 0 0 0 0 0 0
  1 83 83 83 0 0 0 0 0 0 0 0 0 0 0 0 88 83 83 1 0 0 0 0 0 0 0 0 0 0 0 0 1 1 1 1
  0 0 0 0 0 0 0 0 0 0 0 0 1 88 57 58 0 0 0 0 0 0 0 0 0 0 0 0 88 57 1 1 0 0 0 0
  0 0 0 0 0 0 0 0 1 1 1 1 0 0 0 0 0 0 0 0 0 0 0 0 88 1 1 1 0 0 0 0 0 0 0 0 0 0
  0 0 1 1 1 1 0 0 0 0 0 0 0 0 0 0 0 0 88 1 1 1 0 0 0 0 0 0 0 0 0 0 0 0 1 1 1 1
  0 0 0 0 0 0 0 0 0 0 0 0 88 1 1 1 0 0 0 0 0 0 0 0 0 0 0 0 1 1 1 1 0 0 0 0 0 0
  0 0 0 0 0 0 88 1 1 1 0 0 0 0 0 0 0 0 0 0 0 0 1 1 1 1 0 0 0 0 0 0 0 0 0 0 0 0
  88 1 1 1 0 0 0 0 0 0 0 0 0 0 0 0 1 1 1 1 0 0 0 0 0 0 0 0 0 0 0 0 88 1 1 1 0 0
  0 0 0 0 0 0 0 0 0 0 1 1 1 1 0 0 0 0 0 0 0 0 0 0 0 0 1 1 1 1 57 0 0 0 0 0 0 0
  0 0 0 0 88 1 88 57 0 0 0 0 0 0 0 0 0 0 0 0 57 1 57 1 0 0 0 0 0 0 0 0 0 0 0 0
  58 1 1 58 0 0 0 0 0 0 0 0 0 0 0 0 58 1 1 58 0 0 0 0 0 0 0 0 0 0 0 0 58 1 1 58
  0 0 0 0 0 0 0 0 0 0 0 0 58 1 1 58 0 0 0 0 0 0 0 0 0 0 0 0 58 1 1 58 0 0 0 0 0
  0 0 0 0 0 0 0 58 1 1 58 0 0 0 0 0 0 0 0 0 0 0 0 58 1 1 58 0 0 0 0 0 0 0 0 0 0
  0 0 58 1 1 58 0 0 0 0 0 0 0 0 0 0 0 0 58 1 1 58 0 0 0 0 0 0 0 0 0 0 0 0 58 1
  1 58 0 0 0 0 0 0 0 0 0 0 0 0 58 1 1 58 0 0 0 0 0 0 0 0 0 0 0 0 58 1 1 58 0 0
  0 0 0 0 0 0 0 0 0 0 0 1 1 1 57 0 0 0 0 0 0 0 0 0 0 0 0 1 1 1 88 57 0 0 0 0 0
  0 0 0 0 0 57 88 1 88 57 0 0 0 0 0 0 0 0 0 0 0 0 57 1 57 58 0 0 0 0 0 0 0 0 0
  0 0 0 0 49 0 49 0 0 0 0 0 0 0 0 0 0 0 0 0 49 0 49 0 0 0 0 0 0 0 0 0 0 0 0 0
  49 0 49 0 0 0 0 0 0 0 0 0 0 0 0 0 49 0 49 0 0 0 0 0 0 0 0 0 0 0 0 0 49 0 49 0
  0 0 0 0 0 0 0 0 0 0 0 0 49 0 49 0 0 0 0 0 0 0 0 0 0 0 0 0 49 0 49 0 0 0 0 0 0
  0 0 0 0 0 0 0 49 0 49 0 0 0 0 0 0 0 0 0 0 0 0 0 49 0 49 0 0 0 0 0 0 0 0 0 0 0
  0 0 49 0 49 0 0 0 0 0 0 0 0 0 0 0 0 0 49 0 49 0 0 0 0 0 0 0 0 0 0 0 0 0 49 0
  49 0 0 0 0 0 0 0 0 0 0 0 0 0 58 57 1 57 0 0 0 0 0 0 0 0 0 0 0 0 57 88 1 88 57
  0 0 0 0 0 0 0 0 0 0 57 88 1 88 57 0 0 0 0 0 0 0 0 0 0 0 0 57 1 57 58 0 0 0 0
  0 0 0 0 0 0 0 0 0 49 0 49 0 0 0 0 0 0 0 0 0 0 0 0 0 49 0 49 0 0 0 0 0 0 0 0 0
  0 0 0 0 49 0 49 0 0 0 0 0 0 0 0 0 0 0 0 0 49 0 49 0 0 0 0 0 0 0 0 0 0 0 0 0
  49 0 49 0 0 0 0 0 0 0 0 0 0 0 0 0 49 0 49 0 0 0 0 0 0 0 0 0 0 0 0 0 49 0 49 0
  0 0 0 0 0 0 0 0 0 0 0 0 49 0 49 0 0 0 0 0 0 0 0 0 0 0 0 0 49 0 49 0 0 0 0 0 0
  0 0 0 0 0 0 0 49 0 49 0 0 0 0 0 0 0 0 0 0 0 0 0 49 0 49 0 0 0 0 0 0 0 0 0 0 0
  0 0 49 0 49 0 0 0 0 0 0 0 0 0 0 0 0 0 58 57 1 57 0 0 0 0 0 0 0 0 0 0 0 0 57
  88 1 88 57 0 0 0 0 0 0 0 0 0 0 57 88 1 88 57 0 0 0 0 0 0 0 0 0 0 0 0 57 1 57
  58 0 0 0 0 0 0 0 0 0 0 0 0 0 49 0 49 0 0 0 0 0 0 0 0 0 0 0 0 0 49 0 49 0 0 0
  0 0 0 0 0 0 0 0 0 0 49 0 49 0 0 0 0 0 0 0 0 0 0 0 0 0 49 0 49 0 0 0 0 0 0 0 0
  0 0 0 0 0 49 0 49 0 0 0 0 0 0 0 0 0 0 0 0 0 49 0 49 0 0 0 0 0 0 0 0 0 0 0 0 0
  49 0 49 0 0 0 0 0 0 0 0 0 0 0 0 0 49 0 49 0 0 0 0 0 0 0 0 0 0 0 0 0 49 0 49 0
  0 0 0 0 0 0 0 0 0 0 0 0 49 0 49 0 0 0 0 0 0 0 0 0 0 0 0 0 49 0 49 0 0 0 0 0 0
  0 0 0 0 0 0 0 49 0 49 0 0 0 0 0 0 0 0 0 0 0 0 0 58 57 1 57 0 0 0 0 0 0 0 0 0
  0 0 0 57 88 1 88 57 0 0 0 0 0 0 0 0 0 0 57 88 1 88 57 0 0 0 0 0 0 0 0 0 0 0 0
  57 1 57 58 0 0 0 0 0 0 0 0 0 0 0 0 0 49 0 49 0 0 0 0 0 0 0 0 0 0 0 0 0 49 0
  49 0 0 0 0 0 0 0 0 0 0 0 0 0 49 0 49 0 0 0 0 0 0 0 0 0 0 0 0 0 49 0 49 0 0 0
  0 0 0 0 0 0 0 0 0 0 49 0 49 0 0 0 0 0 0 0 0 0 0 0 0 0 49 0 49 0 0 0 0 0 0 0 0
  0 0 0 0 0 49 0 49 0 0 0 0 0 0 0 0 0 0 0 0 0 49 0 49 0 0 0 0 0 0 0 0 0 0 0 0 0
  49 0 49 0 0 0 0 0 0 0 0 0 0 0 0 0 49 0 49 0 0 0 0 0 0 0 0 0 0 0 0 0 49 0 49 0
  0 0 0 0 0 0 0 0 0 0 0 0 49 0 49 0 0 0 0 0 0 0 0 0 0 0 0 0 58 57 1 57 0 0 0 0
  0 0 0 0 0 0 0 0 57 88 1 88 57 0 0 0 0 0 0 0 0 0 0 57 88 1 88 57 0 0 0 0 0 0 0
  0 0 0 0 0 57 1 57 58 0 0 0 0 0 0 0 0 0 0 0 0 0 49 0 49 0 0 0 0 0 0 0 0 0 0 0
  0 0 49 0 49 0 0 0 0 0 0 0 0 0 0 0 0 0 49 0 49 0 0 0 0 0 0 0 0 0 0 0 0 0 49 0
  49 0 0 0 0 0 0 0 0 0 0 0 0 0 49 0 49 0 0 0 0 0 0 0 0 0 0 0 0 0 49 0 49 0 0 0
  0 0 0 0 0 0 0 0 0 0 49 0 49 0 0 0 0 0 0 0 0 0 0 0 0 0 49 0 49 0 0 0 0 0 0 0 0
  0 0 0 0 0 49 0 49 0 0 0 0 0 0 0 0 0 0 0 0 0 49 0 49 0 0 0 0 0 0 0 0 0 0 0 0 0
  49 0 49 0 0 0 0 0 0 0 0 0 0 0 0 0 49 0 49 0 0 0 0 0 0 0 0 0 0 0 0 0 58 57 1
  57 0 0 0 0 0 0 0 0 0 0 0 0 57 88 1 88 57 0 0 0 0 0 0 0 0 0 0 57 88 1 88 57 0
  0 0 0 0 0 0 0 0 0 0 0 57 1 57 58 0 0 0 0 0 0 0 0 0 0 0 0 0 49 0 49 0 0 0 0 0
  0 0 0 0 0 0 0 0 49 0 49 0 0 0 0 0 0 0 0 0 0 0 0 0 49 0 49 0 0 0 0 0 0 0 0 0 0
  0 0 0 49 0 49 0 0 0 0 0 0 0 0 0 0 0 0 0 49 0 49 0 0 0 0 0 0 0 0 0 0 0 0 0 49
  0 49 0 0 0 0 0 0 0 0 0 0 0 0 0 49 0 49 0 0 0 0 0 0 0 0 0 0 0 0 0 49 0 49 0 0
  0 0 0 0 0 0 0 0 0 0 0 49 0 49 0 0 0 0 0 0 0 0 0 0 0 0 0 49 0 49 0 0 0 0 0 0 0
  0 0 0 0 0 0 49 0 49 0 0 0 0 0 0 0 0 0 0 0 0 0 49 0 49 0 0 0 0 0 0 0 0 0 0 0 0
  0 58 57 1 57 0 0 0 0 0 0 0 0 0 0 0 0 57 88 1 88 57 0 0 0 0 0 0 0 0 0 0 57 88
  1 88 57 0 0 0 0 0 0 0 0 0 0 0 0 57 1 57 58 0 0 0 0 0 0 0 0 0 0 0 0 0 49 0 49
  0 0 0 0 0 0 0 0 0 0 0 0 0 49 0 49 0 0 0 0 0 0 0 0 0 0 0 0 0 49 0 49 0 0 0 0 0
  0 0 0 0 0 0 0 0 49 0 49 0 0 0 0 0 0 0 0 0 0 0 0 0 49 0 49 0 0 0 0 0 0 0 0 0 0
  0 0 0 49 0 49 0 0 0 0 0 0 0 0 0 0 0 0 0 49 0 49 0 0 0 0 0 0 0 0 0 0 0 0 0 49
  0 49 0 0 0 0 0 0 0 0 0 0 0 0 0 49 0 49 0 0 0 0 0 0 0 0 0 0 0 0 0 49 0 49 0 0
  0 0 0 0 0 0 0 0 0 0 0 49 0 49 0 0 0 0 0 0 0 0 0 0 0 0 0 49 0 49 0 0 0 0 0 0 0
  0 0 0 0 0 0 58 57 1 57 0 0 0 0 0 0 0 0 0 0 0 0 57 88 1 88 57 0 0 0 0 0 0 0 0
  0 0 57 88 1 88 57 0 0 0 0 0 0 0 0 0 0 0 0 57 1 57 58 0 0 0 0 0 0 0 0 0 0 0 0
  0 49 0 49 0 0 0 0 0 0 0 0 0 0 0 0 0 49 0 49 0 0 0 0 0 0 0 0 0 0 0 0 0 49 0 49
  0 0 0 0 0 0 0 0 0 0 0 0 0 49 0 49 0 0 0 0 0 0 0 0 0 0 0 0 0 49 0 49 0 0 0 0 0
  0 0 0 0 0 0 0 0 49 0 49 0 0 0 0 0 0 0 0 0 0 0 0 0 49 0 49 0 0 0 0 0 0 0 0 0 0
  0 0 0 49 0 49 0 0 0 0 0 0 0 0 0 0 0 0 0 49 0 49 0 0 0 0 0 0 0 0 0 0 0 0 0 49
  0 49 0 0 0 0 0 0 0 0 0 0 0 0 0 49 0 49 0 0 0 0 0 0 0 0 0 0 0 0 0 49 0 49 0 0
  0 0 0 0 0 0 0 0 0 0 0 58 57 1 57 0 0 0 0 0 0 0 0 0 0 0 0 57 88 1 88 57 0 0 0
  0 0 0 0 0 0 0 57 88 1 88 57 0 0 0 0 0 0 0 0 0 0 0 0 57 1 57 58 0 0 0 0 0 0 0
  0 0 0 0 0 0 49 0 49 0 0 0 0 0 0 0 0 0 0 0 0 0 49 0 49 0 0 0 0 0 0 0 0 0 0 0 0
  0 49 0 49 0 0 0 0 0 0 0 0 0 0 0 0 0 49 0 49 0 0 0 0 0 0 0 0 0 0 0 0 0 49 0 49
  0 0 0 0 0 0 0 0 0 0 0 0 0 49 0 49 0 0 0 0 0 0 0 0 0 0 0 0 0 49 0 49 0 0 0 0 0
  0 0 0 0 0 0 0 0 49 0 49 0 0 0 0 0 0 0 0 0 0 0 0 0 49 0 49 0 0 0 0 0 0 0 0 0 0
  0 0 0 49 0 49 0 0 0 0 0 0 0 0 0 0 0 0 0 49 0 49 0 0 0 0 0 0 0 0 0 0 0 0 0 49
  0 49 0 0 0 0 0 0 0 0 0 0 0 0 0 58 57 1 57 0 0 0 0 0 0 0 0 0 0 0 0 57 88 1 88
  57 0 0 0 0 0 0 0 0 0 0 57 88 1 88 57 0 0 0 0 0 0 0 0 0 0 0 0 57 1 57 58 0 0 0
  0 0 0 0 0 0 0 0 0 0 49 0 49 0 0 0 0 0 0 0 0 0 0 0 0 0 49 0 49 0 0 0 0 0 0 0 0
  0 0 0 0 0 49 0 49 0 0 0 0 0 0 0 0 0 0 0 0 0 49 0 49 0 0 0 0 0 0 0 0 0 0 0 0 0
  49 0 49 0 0 0 0 0 0 0 0 0 0 0 0 0 49 0 49 0 0 0 0 0 0 0 0 0 0 0 0 0 49 0 49 0
  0 0 0 0 0 0 0 0 0 0 0 0 49 0 49 0 0 0 0 0 0 0 0 0 0 0 0 0 49 0 49 0 0 0 0 0 0
  0 0 0 0 0 0 0 49 0 49 0 0 0 0 0 0 0 0 0 0 0 0 0 49 0 49 0 0 0 0 0 0 0 0 0 0 0
  0 0 49 0 49 0 0 0 0 0 0 0 0 0 0 0 0 0 58 57 1 57 0 0 0 0 0 0 0 0 0 0 0 0 57
  88 1 88 57 0 0 0 0 0 0 0 0 0 0 57 88 1 1 58 49 0 0 0 0 0 0 0 0 0 0 0 57 1 1 1
  58 0 0 0 0 0 0 0 0 0 0 0 0 58 1 1 58 0 0 0 0 0 0 0 0 0 0 0 0 58 1 1 58 0 0 0
  0 0 0 0 0 0 0 0 0 58 1 1 58 0 0 0 0 0 0 0 0 0 0 0 0 58 1 1 58 0 0 0 0 0 0 0 0
  0 0 0 0 58 1 1 58 0 0 0 0 0 0 0 0 0 0 0 0 58 1 1 58 0 0 0 0 0 0 0 0 0 0 0 0
  58 1 1 58 0 0 0 0 0 0 0 0 0 0 0 0 58 1 1 58 0 0 0 0 0 0 0 0 0 0 0 0 58 1 1 58
  0 0 0 0 0 0 0 0 0 0 0 0 58 1 1 58 0 0 0 0 0 0 0 0 0 0 0 0 58 1 1 58 0 0 0 0 0
  0 0 0 0 0 0 0 58 1 1 58 0 0 0 0 0 0 0 0 0 0 0 0 1 57 1 57 0 0 0 0 0 0 0 0 0 0
  0 0 57 88 1 88 0 0 0 0 0 0 0 0 0 0 0 57 1 1 1 58 0 0 0 0 0 0 0 0 0 0 0 0 1 1
  1 1 0 0 0 0 0 0 0 0 0 0 0 0 1 1 1 88 0 0 0 0 0 0 0 0 0 0 0 0 1 1 1 1 0 0 0 0
  0 0 0 0 0 0 0 0 1 1 1 88 0 0 0 0 0 0 0 0 0 0 0 0 1 1 1 1 0 0 0 0 0 0 0 0 0 0
  0 0 1 1 1 88 0 0 0 0 0 0 0 0 0 0 0 0 1 1 1 1 0 0 0 0 0 0 0 0 0 0 0 0 1 1 1 88
  0 0 0 0 0 0 0 0 0 0 0 0 0 1 1 1 0 0 0 0 0 0 0 0 0 0 0 0 1 1 1 88 0 0 0 0 0 0
  0 0 0 0 0 0 1 1 1 1 0 0 0 0 0 0 0 0 0 0 0 0 1 1 1 88 0 0 0 0 0 0 0 0 0 0 0 0
  1 1 1 1 0 0 0 0 0 0 0 0 0 0 0 0 1 1 57 88 0 0 0 0 0 0 0 0 0 0 0 0 1 57 88 1 0
  0 0 0 0 0 0 0 0 0 0 0 49 58 58 49 0 0 0 0 0 0 0 0 0 0 0 0 58 83 83 88 0 0 0 0
  0 0 0 0 0 0 0 0 83 83 83 58 0 0 0 0 0 0 0 0 0 0 0 0 83 83 83 88 0 0 0 0 0 0 0
  0 0 0 0 0 83 83 83 58 0 0 0 0 0 0 0 0 0 0 0 0 83 83 83 88 0 0 0 0 0 0 0 0 0 0
  0 0 83 83 83 58 0 0 0 0 0 0 0 0 0 0 0 0 83 83 83 88 0 0 0 0 0 0 0 0 0 0 0 0
  83 83 83 58 0 0 0 0 0 0 0 0 0 0 0 0 83 83 83 88 0 0 0 0 0 0 0 0 0 0 0 0 83 83
  83 58 0 0 0 0 0 0 0 0 0 0 0 0 83 83 83 88 0 0 0 0 0 0 0 0 0 0 0 0 83 83 83 58
  0 0 0 0 0 0 0 0 0 0 0 0 83 83 83 88 0 0 0 0 0 0 0 0 0 0 0 0 83 83 2 83 0 0 0
  0 0 0 0 0 0 0 0 0 58 83 83 88) 
#(0 0 0 0 0 0 0 0 0 0 0 0 0 0 0 0 0 0 0 0 0 0 0 0 0 0 0 0 0 0 0 0 0 0 0 0 0 0 0
  0 0 0 0 0 0 0 0 0 0 0 0 0 0 0 0 0 0 0 0 0 0 0 0 0 0 0 0 0 0 0 0 0 0 0 0 0 0 0
  0 0 0 0 0 0 0 0 0 0 0 0 0 0 0 0 0 0 0 0 0 0 0 0 0 0 0 0 0 0 0 0 0 0 0 0 0 0 0
  0 0 0 0 0 0 0 0 0 0 0 0 0 0 0 0 0 0 0 0 0 0 0 0 0 0 0 0 0 0 0 0 0 0 0 0 0 0 0
  0 0 0 0 0 0 0 0 0 0 0 0 0 0 0 0 0 0 0 0 0 0 0 0 0 0 0 0 0 0 0 0 0 0 0 0 0 0 0
  0 0 0 0 0 0 0 0 0 0 0 0 0 0 0 0 0 0 0 0 0 0 0 0 0 0 0 0 0 0 0 0 0 0 0 0 0 0 0
  0 0 0 0 0 0 0 0 0 0 0 0 0 0 0 0 0 0 0 0 0 0 0 0 0 0 0 0 0 0 0 0 0 0 0 0 0 0 0
  0 0 0 0 0 0 0 0 0 0 0 0 0 0 0 0 0 0 0 0 0 0 0 0 0 0 0 0 0 0 0 0 0 0 0 0 0 0 0
  0 0 0 0 0 0 0 0 0 0 0 0 0 0 0 0 0 0 0 0 0 0 0 0 0 0 0 0 0 0 0 0 0 0 0 0 0 0 0
  0 0 0 0 0 0 0 0 0 0 0 0 0 0 0 0 0 0 0 0 0 0 0 0 0 0 0 0 0 0 0 0 0 0 0 0 0 0 0
  0 0 0 0 0 0 0 0 0 0 0 0 0 0 0 0 0 0 0 0 0 0 0 0 0 0 0 0 0 0 0 0 0 0 0 0 0 0 0
  0 0 0 0 0 0 0 0 0 0 0 0 0 0 0 0 0 0 0 0 0 0 0 0 0 0 0 0 0 0 0 0 0 0 0 0 0 0 0
  0 0 0 0 0 0 0 0 0 0 0 0 0 0 0 0 0 0 0 0 0 0 0 0 0 0 0 0 0 0 0 0 0 0 0 0 0 0 0
  0 0 0 0 0 0 0 0 0 0 0 0 0 0 0 0 0 0 0 0 0 0 0 0 0 0 0 0 0 0 0 0 0 0 0 0 0 0 0
  0 0 0 0 0 0 0 0 0 0 0 0 0 0 0 0 0 0 0 0 0 0 0 0 0 0 0 0 0 0 0 0 0 0 0 0 0 0 0
  0 0 0 0 0 0 0 0 0 0 0 0 0 0 0 0 0 0 0 0 0 0 0 0 0 0 0 0 0 0 0 0 0 0 0 0 0 0 0
  0 0 0 0 0 0 0 0 0 0 0 0 0 0 0 0 0 0 0 0 0 0 0 0 0 0 0 0 0 0 0 0 0 0 0 0 0 0 0
  0 0 0 0 0 0 0 0 0 0 0 0 0 0 0 0 0 0 0 0 0 0 0 0 0 0 0 0 0 0 0 0 0 0 0 0 0 0 0
  0 0 0 0 0 0 0 0 0 0 0 0 0 0 0 0 0 0 0 0 0 0 0 0 0 0 0 0 0 0 0 0 0 0 0 0 0 0 0
  0 0 0 0 0 0 0 0 0 0 0 0 0 0 0 0 0 0 0 0 0 0 0 0 0 0 0 0 0 0 0 0 0 0 0 0 0 0 0
  0 0 0 0 0 0 0 0 0 0 0 0 0 0 0 0 0 0 0 0 0 0 0 0 0 0 0 0 0 0 0 0 0 0 0 0 0 0 0
  0 0 0 0 0 0 0 0 0 0 0 0 0 0 0 0 0 0 0 0 0 0 0 0 0 0 0 0 0 0 0 0 0 0 0 0 0 0 0
  0 0 0 0 0 0 0 0 0 0 0 0 0 0 0 0 0 0 0 0 0 0 0 0 0 0 0 0 0 0 0 0 0 0 0 0 0 0 0
  0 0 0 0 0 0 0 0 0 0 0 0 0 0 0 0 0 0 0 0 0 0 0 0 0 0 0 0 0 0 0 0 0 0 0 0 0 0 0
  0 0 0 0 0 0 0 0 0 0 0 0 0 0 0 0 0 0 0 0 0 0 0 0 0 0 0 0 0 0 0 0 0 0 0 0 0 0 0
  0 0 0 0 0 0 0 0 0 0 0 0 0 0 0 0 0 0 0 0 0 0 0 0 0 0 0 0 0 0 0 0 0 0 0 0 0 0 0
  0 0 0 0 0 0 0 0 0 0 0 0 0 0 0 0 0 0 0 0 0 0 0 0 0 0 0 0 0 0 0 0 0 0 0 0 0 0 0
  0 0 0 0 0 0 0 0 0 0 0 0 0 0 0 0 0 0 0 0 0 0 0 0 0 0 0 0 0 0 0 0 0 0 0 0 0 0 0
  0 0 0 0 0 0 0 0 0 0 0 0 0 0 0 0 0 0 0 0 0 0 0 0 0 0 0 0 0 0 0 0 0 0 0 0 0 0 0
  0 0 0 0 0 0 0 0 0 0 0 0 0 0 0 0 0 0 0 0 0 0 0 0 0 0 0 0 0 0 0 0 0 0 0 0 0 0 0
  0 0 0 0 0 0 0 0 0 0 0 0 0 0 0 0 0 0 0 0 0 0 0 0 0 0 0 0 0 0 0 0 0 0 0 0 0 0 0
  0 0 0 0 0 0 0 0 0 0 0 0 0 0 0 0 0 0 0 0 0 0 0 0 0 0 0 0 0 0 0 0 0 0 0 0 0 0 0
  0 0 0 0 0 0 0 0 0 0 0 0 0 0 0 0 0 0 0 0 0 0 0 0 0 0 0 0 0 0 0 0 0 0 0 0 0 0 0
  0 0 0 0 0 0 0 0 0 0 0 0 0 0 0 0 0 0 0 0 0 0 0 0 0 0 0 0 0 0 0 0 0 0 0 0 0 0 0
  0 0 0 0 0 0 0 0 0 0 0 0 0 0 0 0 0 0 0 0 0 0 0 0 0 0 0 0 0 0 0 0 0 0 0 0 0 0 0
  0 0 0 0 0 0 0 0 0 0 0 0 0 0 0 0 0 0 0 0 0 0 0 0 0 0 0 0 0 0 0 0 0 0 0 0 0 0 0
  0 0 0 0 0 0 0 0 0 0 0 0 0 0 0 0 0 0 0 0 0 0 0 0 0 0 0 0 0 0 0 0 0 0 0 0 0 0 0
  0 0 0 0 0 0 0 0 0 0 0 0 0 0 0 0 0 0 0 0 0 0 0 0 0 0 0 0 0 0 0 0 0 0 0 0 0 0 0
  0 0 0 0 0 0 0 0 0 0 0 0 0 0 0 0 0 0 0 0 0 0 0 0 0 0 0 0 0 0 0 0 0 0 0 0 0 0 0
  0 0 0 0 0 0 0 0 0 0 0 0 0 0 0 0 0 0 0 0 0 0 0 0 0 0 0 0 0 0 0 0 0 0 0 0 0 0 0
  0 0 0 0 0 0 0 0 0 0 0 0 0 0 0 0 0 0 0 0 0 0 0 0 0 0 0 0 0 0 0 0 0 0 0 0 0 0 0
  0 0 0 0 0 0 0 0 0 0 0 0 0 0 0 0 0 0 0 0 0 0 0 0 0 0 0 0 0 0 0 0 0 0 0 0 0 0 0
  0 0 0 0 0 0 0 0 0 0 0 0 0 0 0 0 0 0 0 0 0 0 0 0 0 0 0 0 0 0 0 0 0 0 0 0 0 0 0
  0 0 0 0 0 0 0 0 0 0 0 0 0 0 0 0 0 0 0 0 0 0 0 0 0 0 0 0 0 0 0 0 0 0 0 0 0 0 0
  0 0 0 0 0 0 0 0 0 0 0 0 0 0 0 0 0 0 0 0 0 0 0 0 0 0 0 0 0 0 0 0 0 0 0 0 0 0 0
  0 0 0 0 0 0 0 0 0 0 0 0 0 0 0 0 0 0 0 0 0 0 0 0 0 0 0 0 0 0 0 0 0 0 0 0 0 0 0
  0 0 0 0 0 0 0 0 0 0 0 0 0 0 0 0 0 0 0 0 0 0 0 0 0 0 0 0 0 0 0 0 0 0 0 0 0 0 0
  0 0 0 0 0 0 0 0 0 0 0 0 0 0 0 0 0 0 0 0 0 0 0 0 0 0 0 0 0 0 0 0 0 0 0 0 0 0 0
  0 0 0 0 0 0 0 0 0 0 0 0 0 0 0 0 0 0 0 0 0 0 0 0 0 0 0 0 0 0 0 0 0 0 0 0 0 0 0
  0 0 0 0 0 0 0 0 0 0 0 0 0 0 0 0 0 0 0 0 0 0 0 0 0 0 0 0 0 0 0 0 0 0 0 0 0 0 0
  0 0 0 0 0 0 0 0 0 0 0 0 0 0 0 0 0 0 0 0 0 0 0 0 0 0 0 0 0 0 0 0 0 0 0 0 0 0 0
  0 0 0 0 0 0 0 0 0 0 0 0 0 0 0 0 0 0 0 0 0 0 0 0 0 0 0 0 0 0 0 0 0 0 0 0 0 0 0
  0 0 0 0 0 0 0 0 0 0 0 0 0 0 0 0 0 0 0 0 0 0 0 0 0 0 0 0 0 0 0 0 0 0 0 0 0 0 0
  0 0 0 0 0 0 0 0 0 0 0 0 0 0 0 0 0 0 0 0 0 0 0 0 0 0 0 0 0 0 0 0 0 0 0 0 0 0 0
  0 0 0 0 0 0 0 0 0 0 0 0 0 0 0 0 0 0 0 0 0 0 0 0 0 0 0 0 0 0 0 0 0 0 0 0 0 0 0
  0 0 0 0 0 0 0 0 0 0 0 0 0 0 0 0 0 0 0 0 0 0 0 0 0 0 0 0 0 0 0 0 0 0 0 0 0 0 0
  0 0 0 0 0 0 0 0 0 0 0 0 0 0 0 0 0 0 0 0 0 0 0 0 0 0 0 0 0 0 0 0 0 0 0 0 0 0 0
  0 0 0 0 0 0 0 0 0 0 0 0 0 0 0 0 0 0 0 0 0 0 0 0 0 0 0 0 0 0 0 0 0 0 0 0 0 0 0
  0 0 0 0 0 0 0 0 0 0 0 0 0 0 0 0 0 0 0 0 0 0 0 0 0 0 0 0 0 0 0 0 0 0 0 0 0 0 0
  0 0 0 0 0 0 0 0 0 0 0 0 0 0 0 0 0 0 0 0 0 0 0 0 0 0 0 0 0 0 0 0 0 0 0 0 0 0 0
  0 0 0 0 0 0 0 0 0 0 0 0 0 0 0 0 0 0 0 0 0 0 0 0 0 0 0 0 0 0 0 0 0 0 0 0 0 0 0
  0 0 0 0 0 0 0 0 0 0 0 0 0 0 0 0 0 0 0 0 0 0 0 0 0 0 0 0 0 0 0 0 0 0 0 0 0 0 0
  0 0 0 0 0 0 0 0 0 0 0 0 0 0 0 0 0 0 0 0 0 0 0 0 0 0 0 0 0 0 0 0 0 0 0 0 0 0 0
  0 0 0 0 0 0 0 0 0 0 0 0 0 0 0 0 0 0 0 0 0 0 0 0 0 0 0 0 0 0 0 0 0 0 0 0 0 0 0
  0 0 0 0 0 0 0 0 0 0 0 0 0 0 0 0 0 0 0 0 0 0 0 0 0 0 0 0 0 0 0 0 0 0 0 0 0 0 0
  0 0 0 0 0 0 0 0 0 0 0 0 0 0 0 0 0 0 0 0 0 0 0 0 0 0 0 0 0 0 0 0 0 0 0 0 0 0 0
  0 0 0 0 0 0 0 0 0 0 0 0 0 0 0 0 0 0 0 0 0 0 0 0 0 0 0 0 0 0 0 0 0 0 0 0 0 0 0
  0 0 0 0 0 0 0 0 0 0 0 0 0 0 0 0 0 0 0 0 0 0 0 0 0 0 0 0 0 0 0 0 0 0 0 0 0 0 0
  0 0 0 0 0 0 0 0 0 0 0 0 0 0 0 0 0 0 0 0 0 0 0 0 0 0 0 0 0 0 0 0 0 0 0 0 0 0 0
  0 0 0 0 0 0 0 0 0 0 0 0 0 0 0 0 0 0 0 0 0 0 0 0 0 0 0 0 0 0 0 0 0 0 0 0 0 0 0
  0 0 0 0 0 0 0 0 0 0 0 0 0 0 0 0 0 0 0 0 0 0 0 0 0 0 0 0 0 0 0 0 0 0 0 0 0 0 0
  0 0 0 0 0 0 0 0 0 0 0 0 0 0 0 0 0 0 0 0 0 0 0 0 0 0 0 0 0 0 0 0 0 0 0 0 0 0 0
  0 0 0 0 0 0 0 0 0 0 0 0 0 0 0 0 0 0 0 0 0 0 0 0 0 0 0 0 0 0 0 0 0 0 0 0 0 0 0
  0 0 0 0 0 0 0 0 0 0 0 0 0 0 0 0 0 0 0 0 0 0 0 0 0 0 0 0 0 0 0 0 0 0 0 0 0 0 0
  0 0 0 0 0 0 0 0 0 0 0 0 0 0 0 0 0 0 0 0 0 0 0 0 0 0 0 0 0 0 0 0 0 0 0 0 0 0 0
  0 0 0 0 0 0 0 0 0 0 0 0 0 0 0 0 0 0 0 0 0 0 0 0 0 0 0 0 0 0 0 0 0 0 0 0 0 0 0
  0 0 0 0 0 0 0 0 0 0 0 0 0 0 0 0 0 0 0 0 0 0 0 0 0 0 0 0 0 0 0 0 0 0 0 0 0 0 0
  0 0 0 0 0 0 0 0 0 0 0 0 0 0 0 0 0 0 0 0 0 0 0 0 0 0 0 0 0 0 0 0 0 0 0 0 0 0 0
  0 0 0 0 0 0 0 0 0 0 0 0 0 0 0 0 0 0 0 0 0 0 0 0 0 0 0 0 0 0 0 0 0 0 0 0 0 0 0
  0 0 0 0 0 0 0 0 0 0 0 0 0 0 0 0 0 0 0 0 0 0 0 0 0 0 0 0 0 0 0 0 0 0 0 0 0 0 0
  0 0 0 0 0 0 0 0 0 0 0 0 0 0 0 0 0 0 0 0 0 0 0 0 0 0 0 0 0 0 0 0 0 0 0 0 0 0 0
  0 0 0 0 0 0 0 0 0 0 0 0 0 0 0 0 0 0 0 0 0 0 0 0 0 0 0 0 0 0 0 0 0 0 0 0 0 0 0
  0 0 0 0 0 0 0 0 0 0 0 0 0 0 0 0 0 0 0 0 0 0 0 0 0 0 0 0 0 0 0 0 0 0 0 0 0 0 0
  0 0 0 0 0 0 0 0 0 0 0 0 0 0 0 0 0 0 0 0 0 0 0 0 0 0 0 0 0 0 0 0 0 0 0 0 0 0 0
  0 0 0 0 0 0 0 0 0 0 0 0 0 0 0 0 0 0 0 0 0 0 0 0 0 0 0 0 0 0 0 0 0 0 0 0 0 0 0
  0 0 0 0 0 0 0 0 0 0 0 0 0 0 0 0 0 0 0 0 0 0 0 0 0 0 0 0 0 0 0 0 0 0 0 0 0 0 0
  0 0 0 0 0 0 0 0 0 0 0 0 0 0 0 0 0 0 0 0 0 0 0 0 0 0 0 0 0 0 0 0 0 0 0 0 0 0 0
  0 0 0 0 0 0 0 0 0 0 0 0 0 0 0 0 0 0 0 0 0 0 0 0 0 0 0 0 0 0 0 0 0 0 0 0 0 0 0
  0 0 0 0 0 0 0 0 0 0 0 0 0 0 0 0 0 0 0 0 0 0 0 0 0 0 0 0 0 0 0 0 0 0 0 0 0 0 0
  0 0 0 0 0 0 0 0 0 0 0 0 0 0 0 0 0 0 0 0 0 0 0 0 0 0 0 0 0 0 0 0 0 0 0 0 0 0 0
  0 0 0 0 0 0 0 0 0 0 0 0 0 0 0 0 0 0 0 0 0 0 0 0 0 0 0 0 0 0 0 0 0 0 0 0 0 0 0
  0 0 0 0 0 0 0 0 0 0 0 0 0 0 0 0 0 0 0 0 0 0 0 0 0 0 0 0 0 0 0 0 0 0 0 0 0 0 0
  0 0 0 0 0 0 0 0 0 0 0 0 0 0 0 0 0 0 0 0 0 0 0 0 0 0 0 0 0 0 0 0 0 0 0 0 0 0 0
  0 0 0 0 0 0 0 0 0 0 0 0 0 0 0 0 0 0 0 0 0 0 0 0 0 0 0 0 0 0 0 0 0 0 0 0 0 0 0
  0 0 0 0 0 0 0 0 0 0 0 0 0 0 0 0 0 0 0 0 0 0 0 0 0 0 0 0 0 0 0 0 0 0 0 0 0 0 0
  0 0 0 0 0 0 0 0 0 0 0 0 0 0 0 0 0 0 0 0 0 0 0 0 0 0 0 0 0 0 0 0 0 0 0 0 0 0 0
  0 0 0 0 0 0 0 0 0 0 0 0 0 0 0 0 0 0 0 0 0 0 0 0 0 0 0 0 0 0 0 0 0 0 0 0 0 0 0
  0 0 0 0 0 0 0 0 0 0 0 0 0 0 0 0 0 0 0 0 0 0 0 0 0 0 0 0 0 0 0 0 0 0 0 0 0 0 0
  0 0 0 0 0 0 0 0 0 0 0 0 0 0 0 0 0 0 0 0 0 0 0 0 0 0 0 0 0 0 0 0 0 0 0 0 0 0 0
  0 0 0 0 0 0 0 0 0 0 0 0 0 0 0 0 0 0 0 0 0 0 0 0 0 0 0 0 0 0 0 0 0 0 0 0 0 0 0
  0 0 0 0 0 0 0 0 0 0 0 0 0 0 0 0 0 0 0 0 0 0 0 0 0 0 0 0 0 0 0 0 0 0 0 0 0 0 0
  0 0 0 0 0 0 0 0 0 0 0 0 0 0 0 0 0 0 0 0 0 0 0 0 0 0 0 0 0 0 0 0 0 0 0 0 0 0 0
  0 0 0 0 0 0 0 0 0 0 0 0 0 0 0 0 0 0 0 0 0 0 0 0 0 0 0 0 0 0 0 0 0 0 0 0 0 0 0
  0 0 0 0 0 0 0 0 0 0 0 0 0 0 0 0 0 0 0 0 0 0 0 0 0 0 0 0 0 0 0 0 0 0 0 0 0 0 0
  0 0 0 0 0 0 0 0 0 0 0 0 0 0 0 0 0 0 0 0 0 0 0 0 0 0 0 0 0 0 0 0 0 0 0 0 0 0 0
  0) 
#(0 0 0 0 15 15 15 15 15 15 15 15 15 15 15 15 0 0 0 0 0 0 0 0 0 0 0 0 0 0 0 15
  0 0 0 0 0 0 0 0 0 0 0 0 0 0 0 15 0 0 0 0 0 0 0 0 0 0 0 0 0 0 15 15 0 0 0 0 0
  0 0 0 0 0 0 0 0 0 0 15 0 0 0 0 0 0 0 0 0 0 0 0 0 0 0 15 0 0 0 0 0 0 0 0 0 0 0
  15 0 0 0 15 0 0 0 0 0 0 0 0 0 0 15 15 15 15 15 15 0 0 0 0 0 0 0 0 0 0 0 15 15
  15 15 15 0 0 0 0 0 0 0 0 0 0 0 0 0 0 0 15 0 0 0 0 0 0 0 15 0 0 0 0 0 0 0 15 0
  0 0 0 0 0 15 15 15 0 0 0 0 0 15 15 0 0 0 0 0 0 0 15 15 0 0 0 0 0 0 15 0 0 0 0
  0 0 0 15 15 0 0 0 0 0 0 15 0 0 0 0 0 0 0 15 15 0 0 15 0 0 0 15 0 0 0 0 15 15
  15 15 15 0 15 15 15 15 15 15 0 0 0 0 15 15 15 15 15 15 15 15 15 15 15 15 0 0
  0 0 15 15 15 15 15 15 15 15 15 15 15 15 0 0 0 0 15 15 15 15 15 15 15 15 15 15
  15 15 0 0 0 0 15 15 15 15 15 15 15 15 15 15 15 15 0 0 0 0 15 15 15 15 15 15
  15 15 15 15 15 15 0 0 0 0 15 15 0 0 15 15 15 15 0 15 15 15 0 0 0 0 15 15 15
  15 15 15 0 15 15 15 15 15 0 0 0 0 15 15 15 15 15 15 15 15 15 15 15 15 0 0 0 0
  15 15 15 15 15 15 15 15 15 15 15 15 0 0 0 0 15 15 15 15 15 15 0 15 15 15 15
  15 0 0 0 0 15 15 15 15 15 15 15 15 15 15 15 15 0 0 0 0 15 15 15 15 15 15 15
  15 15 15 15 15 0 0 0 0 15 15 15 15 15 15 15 0 15 15 15 15 0 0 0 0 15 15 15 15
  15 15 15 15 15 15 15 15 0 0 0 0 15 15 15 15 15 15 15 15 15 15 15 15 0 0 0 0 0
  15 15 15 15 15 15 15 15 15 15 15 0 0 0 0 15 15 15 15 15 15 15 15 15 15 15 15
  0 0 0 0 15 15 15 15 15 15 15 15 15 15 15 15 0 0 0 0 15 15 15 15 15 15 15 15
  15 15 15 15 0 0 0 0 15 15 15 15 15 15 15 15 15 15 15 15 0 0 0 0 15 15 15 15
  15 15 15 15 15 15 15 15 0 0 0 0 15 15 15 15 15 15 15 15 15 15 15 15 0 0 0 0
  15 15 15 15 15 15 15 15 15 15 15 15 0 0 0 0 15 15 15 15 15 15 15 15 15 15 15
  15 0 0 0 0 15 15 15 15 15 15 15 15 15 15 15 15 0 0 0 0 15 15 15 15 15 15 15
  15 15 15 15 15 0 0 0 0 15 15 15 15 15 15 15 15 15 15 15 15 0 0 0 0 15 15 15
  15 15 15 15 15 15 15 15 15 0 0 0 0 15 15 15 15 15 15 15 15 15 15 15 15 0 0 0
  0 15 15 15 15 15 15 15 15 15 15 15 15 15 0 0 0 0 15 15 15 15 15 15 15 15 15
  15 15 14 0 0 0 0 0 15 15 15 15 15 15 15 15 15 15 0 0 0 0 0 15 15 15 15 15 15
  15 15 15 15 15 15 0 0 0 0 15 15 15 15 15 15 15 15 15 15 15 15 15 0 15 0 15 15
  15 15 15 15 15 15 15 15 15 15 15 0 15 0 15 15 15 15 15 15 15 15 15 15 15 15
  15 0 15 0 15 15 15 15 15 15 15 15 15 15 15 15 15 0 15 0 15 15 15 15 15 15 15
  15 15 15 15 15 15 0 15 0 15 15 15 15 15 15 15 15 15 15 15 15 15 0 15 0 15 15
  15 15 15 15 15 15 15 15 15 15 15 0 15 0 15 15 15 15 15 15 15 15 15 15 15 15
  15 0 15 0 15 15 15 15 15 15 15 15 15 15 15 15 15 0 15 0 15 15 15 15 15 15 15
  15 15 15 15 15 15 0 15 0 15 15 15 15 15 15 15 15 15 15 15 15 15 0 15 0 15 15
  15 15 15 15 15 15 15 15 15 15 15 0 15 0 15 15 15 15 15 15 15 15 15 15 15 15
  15 0 0 0 0 15 15 15 15 15 15 15 15 15 15 15 15 0 0 0 0 0 15 15 15 15 15 15 15
  15 15 15 0 0 0 0 0 15 15 15 15 15 15 15 15 15 15 15 15 0 0 0 0 15 15 15 15 15
  15 15 15 15 15 15 15 15 0 15 0 15 15 15 15 15 15 15 15 15 15 15 15 15 0 15 0
  15 15 15 15 15 15 15 15 15 15 15 15 15 0 15 0 15 15 15 15 15 15 15 15 15 15
  15 15 15 0 15 0 15 15 15 15 15 15 15 15 15 15 15 15 15 0 15 0 15 15 15 15 15
  15 15 15 15 15 15 15 15 0 15 0 15 15 15 15 15 15 15 15 15 15 15 15 15 0 15 0
  15 15 15 15 15 15 15 15 15 15 15 15 15 0 15 0 15 15 15 15 15 15 15 15 15 15
  15 15 15 0 15 0 15 15 15 15 15 15 15 15 15 15 15 15 15 0 15 0 15 15 15 15 15
  15 15 15 15 15 15 15 15 0 15 0 15 15 15 15 15 15 15 15 15 15 15 15 15 0 15 0
  15 15 15 15 15 15 15 15 15 15 15 15 15 0 0 0 0 15 15 15 15 15 15 15 15 15 15
  15 15 0 0 0 0 0 15 15 15 15 15 15 15 15 15 15 0 0 0 0 0 15 15 15 15 15 15 15
  15 15 15 15 15 0 0 0 0 15 15 15 15 15 15 15 15 15 15 15 15 15 0 15 0 15 15 15
  15 15 15 15 15 15 15 15 15 15 0 15 0 15 15 15 15 15 15 15 15 15 15 15 15 15 0
  15 0 15 15 15 15 15 15 15 15 15 15 15 15 15 0 15 0 15 15 15 15 15 15 15 15 15
  15 15 15 15 0 15 0 15 15 15 15 15 15 15 15 15 15 15 15 15 0 15 0 15 15 15 15
  15 15 15 15 15 15 15 15 15 0 15 0 15 15 15 15 15 15 15 15 15 15 15 15 15 0 15
  0 15 15 15 15 15 15 15 15 15 15 15 15 15 0 15 0 15 15 15 15 15 15 15 15 15 15
  15 15 15 0 15 0 15 15 15 15 15 15 15 15 15 15 15 15 15 0 15 0 15 15 15 15 15
  15 15 15 15 15 15 15 15 0 15 0 15 15 15 15 15 15 15 15 15 15 15 15 15 0 0 0 0
  15 15 15 15 15 15 15 15 15 15 15 15 0 0 0 0 0 15 15 15 15 15 15 15 15 15 15 0
  0 0 0 0 15 15 15 15 15 15 15 15 15 15 15 15 0 0 0 0 15 15 15 15 15 15 15 15
  15 15 15 15 15 0 15 0 15 15 15 15 15 15 15 15 15 15 15 15 15 0 15 0 15 15 15
  15 15 15 15 15 15 15 15 15 15 0 15 0 15 15 15 15 15 15 15 15 15 15 15 15 15 0
  15 0 15 15 15 15 15 15 15 15 15 15 15 15 15 0 15 0 15 15 15 15 15 15 15 15 15
  15 15 15 15 0 15 0 15 15 15 15 15 15 15 15 15 15 15 15 15 0 15 0 15 15 15 15
  15 15 15 15 15 15 15 15 15 0 15 0 15 15 15 15 15 15 15 15 15 15 15 15 15 0 15
  0 15 15 15 15 15 15 15 15 15 15 15 15 15 0 15 0 15 15 15 15 15 15 15 15 15 15
  15 15 15 0 15 0 15 15 15 15 15 15 15 15 15 15 15 15 15 0 15 0 15 15 15 15 15
  15 15 15 15 15 15 15 15 0 0 0 0 15 15 15 15 15 15 15 15 15 15 15 15 0 0 0 0 0
  15 15 15 15 15 15 15 15 15 15 0 0 0 0 0 15 15 15 15 15 15 15 15 15 15 15 15 0
  0 0 0 15 15 15 15 15 15 15 15 15 15 15 15 15 0 15 0 15 15 15 15 15 15 15 15
  15 15 15 15 15 0 15 0 15 15 15 15 15 15 15 15 15 15 15 15 15 0 15 0 15 15 15
  15 15 15 15 15 15 15 15 15 15 0 15 0 15 15 15 15 15 15 15 15 15 15 15 15 15 0
  15 0 15 15 15 15 15 15 15 15 15 15 15 15 15 0 15 0 15 15 15 15 15 15 15 15 15
  15 15 15 15 0 15 0 15 15 15 15 15 15 15 15 15 15 15 15 15 0 15 0 15 15 15 15
  15 15 15 15 15 15 15 15 15 0 15 0 15 15 15 15 15 15 15 15 15 15 15 15 15 0 15
  0 15 15 15 15 15 15 15 15 15 15 15 15 15 0 15 0 15 15 15 15 15 15 15 15 15 15
  15 15 15 0 15 0 15 15 15 15 15 15 15 15 15 15 15 15 15 0 0 0 0 15 15 15 15 15
  15 15 15 15 15 15 15 0 0 0 0 0 15 15 15 15 15 15 15 15 15 15 0 0 0 0 0 15 15
  15 15 15 15 15 15 15 15 15 15 0 0 0 0 15 15 15 15 15 15 15 15 15 15 15 15 15
  0 15 0 15 15 15 15 15 15 15 15 15 15 15 15 15 0 15 0 15 15 15 15 15 15 15 15
  15 15 15 15 15 0 15 0 15 15 15 15 15 15 15 15 15 15 15 15 15 0 15 0 15 15 15
  15 15 15 15 15 15 15 15 15 15 0 15 0 15 15 15 15 15 15 15 15 15 15 15 15 15 0
  15 0 15 15 15 15 15 15 15 15 15 15 15 15 15 0 15 0 15 15 15 15 15 15 15 15 15
  15 15 15 15 0 15 0 15 15 15 15 15 15 15 15 15 15 15 15 15 0 15 0 15 15 15 15
  15 15 15 15 15 15 15 15 15 0 15 0 15 15 15 15 15 15 15 15 15 15 15 15 15 0 15
  0 15 15 15 15 15 15 15 15 15 15 15 15 15 0 15 0 15 15 15 15 15 15 15 15 15 15
  15 15 15 0 0 0 0 15 15 15 15 15 15 15 15 15 15 15 15 0 0 0 0 0 15 15 15 15 15
  15 15 15 15 15 0 0 0 0 0 15 15 15 15 15 15 15 15 15 15 15 15 0 0 0 0 15 15 15
  15 15 15 15 15 15 15 15 15 15 0 15 0 15 15 15 15 15 15 15 15 15 15 15 15 15 0
  15 0 15 15 15 15 15 15 15 15 15 15 15 15 15 0 15 0 15 15 15 15 15 15 15 15 15
  15 15 15 15 0 15 0 15 15 15 15 15 15 15 15 15 15 15 15 15 0 15 0 15 15 15 15
  15 15 15 15 15 15 15 15 15 0 15 0 15 15 15 15 15 15 15 15 15 15 15 15 15 0 15
  0 15 15 15 15 15 15 15 15 15 15 15 15 15 0 15 0 15 15 15 15 15 15 15 15 15 15
  15 15 15 0 15 0 15 15 15 15 15 15 15 15 15 15 15 15 15 0 15 0 15 15 15 15 15
  15 15 15 15 15 15 15 15 0 15 0 15 15 15 15 15 15 15 15 15 15 15 15 15 0 15 0
  15 15 15 15 15 15 15 15 15 15 15 15 15 0 0 0 0 15 15 15 15 15 15 15 15 15 15
  15 15 0 0 0 0 0 15 15 15 15 15 15 15 15 15 15 0 0 0 0 0 15 15 15 15 15 15 15
  15 15 15 15 15 0 0 0 0 15 15 15 15 15 15 15 15 15 15 15 15 15 0 15 0 15 15 15
  15 15 15 15 15 15 15 15 15 15 0 15 0 15 15 15 15 15 15 15 15 15 15 15 15 15 0
  15 0 15 15 15 15 15 15 15 15 15 15 15 15 15 0 15 0 15 15 15 15 15 15 15 15 15
  15 15 15 15 0 15 0 15 15 15 15 15 15 15 15 15 15 15 15 15 0 15 0 15 15 15 15
  15 15 15 15 15 15 15 15 15 0 15 0 15 15 15 15 15 15 15 15 15 15 15 15 15 0 15
  0 15 15 15 15 15 15 15 15 15 15 15 15 15 0 15 0 15 15 15 15 15 15 15 15 15 15
  15 15 15 0 15 0 15 15 15 15 15 15 15 15 15 15 15 15 15 0 15 0 15 15 15 15 15
  15 15 15 15 15 15 15 15 0 15 0 15 15 15 15 15 15 15 15 15 15 15 15 15 0 0 0 0
  15 15 15 15 15 15 15 15 15 15 15 15 0 0 0 0 0 15 15 15 15 15 15 15 15 15 15 0
  0 0 0 0 15 15 15 15 15 15 15 15 15 15 15 15 0 0 0 0 15 15 15 15 15 15 15 15
  15 15 15 15 15 0 15 0 15 15 15 15 15 15 15 15 15 15 15 15 15 0 15 0 15 15 15
  15 15 15 15 15 15 15 15 15 15 0 15 0 15 15 15 15 15 15 15 15 15 15 15 15 15 0
  15 0 15 15 15 15 15 15 15 15 15 15 15 15 15 0 15 0 15 15 15 15 15 15 15 15 15
  15 15 15 15 0 15 0 15 15 15 15 15 15 15 15 15 15 15 15 15 0 15 0 15 15 15 15
  15 15 15 15 15 15 15 15 15 0 15 0 15 15 15 15 15 15 15 15 15 15 15 15 15 0 15
  0 15 15 15 15 15 15 15 15 15 15 15 15 15 0 15 0 15 15 15 15 15 15 15 15 15 15
  15 15 15 0 15 0 15 15 15 15 15 15 15 15 15 15 15 15 15 0 15 0 15 15 15 15 15
  15 15 15 15 15 15 15 15 0 0 0 0 15 15 15 15 15 15 15 15 15 15 15 15 0 0 0 0 0
  15 15 15 15 15 15 15 15 15 15 0 0 0 0 0 15 15 15 15 15 15 15 15 15 15 15 15 0
  0 0 0 15 15 15 15 15 15 15 15 15 15 15 15 15 0 15 0 15 15 15 15 15 15 15 15
  15 15 15 15 15 0 15 0 15 15 15 15 15 15 15 15 15 15 15 15 15 0 15 0 15 15 15
  15 15 15 15 15 15 15 15 15 15 0 15 0 15 15 15 15 15 15 15 15 15 15 15 15 15 0
  15 0 15 15 15 15 15 15 15 15 15 15 15 15 15 0 15 0 15 15 15 15 15 15 15 15 15
  15 15 15 15 0 15 0 15 15 15 15 15 15 15 15 15 15 15 15 15 0 15 0 15 15 15 15
  15 15 15 15 15 15 15 15 15 0 15 0 15 15 15 15 15 15 15 15 15 15 15 15 15 0 15
  0 15 15 15 15 15 15 15 15 15 15 15 15 15 0 15 0 15 15 15 15 15 15 15 15 15 15
  15 15 15 0 15 0 15 15 15 15 15 15 15 15 15 15 15 15 15 0 0 0 0 15 15 15 15 15
  15 15 15 15 15 15 15 0 0 0 0 0 15 15 15 15 15 15 15 15 15 15 0 0 0 0 0 0 15
  15 15 15 15 15 15 15 15 15 15 0 0 0 0 0 15 15 15 15 15 15 15 15 15 15 15 15 0
  0 0 0 15 15 15 15 15 15 15 15 15 15 15 15 0 0 0 0 15 15 15 15 15 15 15 15 15
  15 15 15 0 0 0 0 15 15 15 15 15 15 15 15 15 15 15 15 0 0 0 0 15 15 15 15 15
  15 15 15 15 15 15 15 0 0 0 0 15 15 15 15 15 15 15 15 15 15 15 15 0 0 0 0 15
  15 15 15 15 15 15 15 15 15 15 15 0 0 0 0 15 15 15 15 15 15 15 15 15 15 15 15
  0 0 0 0 15 15 15 15 15 15 15 15 15 15 15 15 0 0 0 0 15 15 15 15 15 15 15 15
  15 15 15 15 0 0 0 0 15 15 15 15 15 15 15 15 15 15 15 15 0 0 0 0 15 15 15 15
  15 15 15 15 15 15 15 15 0 0 0 0 15 15 15 15 15 15 15 15 15 15 15 15 0 0 0 0
  15 15 15 15 15 15 15 15 15 15 15 15 0 0 0 0 15 15 15 15 15 15 15 15 15 15 15
  0 0 0 0 0 15 15 15 15 15 15 15 15 15 15 15 15 0 0 0 0 15 15 15 15 15 15 15 15
  15 15 15 15 0 0 0 0 15 15 15 15 15 15 15 15 15 15 15 15 0 0 0 0 15 15 15 15
  15 15 15 15 15 15 15 15 0 0 0 0 15 15 15 15 15 15 15 15 15 15 15 15 0 0 0 0
  15 15 15 15 15 15 15 15 15 15 15 15 0 0 0 0 15 15 15 15 15 15 15 15 15 15 15
  15 0 0 0 0 15 15 15 15 15 15 15 15 15 15 15 15 0 0 0 0 15 15 15 15 15 15 15
  15 15 15 15 15 14 0 0 0 15 15 15 15 15 15 15 15 15 15 15 15 0 0 0 0 15 15 15
  15 15 15 15 15 15 15 15 15 0 0 0 0 15 15 15 15 15 15 15 15 15 15 15 15 0 0 0
  0 15 15 15 15 15 15 15 15 15 15 15 15 0 0 0 0 15 15 15 15 15 15 15 15 15 15
  15 15 0 0 0 0 15 15 15 15 15 15 15 15 15 15 15 15 0 0 0 0 15 15 15 15 15 15
  15 15 15 15 15 15 0 0 0 0 15 15 15 15 15 15 15 15 15 15 15 15 0 4 3 0 15 15
  15 15 15 15 15 15 15 15 15 15 6 5 4 0 15 15 15 15 15 15 15 15 15 15 15 15 7 6
  5 0 15 15 15 15 15 15 15 15 15 15 15 15 8 7 6 0 15 15 15 15 15 15 15 15 15 15
  15 15 9 8 7 0 15 15 15 15 15 15 15 15 15 15 15 15 10 9 8 0 15 15 15 15 15 15
  15 15 15 15 15 15 11 10 9 0 15 15 15 15 15 15 15 15 15 15 15 15 12 11 10 0 15
  15 15 15 15 15 15 15 15 15 15 15 13 12 11 0 15 15 15 15 15 15 15 15 15 15 15
  15 12 11 10 0 15 15 15 15 15 15 15 15 15 15 15 15 11 10 9 0 15 15 15 15 15 15
  15 15 15 15 15 15 10 9 8 0 15 15 15 15 15 15 15 15 15 15 15 15 9 8 7 0 15 15
  15 15 15 15 15 15 15 15 15 15 8 7 0 0 15 15 15 15 15 15 15 15 15 15 15 15 0 6
  5 0) 