
#(0 0 0 0 0 0 0 0 0 0 0 0 0 0 0 1 0 0 0 0 0 0 0 0 0 0 0 0 0 0 1 1 0 0 0 0 0 0 0
  0 0 0 0 0 0 2 1 1 0 0 0 0 0 0 0 0 0 0 0 0 2 3 1 1 0 0 0 0 0 0 0 0 0 0 0 2 3 3
  1 1 0 0 0 0 0 0 0 0 0 0 0 2 3 3 1 1 0 0 0 0 0 0 0 0 0 0 0 2 3 3 1 1 0 0 0 0 0
  0 0 0 0 0 0 0 2 3 1 1 0 0 0 0 0 0 0 0 0 0 0 0 2 1 1 1 0 0 0 0 0 0 0 0 0 0 0 1
  1 1 1 1 0 0 0 0 0 0 0 0 0 0 0 1 1 1 1 1 0 0 0 0 0 0 0 0 0 0 1 1 1 1 1 1 0 0 0
  0 0 0 0 0 0 0 1 1 1 1 1 1 0 0 0 0 0 0 0 0 0 0 1 1 1 1 1 1 0 0 0 0 0 0 0 0 0 0
  1 1 1 1 1 1 0 0 0 0 0 0 0 0 0 0 1 1 1 1 1 1 0 0 0 0 0 0 0 0 0 0 0 0 0 0 0 0 0
  0 0 0 0 0 0 0 0 0 0 0 0 0 0 1 0 0 0 0 0 0 0 0 0 0 0 0 0 0 1 1 0 0 0 0 0 0 0 0
  0 0 0 0 0 2 1 1 0 0 0 0 0 0 0 0 0 0 0 0 2 3 1 1 0 0 0 0 0 0 0 0 0 0 0 0 2 3 1
  1 0 0 0 0 0 0 0 0 0 0 0 0 2 3 1 1 0 0 0 0 0 0 0 0 0 0 0 0 0 1 1 1 0 0 0 0 0 0
  0 0 0 0 0 0 0 1 1 1 0 0 0 0 0 0 0 0 0 0 0 0 1 1 1 1 0 0 0 0 0 0 0 0 0 0 0 1 1
  1 1 1 0 0 0 0 0 0 0 0 0 0 1 1 1 1 1 1 0 0 0 0 0 0 0 0 0 0 1 1 1 1 1 1 0 0 0 0
  0 0 0 0 0 1 1 1 1 1 1 1 0 0 0 0 0 0 0 0 0 1 1 1 1 1 1 1 0 0 0 0 0 0 0 0 0 1 1
  1 1 1 1 1 0 0 0 0 0 0 0 0 0 0 0 0 0 0 0 0 0 0 0 0 0 0 0 0 0 0 0 0 0 0 0 0 0 0
  0 0 0 0 0 0 0 0 0 0 0 0 0 1 0 0 0 0 0 0 0 0 0 0 0 0 0 0 1 1 0 0 0 0 0 0 0 0 0
  0 0 0 0 2 1 1 0 0 0 0 0 0 0 0 0 0 0 0 0 1 1 1 0 0 0 0 0 0 0 0 0 0 0 0 0 1 1 1
  0 0 0 0 0 0 0 0 0 0 0 0 0 0 1 1 0 0 0 0 0 0 0 0 0 0 0 0 0 0 1 1 0 0 0 0 0 0 0
  0 0 0 0 0 0 1 1 1 0 0 0 0 0 0 0 0 0 0 0 0 1 1 1 1 0 0 0 0 0 0 0 0 0 0 0 1 1 1
  1 1 0 0 0 0 0 0 0 0 0 0 1 1 1 1 1 1 0 0 0 0 0 0 0 0 0 1 1 1 1 1 1 1 0 0 0 0 0
  0 0 0 0 1 1 1 1 1 1 1 0 0 0 0 0 0 0 0 1 1 1 1 1 1 1 1 0 0 0 0 0 0 0 0 0 0 0 0
  0 0 0 0 0 0 0 0 0 0 0 0 0 0 0 0 0 0 0 0 0 0 0 0 0 0 0 0 0 0 0 0 0 0 0 0 0 0 0
  0 0 0 0 0 0 0 0 0 0 0 0 1 0 0 0 0 0 0 0 0 0 0 0 0 0 0 1 1 0 0 0 0 0 0 0 0 0 0
  0 0 0 0 1 1 0 0 0 0 0 0 0 0 0 0 0 0 0 0 1 1 0 0 0 0 0 0 0 0 0 0 0 0 0 0 0 1 0
  0 0 0 0 0 0 0 0 0 0 0 0 0 0 1 0 0 0 0 0 0 0 0 0 0 0 0 0 0 1 1 0 0 0 0 0 0 0 0
  0 0 0 0 0 1 1 1 0 0 0 0 0 0 0 0 0 0 0 0 1 1 1 1 0 0 0 0 0 0 0 0 0 0 0 1 1 1 1
  1 0 0 0 0 0 0 0 0 0 0 1 1 1 1 1 1 0 0 0 0 0 0 0 0 0 1 1 1 1 1 1 1 0 0 0 0 0 0
  0 0 1 1 1 1 1 1 1 1 0 0 0 0 0 0 0 0 0 0 0 0 0 0 0 0 0 0 0 0 0 0 0 0 0 0 0 0 0
  0 0 0 0 0 0 0 0 0 0 0 0 0 0 0 0 0 0 0 0 0 0 0 0 0 0 0 0 0 0 0 0 0 0 0 0 0 0 0
  0 0 0 0 0 0 0 0 0 0 0 1 0 0 0 0 0 0 0 0 0 0 0 0 0 0 0 1 0 0 0 0 0 0 0 0 0 0 0
  0 0 0 0 1 0 0 0 0 0 0 0 0 0 0 0 0 0 0 0 0 0 0 0 0 0 0 0 0 0 0 0 0 0 0 0 0 0 0
  0 0 0 0 0 0 0 0 0 0 0 0 0 1 0 0 0 0 0 0 0 0 0 0 0 0 0 0 1 1 0 0 0 0 0 0 0 0 0
  0 0 0 0 1 1 1 0 0 0 0 0 0 0 0 0 0 0 0 1 1 1 1 0 0 0 0 0 0 0 0 0 0 0 1 1 1 1 1
  0 0 0 0 0 0 0 0 0 0 1 1 1 1 1 1 0 0 0 0 0 0 0 0 0 1 1 1 1 1 1 1 0 0 0 0 0 0 0
  0 0 0 0 0 0 0 0 0 0 0 0 0 0 0 0 0 0 0 0 0 0 0 0 0 0 0 0 0 0 0 0 0 0 0 0 0 0 0
  0 0 0 0 0 0 0 0 0 0 0 0 0 0 0 0 0 0 0 0 0 0 0 0 0 0 0 0 0 0 0 0 0 0 0 0 0 0 0
  0 0 0 0 0 0 0 0 0 0 0 0 0 0 0 0 0 0 0 0 0 0 0 0 0 0 0 0 0 0 0 0 0 0 0 0 0 0 0
  0 0 0 0 0 0 0 0 0 0 0 0 0 0 0 0 0 0 0 0 0 0 0 0 0 0 0 0 0 0 0 0 0 0 0 0 0 0 0
  0 0 0 0 0 0 0 0 0 0 0 0 1 0 0 0 0 0 0 0 0 0 0 0 0 0 0 1 1 0 0 0 0 0 0 0 0 0 0
  0 0 0 1 1 1 0 0 0 0 0 0 0 0 0 0 0 0 1 1 1 1 0 0 0 0 0 0 0 0 0 0 0 1 1 1 1 1 0
  0 0 0 0 0 0 0 0 0 1 1 1 1 1 1 0 0 0 0 0 0 0 0 0 0 0 0 0 0 0 0 0 0 0 0 0 0 0 0
  0 0 0 0 0 0 0 0 0 0 0 0 0 0 0 0 0 0 0 0 0 0 0 0 0 0 0 0 0 0 0 0 0 0 0 0 0 0 0
  0 0 0 0 0 0 0 0 0 0 0 0 0 0 0 0 0 0 0 0 0 0 0 0 0 0 0 0 0 0 0 0 0 0 0 0 0 0 0
  0 0 0 0 0 0 0 0 0 0 0 0 0 0 0 0 0 0 0 0 0 0 0 0 0 0 0 0 0 0 0 0 0 0 0 0 0 0 0
  0 0 0 0 0 0 0 0 0 0 0 0 0 0 0 0 0 0 0 0 0 0 0 0 0 0 0 0 0 0 0 0 0 0 0 0 0 0 0
  0 0 0 0 0 0 0 0 0 0 0 1 0 0 0 0 0 0 0 0 0 0 0 0 0 0 1 1 0 0 0 0 0 0 0 0 0 0 0
  0 0 1 1 1 0 0 0 0 0 0 0 0 0 0 0 0 1 1 1 1 0 0 0 0 0 0 0 0 0 0 0 1 1 1 1 1 0 0
  0 0 0 0 0 0 0 0 0 0 0 0 0 0 0 0 0 0 0 0 0 0 0 0 0 0 0 0 0 0 0 0 0 0 0 0 0 0 0
  0 0 0 0 0 0 0 0 0 0 0 0 0 0 0 0 0 0 0 0 0 0 0 0 0 0 0 0 0 0 0 0 0 0 0 0 0 0 0
  0 0 0 0 0 0 0 0 0 0 0 0 0 0 0 0 0 0 0 0 0 0 0 0 0 0 0 0 0 0 0 0 0 0 0 0 0 0 0
  0 0 0 0 0 0 0 0 0 0 0 0 0 0 0 0 0 0 0 0 0 0 0 0 0 0 0 0 0 0 0 0 0 0 0 0 0 0 0
  0 0 0 0 0 0 0 0 0 0 0 0 0 0 0 0 0 0 0 0 0 0 0 0 0 0 0 0 0 0 0 0 0 0 0 0 0 0 0
  0 0 0 0 0 0 0 0 0 0 1 0 0 0 0 0 0 0 0 0 0 0 0 0 0 1 1 0 0 0 0 0 0 0 0 0 0 0 0
  0 1 1 1 0 0 0 0 0 0 0 0 0 0 0 0 1 1 1 1 0 0 0 0 0 0 0 0 0 0 0 0 0 0 0 0 0 0 0
  0 0 0 0 0 0 0 0 0 0 0 0 0 0 0 0 0 0 0 0 0 0 0 0 0 0 0 0 0 0 0 0 0 0 0 0 0 0 0
  0 0 0 0 0 0 0 0 0 0 0 0 0 0 0 0 0 0 0 0 0 0 0 0 0 0 0 0 0 0 0 0 0 0 0 0 0 0 0
  0 0 0 0 0 0 0 0 0 0 0 0 0 0 0 0 0 0 0 0 0 0 0 0 0 0 0 0 0 0 0 0 0 0 0 0 0 0 0
  0 0 0 0 0 0 0 0 0 0 0 0 0 0 0 0 0 0 0 0 0 0 0 0 0 0 0 0 0 0 0 0 0 0 0 0 0 0 0
  0 0 0 0 0 0 0 0 0 0 0 0 0 0 0 0 0 0 0 0 0 0 0 0 0 0 0 0 0 0 0 0 1 0 0 0 0 0 0
  0 0 0 0 0 0 0 0 1 1 0 0 0 0 0 0 0 0 0 0 0 0 0 1 1 1 0 0 0 0 0 0 0 0 0 0 0 0 1
  1 1 1 0 0 0 0 0 0 0 0 0 0 0 0 0 0 0 0 0 0 0 0 0 0 0 0 0 0 0 0 0 0 0 0 0 0 0 0
  0 0 0 0 0 0 0 0 0 0 0 0 0 0 0 0 0 0 0 0 0 0 0 0 0 0 0 0 0 0 0 0 0 0 0 0 0 0 0
  0 0 0 0 0 0 0 0 0 0 0 0 0 0 0 0 0 0 0 0 0 0 0 0 0 0 0 0 0 0 0 0 0 0 0 0 0 0 0
  0 0 0 0 0 0 0 0 0 0 0 0 0 0 0 0 0 0 0 0 0 0 0 0 0 0 0 0 0 0 0 0 0 0 0 0 0 0 0
  0 0 0 0 0 0 0 0 0 0 0 0 0 0 0 0 0 0 0 0 0 0 0 0 0 0 0 0 0 0 0 0 0 0 0 0 0 0 1
  0 0 0 0 0 0 0 0 0 0 0 0 0 0 1 1 0 0 0 0 0 0 0 0 0 0 0 0 0 3 1 1 0 0 0 0 0 0 0
  0 0 0 0 0 13 13 1 1 0 0 0 0 0 0 0 0 0 0 0 13 13 1 1 1 0 0 0 0 0 0 0 0 0 0 0 0
  0 0 0 0 0 0 0 0 0 0 0 0 0 0 0 0 0 0 0 0 0 0 0 0 0 0 0 0 0 0 0 0 0 0 0 0 0 0 0
  0 0 0 0 0 0 0 0 0 0 0 0 0 0 0 0 0 0 0 0 0 0 0 0 0 0 0 0 0 0 0 0 0 0 0 0 0 0 0
  0 0 0 0 0 0 0 0 0 0 0 0 0 0 0 0 0 0 0 0 0 0 0 0 0 0 0 0 0 0 0 0 0 0 0 0 0 0 0
  0 0 0 0 0 0 0 0 0 0 0 0 0 0 0 0 0 0 0 0 0 0 0 0 0 0 0 0 0 0 0 0 0 0 0 0 0 0 0
  0 0 0 0 0 0 0 1 0 0 0 0 0 0 0 0 0 0 0 0 0 0 16 1 0 0 0 0 0 0 0 0 0 0 0 0 0 3
  13 13 0 0 0 0 0 0 0 0 0 0 0 0 3 3 13 3 0 0 0 0 0 0 0 0 0 0 0 13 1 1 1 3 0 0 0
  0 0 0 0 0 0 0 13 13 1 1 1 1 0 0 0 0 0 0 0 0 0 0 0 0 0 0 0 0 0 0 0 0 0 0 0 0 0
  0 0 0 0 0 0 0 0 0 0 0 0 0 0 0 0 0 0 0 0 0 0 0 0 0 0 0 0 0 0 0 0 0 0 0 0 0 0 0
  0 0 0 0 0 0 0 0 0 0 0 0 0 0 0 0 0 0 0 0 0 0 0 0 0 0 0 0 0 0 0 0 0 0 0 0 0 0 0
  0 0 0 0 0 0 0 0 0 0 0 0 0 0 0 0 0 0 0 0 0 0 0 0 0 0 0 0 0 0 0 0 0 0 0 0 0 0 0
  0 0 0 0 0 0 0 0 0 0 0 0 0 0 0 0 0 16 0 0 0 0 0 0 0 0 0 0 0 0 0 0 16 16 0 0 0
  0 0 0 0 0 0 0 0 0 0 16 16 16 0 0 0 0 0 0 0 0 0 0 0 0 3 13 13 13 0 0 0 0 0 0 0
  0 0 0 0 3 3 13 3 2 0 0 0 0 0 0 0 0 0 0 13 13 1 1 3 3 0 0 0 0 0 0 0 0 0 0 1 1
  1 1 1 3 0 0 0 0 0 0 0 0 0 0 0 0 0 0 0 0 0 0 0 0 0 0 0 0 0 0 0 0 0 0 0 0 0 0 0
  0 0 0 0 0 0 0 0 0 0 0 0 0 0 0 0 0 0 0 0 0 0 0 0 0 0 0 0 0 0 0 0 0 0 0 0 0 0 0
  0 0 0 0 0 0 0 0 0 0 0 0 0 0 0 0 0 0 0 0 0 0 0 0 0 0 0 0 0 0 0 0 0 0 0 0 0 0 0
  0 0 0 0 0 0 0 0 0 0 0 0 0 0 0 0 0 0 0 0 0 0 0 0 0 0 0 0 0 0 1 0 0 0 0 0 0 0 0
  0 0 0 0 0 0 3 16 0 0 0 0 0 0 0 0 0 0 0 0 0 3 16 16 0 0 0 0 0 0 0 0 0 0 0 0 3
  3 16 1 0 0 0 0 0 0 0 0 0 0 0 3 1 1 1 1 0 0 0 0 0 0 0 0 0 0 13 13 13 13 2 0 0
  0 0 0 0 0 0 0 0 0 13 13 1 3 3 2 0 0 0 0 0 0 0 0 0 0 1 1 1 1 3 3 0 0 0 0 0 0 0
  0 0 0 0 0 0 0 0 0 0 0 0 0 0 0 0 0 0 0 0 0 0 0 0 0 0 0 0 0 0 0 0 0 0 0 0 0 0 0
  0 0 0 0 0 0 0 0 0 0 0 0 0 0 0 0 0 0 0 0 0 0 0 0 0 0 0 0 0 0 0 0 0 0 0 0 0 0 0
  0 0 0 0 0 0 0 0 0 0 0 0 0 0 0 0 0 0 0 0 0 0 0 0 0 0 0 0 0 0 0 0 0 0 0 0 0 0 0
  0 0 0 1 0 0 0 0 0 0 0 0 0 0 0 0 0 0 1 1 0 0 0 0 0 0 0 0 0 0 0 0 0 3 3 1 0 0 0
  0 0 0 0 0 0 0 0 0 3 3 1 1 0 0 0 0 0 0 0 0 0 0 0 3 3 3 1 1 0 0 0 0 0 0 0 0 0 0
  3 3 1 1 1 1 0 0 0 0 0 0 0 0 0 0 1 1 1 1 1 1 0 0 0 0 0 0 0 0 0 0 1 1 1 1 1 1 0
  0 0 0 0 0 0 0 0 0 1 1 1 1 1 1 0 0 0 0 0 0 0 0 0 0 0 0 0 0 0 0 0 0 0 0 0 0 0 0
  0 0 0 0 0 0 0 0 0 0 0 0 0 0 0 0 0 0 0 0 0 0 0 1 0 0 0 0 0 0 0 0 0 0 0 0 0 0 0
  15 0 0 0 0 0 0 0 0 0 0 0 0 0 0 0 0 0 0 0 0 0 0 0 0 0 0 0 0 0 0 0 0 0 0 0 0 0
  0 0 0 0 0 0 0 0 0 0 3 0 0 0 0 0 0 0 0 0 0 0 0 0 0 3 3 0 0 0 0 0 0 0 0 0 0 0 0
  0 3 3 3 0 0 0 0 0 0 0 0 0 0 0 0 3 3 3 3 0 0 0 0 0 0 0 0 0 0 0 3 3 3 1 1 0 0 0
  0 0 0 0 0 0 0 3 3 1 1 1 1 0 0 0 0 0 0 0 0 0 0 3 1 1 1 1 1 0 0 0 0 0 0 0 0 0 0
  1 1 1 1 1 1 0 0 0 0 0 0 0 0 0 0 1 1 1 1 1 1 0 0 0 0 0 0 0 0 0 0 1 1 1 1 1 1 0
  0 0 0 0 0 0 0 0 0 0 0 0 0 0 0 0 0 0 0 0 0 0 0 0 0 0 0 0 0 0 1 0 0 0 0 0 0 0 0
  0 0 0 0 0 0 1 1 0 0 0 0 0 0 0 0 0 0 0 0 0 0 1 1 0 0 0 0 0 0 0 0 0 0 0 0 0 0 0
  1 0 0 0 0 0 0 0 0 0 0 0 0 0 0 0 1 0 0 0 0 0 0 0 0 0 0 0 0 0 0 3 3 0 0 0 0 0 0
  0 0 0 0 0 0 0 3 3 3 0 0 0 0 0 0 0 0 0 0 0 0 1 3 3 3 0 0 0 0 0 0 0 0 0 0 0 1 1
  3 3 3 0 0 0 0 0 0 0 0 0 0 1 1 1 1 1 3 0 0 0 0 0 0 0 0 0 0 1 1 1 1 1 1 0 0 0 0
  0 0 0 0 0 0 1 1 1 1 1 1 0 0 0 0 0 0 0 0 0 0 1 1 1 1 1 1 0 0 0 0 0 0 0 0 0 0 1
  1 1 1 1 1 0 0 0 0 0 0 0 0 0 0 1 1 1 1 1 1) 
#(0 0 0 0 0 0 0 0 0 0 0 0 0 0 0 0 0 0 0 0 0 0 0 0 0 0 0 0 0 0 0 0 0 0 0 0 0 0 0
  0 0 0 0 0 0 0 0 0 0 0 0 0 0 0 0 0 0 0 0 0 0 0 0 0 0 0 0 0 0 0 0 0 0 0 0 0 0 0
  0 0 0 0 0 0 0 0 0 0 0 0 0 0 0 0 0 0 0 0 0 0 0 0 0 0 0 0 0 0 0 0 0 0 0 0 0 0 0
  0 0 0 0 0 0 0 0 0 0 0 0 0 0 0 0 0 0 0 0 0 0 0 0 0 0 0 0 0 0 0 0 0 0 0 0 0 0 0
  0 0 0 0 0 0 0 0 0 0 0 0 0 0 0 0 0 0 0 0 0 0 0 0 0 0 0 0 0 0 0 0 0 0 0 0 0 0 0
  0 0 0 0 0 0 0 0 0 0 0 0 0 0 0 0 0 0 0 0 0 0 0 0 0 0 0 0 0 0 0 0 0 0 0 0 0 0 0
  0 0 0 0 0 0 0 0 0 0 0 0 0 0 0 0 0 0 0 0 0 0 0 0 0 0 0 0 0 0 0 0 0 0 0 0 0 0 0
  0 0 0 0 0 0 0 0 0 0 0 0 0 0 0 0 0 0 0 0 0 0 0 0 0 0 0 0 0 0 0 0 0 0 0 0 0 0 0
  0 0 0 0 0 0 0 0 0 0 0 0 0 0 0 0 0 0 0 0 0 0 0 0 0 0 0 0 0 0 0 0 0 0 0 0 0 0 0
  0 0 0 0 0 0 0 0 0 0 0 0 0 0 0 0 0 0 0 0 0 0 0 0 0 0 0 0 0 0 0 0 0 0 0 0 0 0 0
  0 0 0 0 0 0 0 0 0 0 0 0 0 0 0 0 0 0 0 0 0 0 0 0 0 0 0 0 0 0 0 0 0 0 0 0 0 0 0
  0 0 0 0 0 0 0 0 0 0 0 0 0 0 0 0 0 0 0 0 0 0 0 0 0 0 0 0 0 0 0 0 0 0 0 0 0 0 0
  0 0 0 0 0 0 0 0 0 0 0 0 0 0 0 0 0 0 0 0 0 0 0 0 0 0 0 0 0 0 0 0 0 0 0 0 0 0 0
  0 0 0 0 0 0 0 0 0 0 0 0 0 0 0 0 0 0 0 0 0 0 0 0 0 0 0 0 0 0 0 0 0 0 0 0 0 0 0
  0 0 0 0 0 0 0 0 0 0 0 0 0 0 0 0 0 0 0 0 0 0 0 0 0 0 0 0 0 0 0 0 0 0 0 0 0 0 0
  0 0 0 0 0 0 0 0 0 0 0 0 0 0 0 0 0 0 0 0 0 0 0 0 0 0 0 0 0 0 0 0 0 0 0 0 0 0 0
  0 0 0 0 0 0 0 0 0 0 0 0 0 0 0 0 0 0 0 0 0 0 0 0 0 0 0 0 0 0 0 0 0 0 0 0 0 0 0
  0 0 0 0 0 0 0 0 0 0 0 0 0 0 0 0 0 0 0 0 0 0 0 0 0 0 0 0 0 0 0 0 0 0 0 0 0 0 0
  0 0 0 0 0 0 0 0 0 0 0 0 0 0 0 0 0 0 0 0 0 0 0 0 0 0 0 0 0 0 0 0 0 0 0 0 0 0 0
  0 0 0 0 0 0 0 0 0 0 0 0 0 0 0 0 0 0 0 0 0 0 0 0 0 0 0 0 0 0 0 0 0 0 0 0 0 0 0
  0 0 0 0 0 0 0 0 0 0 0 0 0 0 0 0 0 0 0 0 0 0 0 0 0 0 0 0 0 0 0 0 0 0 0 0 0 0 0
  0 0 0 0 0 0 0 0 0 0 0 0 0 0 0 0 0 0 0 0 0 0 0 0 0 0 0 0 0 0 0 0 0 0 0 0 0 0 0
  0 0 0 0 0 0 0 0 0 0 0 0 0 0 0 0 0 0 0 0 0 0 0 0 0 0 0 0 0 0 0 0 0 0 0 0 0 0 0
  0 0 0 0 0 0 0 0 0 0 0 0 0 0 0 0 0 0 0 0 0 0 0 0 0 0 0 0 0 0 0 0 0 0 0 0 0 0 0
  0 0 0 0 0 0 0 0 0 0 0 0 0 0 0 0 0 0 0 0 0 0 0 0 0 0 0 0 0 0 0 0 0 0 0 0 0 0 0
  0 0 0 0 0 0 0 0 0 0 0 0 0 0 0 0 0 0 0 0 0 0 0 0 0 0 0 0 0 0 0 0 0 0 0 0 0 0 0
  0 0 0 0 0 0 0 0 0 0 0 0 0 0 0 0 0 0 0 0 0 0 0 0 0 0 0 0 0 0 0 0 0 0 0 0 0 0 0
  0 0 0 0 0 0 0 0 0 0 0 0 0 0 0 0 0 0 0 0 0 0 0 0 0 0 0 0 0 0 0 0 0 0 0 0 0 0 0
  0 0 0 0 0 0 0 0 0 0 0 0 0 0 0 0 0 0 0 0 0 0 0 0 0 0 0 0 0 0 0 0 0 0 0 0 0 0 0
  0 0 0 0 0 0 0 0 0 0 0 0 0 0 0 0 0 0 0 0 0 0 0 0 0 0 0 0 0 0 0 0 0 0 0 0 0 0 0
  0 0 0 0 0 0 0 0 0 0 0 0 0 0 0 0 0 0 0 0 0 0 0 0 0 0 0 0 0 0 0 0 0 0 0 0 0 0 0
  0 0 0 0 0 0 0 0 0 0 0 0 0 0 0 0 0 0 0 0 0 0 0 0 0 0 0 0 0 0 0 0 0 0 0 0 0 0 0
  0 0 0 0 0 0 0 0 0 0 0 0 0 0 0 0 0 0 0 0 0 0 0 0 0 0 0 0 0 0 0 0 0 0 0 0 0 0 0
  0 0 0 0 0 0 0 0 0 0 0 0 0 0 0 0 0 0 0 0 0 0 0 0 0 0 0 0 0 0 0 0 0 0 0 0 0 0 0
  0 0 0 0 0 0 0 0 0 0 0 0 0 0 0 0 0 0 0 0 0 0 0 0 0 0 0 0 0 0 0 0 0 0 0 0 0 0 0
  0 0 0 0 0 0 0 0 0 0 0 0 0 0 0 0 0 0 0 0 0 0 0 0 0 0 0 0 0 0 0 0 0 0 0 0 0 0 0
  0 0 0 0 0 0 0 0 0 0 0 0 0 0 0 0 0 0 0 0 0 0 0 0 0 0 0 0 0 0 0 0 0 0 0 0 0 0 0
  0 0 0 0 0 0 0 0 0 0 0 0 0 0 0 0 0 0 0 0 0 0 0 0 0 0 0 0 0 0 0 0 0 0 0 0 0 0 0
  0 0 0 0 0 0 0 0 0 0 0 0 0 0 0 0 0 0 0 0 0 0 0 0 0 0 0 0 0 0 0 0 0 0 0 0 0 0 0
  0 0 0 0 0 0 0 0 0 0 0 0 0 0 0 0 0 0 0 0 0 0 0 0 0 0 0 0 0 0 0 0 0 0 0 0 0 0 0
  0 0 0 0 0 0 0 0 0 0 0 0 0 0 0 0 0 0 0 0 0 0 0 0 0 0 0 0 0 0 0 0 0 0 0 0 0 0 0
  0 0 0 0 0 0 0 0 0 0 0 0 0 0 0 0 0 0 0 0 0 0 0 0 0 0 0 0 0 0 0 0 0 0 0 0 0 0 0
  0 0 0 0 0 0 0 0 0 0 0 0 0 0 0 0 0 0 0 0 0 0 0 0 0 0 0 0 0 0 0 0 0 0 0 0 0 0 0
  0 0 0 0 0 0 0 0 0 0 0 0 0 0 0 0 0 0 0 0 0 0 0 0 0 0 0 0 0 0 0 0 0 0 0 0 0 0 0
  0 0 0 0 0 0 0 0 0 0 0 0 0 0 0 0 0 0 0 0 0 0 0 0 0 0 0 0 0 0 0 0 0 0 0 0 0 0 0
  0 0 0 0 0 0 0 0 0 0 0 0 0 0 0 0 0 0 0 0 0 0 0 0 0 0 0 0 0 0 0 0 0 0 0 0 0 0 0
  0 0 0 0 0 0 0 0 0 0 0 0 0 0 0 0 0 0 0 0 0 0 0 0 0 0 0 0 0 0 0 0 0 0 0 0 0 0 0
  0 0 0 0 0 0 0 0 0 0 0 0 0 0 0 0 0 0 0 0 0 0 0 0 0 0 0 0 0 0 0 0 0 0 0 0 0 0 0
  0 0 0 0 0 0 0 0 0 0 0 0 0 0 0 0 0 0 0 0 0 0 0 0 0 0 0 0 0 0 0 0 0 0 0 0 0 0 0
  0 0 0 0 0 0 0 0 0 0 0 0 0 0 0 0 0 0 0 0 0 0 0 0 0 0 0 0 0 0 0 0 0 0 0 0 0 0 0
  0 0 0 0 0 0 0 0 0 0 0 0 0 0 0 0 0 0 0 0 0 0 0 0 0 0 0 0 0 0 0 0 0 0 0 0 0 0 0
  0 0 0 0 0 0 0 0 0 0 0 0 0 0 0 0 0 0 0 0 0 0 0 0 0 0 0 0 0 0 0 0 0 0 0 0 0 0 0
  0 0 0 0 0 0 0 0 0 0 0 0 0 0 0 0 0 0 0 0 0 0 0 0 0 0 0 0 0 0 0 0 0 0 0 0 0 0 0
  0 0 0 0 0 0 0 0 0 0 0 0 0 0 0 0 0 0 0 0 0 0 0 0 0 0 0 0 0 0 0 0 0 0 0 0 0 0 0
  0 0 0 0 0 0 0 0 0 0 0 0 0 0 0 0 0 0 0 0 0 0 0 0 0 0 0 0 0 0 0 0 0 0 0 0 0 0 0
  0 0 0 0 0 0 0 0 0 0 0 0 0 0 0 0 0 0 0 0 0 0 0 0 0 0 0 0 0 0 0 0 0 0 0 0 0 0 0
  0 0 0 0 0 0 0 0 0 0 0 0 0 0 0 0 0 0 0 0 0 0 0 0 0 0 0 0 0 0 0 0 0 0 0 0 0 0 0
  0 0 0 0 0 0 0 0 0 0 0 0 0 0 0 0 0 0 0 0 0 0 0 0 0 0 0 0 0 0 0 0 0 0 0 0 0 0 0
  0 0 0 0 0 0 0 0 0 0 0 0 0 0 0 0 0 0 0 0 0 0 0 0 0 0 0 0 0 0 0 0 0 0 0 0 0 0 0
  0 0 0 0 0 0 0 0 0 0 0 0 0 0 0 0 0 0 0 0 0 0 0 0 0 0 0 0 0 0 0 0 0 0 0 0 0 0 0
  0 0 0 0 0 0 0 0 0 0 0 0 0 0 0 0 0 0 0 0 0 0 0 0 0 0 0 0 0 0 0 0 0 0 0 0 0 0 0
  0 0 0 0 0 0 0 0 0 0 0 0 0 0 0 0 0 0 0 0 0 0 0 0 0 0 0 0 0 0 0 0 0 0 0 0 0 0 0
  0 0 0 0 0 0 0 0 0 0 0 0 0 0 0 0 0 0 0 0 0 0 0 0 0 0 0 0 0 0 0 0 0 0 0 0 0 0 0
  0 0 0 0 0 0 0 0 0 0 0 0 0 0 0 0 0 0 0 0 0 0 0 0 0 0 0 0 0 0 0 0 0 0 0 0 0 0 0
  0 0 0 0 0 0 0 0 0 0 0 0 0 0 0 0 0 0 0 0 0 0 0 0 0 0 0 0 0 0 0 0 0 0 0 0 0 0 0
  0 0 0 0 0 0 0 0 0 0 0 0 0 0 0 0 0 0 0 0 0 0 0 0 0 0 0 0 0 0 0 0 0 0 0 0 0 0 0
  0 0 0 0 0 0 0 0 0 0 0 0 0 0 0 0 0 0 0 0 0 0 0 0 0 0 0 0 0 0 0 0 0 0 0 0 0 0 0
  0 0 0 0 0 0 0 0 0 0 0 0 0 0 0 0 0 0 0 0 0 0 0 0 0 0 0 0 0 0 0 0 0 0 0 0 0 0 0
  0 0 0 0 0 0 0 0 0 0 0 0 0 0 0 0 0 0 0 0 0 0 0 0 0 0 0 0 0 0 0 0 0 0 0 0 0 0 0
  0 0 0 0 0 0 0 0 0 0 0 0 0 0 0 0 0 0 0 0 0 0 0 0 0 0 0 0 0 0 0 0 0 0 0 0 0 0 0
  0 0 0 0 0 0 0 0 0 0 0 0 0 0 0 0 0 0 0 0 0 0 0 0 0 0 0 0 0 0 0 0 0 0 0 0 0 0 0
  0 0 0 0 0 0 0 0 0 0 0 0 0 0 0 0 0 0 0 0 0 0 0 0 0 0 0 0 0 0 0 0 0 0 0 0 0 0 0
  0 0 0 0 0 0 0 0 0 0 0 0 0 0 0 0 0 0 0 0 0 0 0 0 0 0 0 0 0 0 0 0 0 0 0 0 0 0 0
  0 0 0 0 0 0 0 0 0 0 0 0 0 0 0 0 0 0 0 0 0 0 0 0 0 0 0 0 0 0 0 0 0 0 0 0 0 0 0
  0 0 0 0 0 0 0 0 0 0 0 0 0 0 0 0 0 0 0 0 0 0 0 0 0 0 0 0 0 0 0 0 0 0 0 0 0 0 0
  0 0 0 0 0 0 0 0 0 0 0 0 0 0 0 0 0 0 0 0 0 0 0 0 0 0 0 0 0 0 0 0 0 0 0 0 0 0 0
  0 0 0 0 0 0 0 0 0 0 0 0 0 0 0 0 0 0 0 0 0 0 0 0 0 0 0 0 0 0 0 0 0 0 0 0 0 0 0
  0 0 0 0 0 0 0 0 0 0 0 0 0 0 0 0 0 0 0 0 0 0 0 0 0 0 0 0 0 0 0 0 0 0 0 0 0 0 0
  0 0 0 0 0 0 0 0 0 0 0 0 0 0 0 0 0 0 0 0 0 0 0 0 0 0 0 0 0 0 0 0 0 0 0 0 0 0 0
  0 0 0 0 0 0 0 0 0 0 0 0 0 0 0 0 0 0 0 0 0 0 0 0 0 0 0 0 0 0 0 0 0 0 0 0 0 0 0
  0 0 0 0 0 0 0 0 0 0 0 0 0 0 0 0 0 0 0 0 0 0 0 0 0 0 0 0 0 0 0 0 0 0 0 0 0 0 0
  0 0 0 0 0 0 0 0 0 0 0 0 0 0 0 0 0 0 0 0 0 0 0 0 0 0 0 0 0 0 0 0 0 0 0 0 0 0 0
  0 0 0 0 0 0 0 0 0 0 0 0 0 0 0 0 0 0 0 0 0 0 0 0 0 0 0 0 0 0 0 0 0 0 0 0 0 0 0
  0 0 0 0 0 0 0 0 0 0 0 0 0 0 0 0 0 0 0 0 0 0 0 0 0 0 0 0 0 0 0 0 0 0 0 0 0 0 0
  0 0 0 0 0 0 0 0 0 0 0 0 0 0 0 0 0 0 0 0 0 0 0 0 0 0 0 0 0 0 0 0 0 0 0 0 0 0 0
  0 0 0 0 0 0 0 0 0 0 0 0 0 0 0 0 0 0 0 0 0 0 0 0 0 0 0 0 0 0 0 0 0 0 0 0 0 0 0
  0 0 0 0 0 0 0 0 0 0 0 0 0 0 0 0 0 0 0 0 0 0 0 0 0 0 0 0 0 0 0 0 0 0 0 0 0 0 0
  0 0 0 0 0 0 0 0 0 0 0 0 0 0 0 0 0 0 0 0 0 0 0 0 0 0 0 0 0 0 0 0 0 0 0 0 0 0 0
  0 0 0 0 0 0 0 0 0 0 0 0 0 0 0 0 0 0 0 0 0 0 0 0 0 0 0 0 0 0 0 0 0 0 0 0 0 0 0
  0 0 0 0 0 0 0 0 0 0 0 0 0 0 0 0 0 0 0 0 0 0 0 0 0 0 0 0 0 0 0 0 0 0 0 0 0 0 0
  0 0 0 0 0 0 0 0 0 0 0 0 0 0 0 0 0 0 0 0 0 0 0 0 0 0 0 0 0 0 0 0 0 0 0 0 0 0 0
  0 0 0 0 0 0 0 0 0 0 0 0 0 0 0 0 0 0 0 0 0 0 0 0 0 0 0 0 0 0 0 0 0 0 0 0 0 0 0
  0 0 0 0 0 0 0 0 0 0 0 0 0 0 0 0 0 0 0 0 0 0 0 0 0 0 0 0 0 0 0 0 0 0 0 0 0 0 0
  0 0 0 0 0 0 0 0 0 0 0 0 0 0 0 0 0 0 0 0 0 0 0 0 0 0 0 0 0 0 0 0 0 0 0 0 0 0 0
  0 0 0 0 0 0 0 0 0 0 0 0 0 0 0 0 0 0 0 0 0 0 0 0 0 0 0 0 0 0 0 0 0 0 0 0 0 0 0
  0 0 0 0 0 0 0 0 0 0 0 0 0 0 0 0 0 0 0 0 0 0 0 0 0 0 0 0 0 0 0 0 0 0 0 0 0 0 0
  0 0 0 0 0 0 0 0 0 0 0 0 0 0 0 0 0 0 0 0 0 0 0 0 0 0 0 0 0 0 0 0 0 0 0 0 0 0 0
  0 0 0 0 0 0 0 0 0 0 0 0 0 0 0 0 0 0 0 0 0 0 0 0 0 0 0 0 0 0 0 0 0 0 0 0 0 0 0
  0 0 0 0 0 0 0 0 0 0 0 0 0 0 0 0 0 0 0 0 0 0 0 0 0 0 0 0 0 0 0 0 0 0 0 0 0 0 0
  0 0 0 0 0 0 0 0 0 0 0 0 0 0 0 0 0 0 0 0 0 0 0 0 0 0 0 0 0 0 0 0 0 0 0 0 0 0 0
  0 0 0 0 0 0 0 0 0 0 0 0 0 0 0 0 0 0 0 0 0 0 0 0 0 0 0 0 0 0 0 0 0 0 0 0 0 0 0
  0 0 0 0 0 0 0 0 0 0 0 0 0 0 0 0 0 0 0 0 0 0 0 0 0 0 0 0 0 0 0 0 0 0 0 0 0 0 0
  0 0 0 0 0 0 0 0 0 0 0 0 0 0 0 0 0 0 0 0 0 0 0 0 0 0 0 0 0 0 0 0 0 0 0 0 0 0 0
  0 0 0 0 0 0 0 0 0 0 0 0 0 0 0 0 0 0 0 0 0 0 0 0 0 0 0 0 0 0 0 0 0 0 0 0 0 0 0
  0 0 0 0 0 0 0 0 0 0 0 0 0 0 0 0 0 0 0 0 0 0 0 0 0 0 0 0 0 0 0 0 0 0 0 0 0 0 0
  0) 
#(14 15 15 15 15 15 15 15 15 15 14 13 12 11 10 0 14 14 15 15 15 15 15 15 15 15
  14 13 12 11 0 0 15 15 15 15 15 15 15 15 15 15 14 13 12 0 0 0 15 15 15 15 15
  15 15 15 15 15 14 13 0 0 0 0 15 15 15 15 15 15 15 15 15 15 14 0 0 0 0 0 15 15
  15 15 15 15 15 15 15 15 14 0 0 0 0 0 15 15 15 15 15 15 15 15 15 15 14 0 0 0 0
  0 15 15 15 15 15 15 15 15 15 15 14 13 0 0 0 0 15 15 15 15 15 15 15 15 15 15
  14 13 0 0 0 0 15 15 15 15 15 15 15 15 15 15 14 0 0 0 0 0 15 15 15 15 15 15 15
  15 15 15 14 0 0 0 0 0 15 15 15 15 15 15 15 15 15 15 0 0 0 0 0 0 15 15 15 15
  15 15 15 15 15 15 0 0 0 0 0 0 15 15 15 15 15 15 15 15 15 14 0 0 0 0 0 0 15 15
  15 15 15 15 15 15 15 14 0 0 0 0 0 0 15 15 15 15 15 15 15 15 14 13 0 0 0 0 0 0
  14 15 15 15 15 15 15 15 15 15 14 13 12 11 10 9 14 14 15 15 15 15 15 15 15 15
  14 13 12 11 10 0 15 15 15 15 15 15 15 15 15 15 14 13 12 11 0 0 15 15 15 15 15
  15 15 15 15 15 14 13 12 0 0 0 15 15 15 15 15 15 15 15 15 15 14 13 0 0 0 0 15
  15 15 15 15 15 15 15 15 15 14 13 0 0 0 0 15 15 15 15 15 15 15 15 15 15 14 13
  0 0 0 0 15 15 15 15 15 15 15 15 15 15 14 13 12 0 0 0 15 15 15 15 15 15 15 15
  15 15 14 13 12 0 0 0 15 15 15 15 15 15 15 15 15 15 14 13 0 0 0 0 15 15 15 15
  15 15 15 15 15 15 14 0 0 0 0 0 15 15 15 15 15 15 15 15 15 15 0 0 0 0 0 0 15
  15 15 15 15 15 15 15 15 15 0 0 0 0 0 0 15 15 15 15 15 15 15 15 15 0 0 0 0 0 0
  0 15 15 15 15 15 15 15 15 15 0 0 0 0 0 0 0 15 15 15 15 15 15 15 15 14 0 0 0 0
  0 0 0 14 15 15 15 15 15 15 15 15 15 14 13 12 11 10 9 14 14 15 15 15 15 15 15
  15 15 14 13 12 11 10 9 15 15 15 15 15 15 15 15 15 15 14 13 12 11 10 0 15 15
  15 15 15 15 15 15 15 15 14 13 12 11 0 0 15 15 15 15 15 15 15 15 15 15 14 13
  12 0 0 0 15 15 15 15 15 15 15 15 15 15 14 13 12 0 0 0 15 15 15 15 15 15 15 15
  15 15 14 13 12 0 0 0 15 15 15 15 15 15 15 15 15 15 14 13 12 11 0 0 15 15 15
  15 15 15 15 15 15 15 14 13 12 11 0 0 15 15 15 15 15 15 15 15 15 15 14 13 12 0
  0 0 15 15 15 15 15 15 15 15 15 15 14 13 0 0 0 0 15 15 15 15 15 15 15 15 15 15
  14 0 0 0 0 0 15 15 15 15 15 15 15 15 15 15 0 0 0 0 0 0 15 15 15 15 15 15 15
  15 15 0 0 0 0 0 0 0 15 15 15 15 15 15 15 15 15 0 0 0 0 0 0 0 15 15 15 15 15
  15 15 15 0 0 0 0 0 0 0 0 14 15 15 15 15 15 15 15 15 15 14 13 12 11 10 9 14 14
  15 15 15 15 15 15 15 15 14 13 12 11 10 9 15 15 15 15 15 15 15 15 15 15 14 13
  12 11 10 9 15 15 15 15 15 15 15 15 15 15 14 13 12 11 10 0 15 15 15 15 15 15
  15 15 15 15 14 13 12 11 0 0 15 15 15 15 15 15 15 15 15 15 14 13 12 11 0 0 15
  15 15 15 15 15 15 15 15 15 14 13 12 11 0 0 15 15 15 15 15 15 15 15 15 15 14
  13 12 11 10 0 15 15 15 15 15 15 15 15 15 15 14 13 12 11 10 0 15 15 15 15 15
  15 15 15 15 15 14 13 12 11 0 0 15 15 15 15 15 15 15 15 15 15 14 13 12 0 0 0
  15 15 15 15 15 15 15 15 15 15 14 13 0 0 0 0 15 15 15 15 15 15 15 15 15 15 14
  0 0 0 0 0 15 15 15 15 15 15 15 15 15 15 0 0 0 0 0 0 15 15 15 15 15 15 15 15
  15 0 0 0 0 0 0 0 15 15 15 15 15 15 15 15 0 0 0 0 0 0 0 0 14 15 15 15 15 15 15
  15 15 15 14 13 12 11 10 9 14 14 15 15 15 15 15 15 15 15 14 13 12 11 10 9 15
  15 15 15 15 15 15 15 15 15 14 13 12 11 10 9 15 15 15 15 15 15 15 15 15 15 14
  13 12 11 10 9 15 15 15 15 15 15 15 15 15 15 14 13 12 11 10 0 15 15 15 15 15
  15 15 15 15 15 14 13 12 11 10 0 15 15 15 15 15 15 15 15 15 15 14 13 12 11 10
  0 15 15 15 15 15 15 15 15 15 15 14 13 12 11 10 9 15 15 15 15 15 15 15 15 15
  15 14 13 12 11 10 9 15 15 15 15 15 15 15 15 15 15 14 13 12 11 10 0 15 15 15
  15 15 15 15 15 15 15 14 13 12 11 0 0 15 15 15 15 15 15 15 15 15 15 14 13 12 0
  0 0 15 15 15 15 15 15 15 15 15 15 14 13 0 0 0 0 15 15 15 15 15 15 15 15 15 15
  14 0 0 0 0 0 15 15 15 15 15 15 15 15 15 15 0 0 0 0 0 0 15 15 15 15 15 15 15
  15 15 0 0 0 0 0 0 0 14 15 15 15 15 15 15 15 15 15 14 13 12 11 10 9 14 14 15
  15 15 15 15 15 15 15 14 13 12 11 10 9 15 15 15 15 15 15 15 15 15 15 14 13 12
  11 10 9 15 15 15 15 15 15 15 15 15 15 14 13 12 11 10 9 15 15 15 15 15 15 15
  15 15 15 14 13 12 11 10 9 15 15 15 15 15 15 15 15 15 15 14 13 12 11 10 9 15
  15 15 15 15 15 15 15 15 15 14 13 12 11 10 9 15 15 15 15 15 15 15 15 15 15 14
  13 12 11 10 9 15 15 15 15 15 15 15 15 15 15 14 13 12 11 10 9 15 15 15 15 15
  15 15 15 15 15 14 13 12 11 10 9 15 15 15 15 15 15 15 15 15 15 14 13 12 11 10
  0 15 15 15 15 15 15 15 15 15 15 14 13 12 11 0 0 15 15 15 15 15 15 15 15 15 15
  14 13 12 0 0 0 15 15 15 15 15 15 15 15 15 15 14 13 0 0 0 0 15 15 15 15 15 15
  15 15 15 15 14 0 0 0 0 0 15 15 15 15 15 15 15 15 15 14 0 0 0 0 0 0 14 15 15
  15 15 15 15 15 15 15 14 13 12 11 10 9 14 14 15 15 15 15 15 15 15 15 14 13 12
  11 10 9 15 15 15 15 15 15 15 15 15 15 14 13 12 11 10 9 15 15 15 15 15 15 15
  15 15 15 14 13 12 11 10 9 15 15 15 15 15 15 15 15 15 15 14 13 12 11 10 9 15
  15 15 15 15 15 15 15 15 15 14 13 12 11 10 9 15 15 15 15 15 15 15 15 15 15 14
  13 12 11 10 9 15 15 15 15 15 15 15 15 15 15 14 13 12 11 10 9 15 15 15 15 15
  15 15 15 15 15 14 13 12 11 10 9 15 15 15 15 15 15 15 15 15 15 14 13 12 11 10
  9 15 15 15 15 15 15 15 15 15 15 14 13 12 11 10 9 15 15 15 15 15 15 15 15 15
  15 14 13 12 11 10 0 15 15 15 15 15 15 15 15 15 15 14 13 12 11 0 0 15 15 15 15
  15 15 15 15 15 15 14 13 12 0 0 0 15 15 15 15 15 15 15 15 15 15 14 13 0 0 0 0
  15 15 15 15 15 15 15 15 15 14 13 0 0 0 0 0 14 15 15 15 15 15 15 15 15 15 14
  13 12 11 10 9 14 14 15 15 15 15 15 15 15 15 14 13 12 11 10 9 15 15 15 15 15
  15 15 15 15 15 14 13 12 11 10 9 15 15 15 15 15 15 15 15 15 15 14 13 12 11 10
  9 15 15 15 15 15 15 15 15 15 15 14 13 12 11 10 9 15 15 15 15 15 15 15 15 15
  15 14 13 12 11 10 9 15 15 15 15 15 15 15 15 15 15 14 13 12 11 10 9 15 15 15
  15 15 15 15 15 15 15 14 13 12 11 10 9 15 15 15 15 15 15 15 15 15 15 14 13 12
  11 10 9 15 15 15 15 15 15 15 15 15 15 14 13 12 11 10 9 15 15 15 15 15 15 15
  15 15 15 14 13 12 11 10 9 15 15 15 15 15 15 15 15 15 15 14 13 12 11 10 9 15
  15 15 15 15 15 15 15 15 15 14 13 12 11 10 0 15 15 15 15 15 15 15 15 15 15 14
  13 12 11 0 0 15 15 15 15 15 15 15 15 15 15 14 13 12 0 0 0 15 15 15 15 15 15
  15 15 15 14 13 12 0 0 0 0 14 15 15 15 15 15 15 15 15 15 14 13 12 11 10 9 14
  14 15 15 15 15 15 15 15 15 14 13 12 11 10 9 15 15 15 15 15 15 15 15 15 15 14
  13 12 11 10 9 15 15 15 15 15 15 15 15 15 15 14 13 12 11 10 9 15 15 15 15 15
  15 15 15 15 15 14 13 12 11 10 9 15 15 15 15 15 15 15 15 15 15 14 13 12 11 10
  9 15 15 15 15 15 15 15 15 15 15 14 13 12 11 10 9 15 15 15 15 15 15 15 15 15
  15 14 13 12 11 10 9 15 15 15 15 15 15 15 15 15 15 14 13 12 11 10 9 15 15 15
  15 15 15 15 15 15 15 14 13 12 11 10 9 15 15 15 15 15 15 15 15 15 15 14 13 12
  11 10 9 15 15 15 15 15 15 15 15 15 15 14 13 12 11 10 9 15 15 15 15 15 15 15
  15 15 15 14 13 12 11 10 0 15 15 15 15 15 15 15 15 15 15 14 13 12 11 0 0 15 15
  15 15 15 15 15 15 15 15 14 13 12 0 0 0 15 15 15 15 15 15 15 15 15 14 13 12 0
  0 0 0 14 15 15 15 15 15 15 15 15 15 14 13 12 11 10 9 14 14 15 15 15 15 15 15
  15 15 14 13 12 11 10 9 15 15 15 15 15 15 15 15 15 15 14 13 12 11 10 9 15 15
  15 15 15 15 15 15 15 15 14 13 12 11 10 9 15 15 15 15 15 15 15 15 15 15 14 13
  12 11 10 9 15 15 15 15 15 15 15 15 15 15 14 13 12 11 10 9 15 15 15 15 15 15
  15 15 15 15 14 13 12 11 10 9 15 15 15 15 15 15 15 15 15 15 14 13 12 11 10 9
  15 15 15 15 15 15 15 15 15 15 14 13 12 11 10 9 15 15 15 15 15 15 15 15 15 15
  14 13 12 11 10 9 15 15 15 15 15 15 15 15 15 15 14 13 12 11 10 9 15 15 15 15
  15 15 15 15 15 15 14 13 12 11 10 0 15 15 15 15 15 15 15 15 15 15 14 13 12 11
  0 0 15 15 15 15 15 15 15 15 15 15 14 13 12 0 0 0 15 15 15 15 15 15 15 15 15
  15 14 13 0 0 0 0 15 15 15 15 15 15 15 15 15 14 13 0 0 0 0 0 14 15 15 15 15 15
  15 15 15 15 14 13 12 11 10 9 14 14 15 15 15 15 15 15 15 15 14 13 12 11 10 9
  15 15 15 15 15 15 15 15 15 15 14 13 12 11 10 9 15 15 15 15 15 15 15 15 15 15
  14 13 12 11 10 9 15 15 15 15 15 15 15 15 15 15 14 13 12 11 10 9 15 15 15 15
  15 15 15 15 15 15 14 13 12 11 10 9 15 15 15 15 15 15 15 15 15 15 14 13 12 11
  10 9 15 15 15 15 15 15 15 15 15 15 14 13 12 11 10 9 15 15 15 15 15 15 15 15
  15 15 14 13 12 11 10 9 15 15 15 15 15 15 15 15 15 15 14 13 12 11 10 9 15 15
  15 15 15 15 15 15 15 15 14 13 12 11 10 0 15 15 15 15 15 15 15 15 15 15 14 13
  12 11 0 0 15 15 15 15 15 15 15 15 15 15 14 13 12 0 0 0 15 15 15 15 15 15 15
  15 15 15 14 13 0 0 0 0 15 15 15 15 15 15 15 15 15 15 14 0 0 0 0 0 15 15 15 15
  15 15 15 15 15 14 0 0 0 0 0 0 14 15 15 15 15 15 15 15 15 15 14 13 12 11 10 9
  14 14 15 15 15 15 15 15 15 15 14 13 12 11 10 9 15 15 15 15 15 15 15 15 15 15
  14 13 12 11 10 9 15 15 15 15 15 15 15 15 15 15 14 13 12 11 10 9 15 15 15 15
  15 15 15 15 15 15 14 13 12 11 10 9 15 15 15 15 15 15 15 15 15 15 14 13 12 11
  10 9 15 15 15 15 15 15 15 15 15 15 14 13 12 11 10 9 15 15 15 15 15 15 15 15
  15 15 14 13 12 11 10 9 15 15 15 15 15 15 15 15 15 15 14 13 12 11 10 9 15 15
  15 15 15 15 15 15 15 15 14 13 12 11 10 0 15 15 15 15 15 15 15 15 15 15 14 13
  12 11 0 0 15 15 15 15 15 15 15 15 15 15 14 13 12 0 0 0 15 15 15 15 15 15 15
  15 15 15 14 13 0 0 0 0 15 15 15 15 15 15 15 15 15 15 14 0 0 0 0 0 15 15 15 15
  15 15 15 15 15 15 0 0 0 0 0 0 15 15 15 15 15 15 15 15 15 14 0 0 0 0 0 0 14 15
  15 15 15 15 15 15 15 15 14 13 12 11 10 9 14 14 15 15 15 15 15 15 15 15 14 13
  12 11 10 9 15 15 15 15 15 15 15 15 15 15 14 13 12 11 10 9 15 15 15 15 15 15
  15 15 15 15 14 13 12 11 10 9 15 15 15 15 15 15 15 15 15 15 14 13 12 11 10 9
  15 15 15 15 15 15 15 15 15 15 14 13 12 11 10 9 15 15 15 15 15 15 15 15 15 15
  14 13 12 11 10 9 15 15 15 15 15 15 15 15 15 15 14 13 12 11 10 9 15 15 15 15
  15 15 15 15 15 15 14 13 12 11 10 0 15 15 15 15 15 15 15 15 15 15 14 13 12 11
  0 0 15 15 15 15 15 15 15 15 15 15 14 13 12 0 0 0 15 15 15 15 15 15 15 15 15
  15 14 13 0 0 0 0 15 15 15 15 15 15 15 15 15 15 14 0 0 0 0 0 15 15 15 15 15 15
  15 15 15 15 0 0 0 0 0 0 15 15 15 15 15 15 15 15 15 15 0 0 0 0 0 0 15 15 15 15
  15 15 15 15 15 14 0 0 0 0 0 0 14 15 15 15 15 15 15 15 15 15 14 13 12 11 10 9
  14 14 15 15 15 15 15 15 15 15 14 13 12 11 10 9 15 15 15 15 15 15 15 15 15 15
  14 13 12 11 10 9 15 15 15 15 15 15 15 15 15 15 14 13 12 11 10 9 15 15 15 15
  15 15 15 15 15 15 14 13 12 11 10 9 15 15 15 15 15 15 15 15 15 15 14 13 12 11
  10 9 15 15 15 15 15 15 15 15 15 15 14 13 12 11 10 9 15 15 15 15 15 15 15 15
  15 15 14 13 12 11 10 0 15 15 15 15 15 15 15 15 15 15 14 13 12 11 0 0 15 15 15
  15 15 15 15 15 15 15 14 13 12 0 0 0 15 15 15 15 15 15 15 15 15 15 14 13 0 0 0
  0 15 15 15 15 15 15 15 15 15 15 14 0 0 0 0 0 15 15 15 15 15 15 15 15 15 15 0
  0 0 0 0 0 15 15 15 15 15 15 15 15 15 15 0 0 0 0 0 0 15 15 15 15 15 15 15 15
  15 15 0 0 0 0 0 0 15 15 15 15 15 15 15 15 15 14 0 0 0 0 0 0 14 15 15 15 15 15
  15 15 15 15 14 13 12 11 10 9 14 14 15 15 15 15 15 15 15 15 14 13 12 11 10 9
  15 15 15 15 15 15 15 15 15 15 14 13 12 11 10 0 15 15 15 15 15 15 15 15 15 15
  14 13 12 11 10 0 15 15 15 15 15 15 15 15 15 15 14 13 12 11 10 9 15 15 15 15
  15 15 15 15 15 15 14 13 12 11 10 9 15 15 15 15 15 15 15 15 15 15 14 13 12 11
  10 0 15 15 15 15 15 15 15 15 15 15 14 13 12 11 0 0 15 15 15 15 15 15 15 15 15
  15 14 13 12 0 0 0 15 15 15 15 15 15 15 15 15 15 14 13 0 0 0 0 15 15 15 15 15
  15 15 15 15 15 14 0 0 0 0 0 15 15 15 15 15 15 15 15 15 15 0 0 0 0 0 0 15 15
  15 15 15 15 15 15 15 15 0 0 0 0 0 0 15 15 15 15 15 15 15 15 15 15 0 0 0 0 0 0
  15 15 15 15 15 15 15 15 15 15 0 0 0 0 0 0 15 15 15 15 15 15 15 15 15 14 0 0 0
  0 0 0 14 15 15 15 15 15 15 15 15 15 14 13 12 11 10 9 14 14 15 15 15 15 15 15
  15 15 14 13 12 11 10 0 15 15 15 15 15 15 15 15 15 15 14 13 12 11 0 0 15 15 15
  15 15 15 15 15 15 15 14 13 12 11 0 0 15 15 15 15 15 15 15 15 15 15 14 13 12
  11 10 0 15 15 15 15 15 15 15 15 15 15 14 13 12 11 10 0 15 15 15 15 15 15 15
  15 15 15 14 13 12 11 0 0 15 15 15 15 15 15 15 15 15 15 14 13 12 0 0 0 15 15
  15 15 15 15 15 15 15 15 14 13 0 0 0 0 15 15 15 15 15 15 15 15 15 15 14 0 0 0
  0 0 15 15 15 15 15 15 15 15 15 15 0 0 0 0 0 0 15 15 15 15 15 15 15 15 15 15 0
  0 0 0 0 0 15 15 15 15 15 15 15 15 15 15 0 0 0 0 0 0 15 15 15 15 15 15 15 15
  15 15 0 0 0 0 0 0 15 15 15 15 15 15 15 15 15 15 0 0 0 0 0 0 15 15 15 15 15 15
  15 15 15 14 0 0 0 0 0 0) 