
#(0 0 0 0 0 0 0 0 0 0 0 0 1 1 1 1 0 0 0 0 0 0 0 0 0 0 0 1 1 1 1 1 0 0 0 0 0 0 0
  0 0 0 0 1 1 1 1 1 0 0 0 0 0 0 0 0 0 0 0 1 1 1 1 1 0 0 0 0 0 0 0 0 0 0 0 0 1 1
  1 1 0 0 0 0 0 0 0 0 0 0 0 0 0 1 1 1 0 0 0 0 0 0 0 0 0 0 0 0 0 0 1 3 0 0 0 0 0
  0 0 0 0 0 0 0 0 0 0 3 0 0 0 0 0 0 0 0 0 0 0 0 0 0 0 0 0 0 0 0 0 0 0 0 0 0 0 0
  0 0 0 0 0 0 0 0 0 0 0 0 0 0 0 0 0 0 0 0 0 0 0 0 0 0 0 0 0 0 0 0 0 0 0 0 0 0 0
  0 0 0 0 0 0 0 0 0 0 0 0 0 0 0 0 0 0 0 0 0 0 0 0 0 0 0 0 0 0 0 0 0 0 0 0 0 0 0
  0 0 0 0 0 0 0 0 0 0 0 0 0 0 0 0 0 0 0 0 0 0 0 0 0 0 0 0 0 0 0 0 0 0 0 1 1 1 0
  0 0 0 0 0 0 0 0 0 0 0 1 1 1 1 0 0 0 0 0 0 0 0 0 0 0 1 1 1 1 1 0 0 0 0 0 0 0 0
  0 0 0 1 1 1 1 1 0 0 0 0 0 0 0 0 0 0 0 1 1 1 3 3 0 0 0 0 0 0 0 0 0 0 0 0 1 1 3
  3 0 0 0 0 0 0 0 0 0 0 0 0 0 1 3 3 0 0 0 0 0 0 0 0 0 0 0 0 0 0 1 3 0 0 0 0 0 0
  0 0 0 0 0 0 0 0 0 3 0 0 0 0 0 0 0 0 0 0 0 0 0 0 0 0 0 0 0 0 0 0 0 0 0 0 0 0 0
  0 0 0 0 0 0 0 0 0 0 0 0 0 0 0 0 0 0 0 0 0 0 0 0 0 0 0 0 0 0 0 0 0 0 0 0 0 0 0
  0 0 0 0 0 0 0 0 0 0 0 0 0 0 0 0 0 0 0 0 0 0 0 0 0 0 0 0 0 0 0 0 0 0 0 0 0 0 0
  0 0 0 0 0 0 0 0 0 0 0 0 0 0 0 0 0 0 0 1 1 0 0 0 0 0 0 0 0 0 0 0 0 0 1 1 1 0 0
  0 0 0 0 0 0 0 0 0 0 1 1 1 1 0 0 0 0 0 0 0 0 0 0 0 1 1 3 3 3 0 0 0 0 0 0 0 0 0
  0 0 1 1 3 3 3 0 0 0 0 0 0 0 0 0 0 0 1 1 3 3 3 0 0 0 0 0 0 0 0 0 0 0 0 1 1 3 3
  0 0 0 0 0 0 0 0 0 0 0 0 0 1 1 3 0 0 0 0 0 0 0 0 0 0 0 0 0 0 1 3 0 0 0 0 0 0 0
  0 0 0 0 0 0 0 0 1 0 0 0 0 0 0 0 0 0 0 0 0 0 0 0 0 0 0 0 0 0 0 0 0 0 0 0 0 0 0
  0 0 0 0 0 0 0 0 0 0 0 0 0 0 0 0 0 0 0 0 0 0 0 0 0 0 0 0 0 0 0 0 0 0 0 0 0 0 0
  0 0 0 0 0 0 0 0 0 0 0 0 0 0 0 0 0 0 0 0 0 0 0 0 0 0 0 0 0 0 0 0 0 0 0 0 0 0 0
  0 0 0 1 0 0 0 0 0 0 0 0 0 0 0 0 0 0 1 1 0 0 0 0 0 0 0 0 0 0 0 0 0 1 1 1 0 0 0
  0 0 0 0 0 0 0 0 0 1 3 3 1 0 0 0 0 0 0 0 0 0 0 0 1 1 3 3 3 0 0 0 0 0 0 0 0 0 0
  0 1 1 3 3 3 0 0 0 0 0 0 0 0 0 0 0 1 1 1 3 3 0 0 0 0 0 0 0 0 0 0 0 0 1 1 13 3
  0 0 0 0 0 0 0 0 0 0 0 0 0 1 1 13 0 0 0 0 0 0 0 0 0 0 0 0 0 0 1 13 0 0 0 0 0 0
  0 0 0 0 0 0 0 0 0 13 0 0 0 0 0 0 0 0 0 0 0 0 0 0 0 0 0 0 0 0 0 0 0 0 0 0 0 0
  0 0 0 0 0 0 0 0 0 0 0 0 0 0 0 0 0 0 0 0 0 0 0 0 0 0 0 0 0 0 0 0 0 0 0 1 0 0 0
  0 0 0 0 0 0 0 0 0 0 0 0 1 0 0 0 0 0 0 0 0 0 0 0 0 0 0 0 0 0 0 0 0 0 0 0 0 0 0
  0 0 0 0 0 1 0 0 0 0 0 0 0 0 0 0 0 0 0 0 1 1 0 0 0 0 0 0 0 0 0 0 0 0 0 1 13 13
  0 0 0 0 0 0 0 0 0 0 0 0 1 1 13 13 0 0 0 0 0 0 0 0 0 0 0 1 1 1 13 13 0 0 0 0 0
  0 0 0 0 0 0 1 1 1 13 13 0 0 0 0 0 0 0 0 0 0 0 1 1 1 13 13 0 0 0 0 0 0 0 0 0 0
  0 0 1 1 13 13 0 0 0 0 0 0 0 0 0 0 0 0 0 1 13 13 0 0 0 0 0 0 0 0 0 0 0 0 0 0 1
  13 0 0 0 0 0 0 0 0 0 0 0 0 0 0 0 13 0 0 0 0 0 0 0 0 0 0 0 0 0 0 0 1 0 0 0 0 0
  0 0 0 0 0 0 0 0 0 0 1 0 0 0 0 0 0 0 0 0 0 0 0 0 0 1 1 0 0 0 0 0 0 0 0 0 0 0 0
  0 0 1 1 0 0 0 0 0 0 0 0 0 0 0 0 0 0 0 0 0 0 0 0 0 0 0 0 0 0 0 0 0 0 0 1 0 0 0
  0 0 0 0 0 0 0 0 0 0 0 1 1 0 0 0 0 0 0 0 0 0 0 0 0 0 1 13 13 0 0 0 0 0 0 0 0 0
  0 0 0 1 1 13 13 0 0 0 0 0 0 0 0 0 0 0 1 1 1 13 13 0 0 0 0 0 0 0 0 0 0 1 1 1 1
  13 13 0 0 0 0 0 0 0 0 0 0 1 1 1 1 13 13 0 0 0 0 0 0 0 0 0 0 0 1 1 1 13 13 0 0
  0 0 0 0 0 0 0 0 0 0 1 1 13 13 0 0 0 0 0 0 0 0 0 0 0 0 0 1 1 13 0 0 0 0 0 0 0
  0 0 0 0 0 0 0 1 13 0 0 0 0 0 0 0 0 0 0 0 0 0 0 1 1 0 0 0 0 0 0 0 0 0 0 0 0 0
  0 1 1 0 0 0 0 0 0 0 0 0 0 0 0 0 1 1 1 0 0 0 0 0 0 0 0 0 0 0 0 0 1 1 1 0 0 0 0
  0 0 0 0 0 0 0 0 0 0 0 1 0 0 0 0 0 0 0 0 0 0 0 0 0 0 1 1 0 0 0 0 0 0 0 0 0 0 0
  0 0 1 1 1 0 0 0 0 0 0 0 0 0 0 0 0 1 1 1 1 0 0 0 0 0 0 0 0 0 0 0 1 1 1 1 13 0
  0 0 0 0 0 0 0 0 0 1 1 1 1 13 13 0 0 0 0 0 0 0 0 0 1 1 1 1 1 13 13 0 0 0 0 0 0
  0 0 0 1 1 1 1 1 13 13 0 0 0 0 0 0 0 0 0 0 1 1 1 1 1 13 0 0 0 0 0 0 0 0 0 0 0
  1 1 1 1 13 0 0 0 0 0 0 0 0 0 0 0 0 1 1 1 13 0 0 0 0 0 0 0 0 0 0 0 0 0 1 1 1 0
  0 0 0 0 0 0 0 0 0 0 0 0 1 1 1 0 0 0 0 0 0 0 0 0 0 0 0 0 1 1 13 0 0 0 0 0 0 0
  0 0 0 0 0 1 1 13 13 0 0 0 0 0 0 0 0 0 0 0 0 1 1 13 13 0 0 0 0 0 0 0 0 0 0 0 0
  0 0 0 1 0 0 0 0 0 0 0 0 0 0 0 0 0 0 1 1 0 0 0 0 0 0 0 0 0 0 0 0 0 1 1 1 0 0 0
  0 0 0 0 0 0 0 0 0 1 1 1 1 0 0 0 0 0 0 0 0 0 0 0 1 1 1 1 1 0 0 0 0 0 0 0 0 0 0
  1 1 1 1 1 1 0 0 0 0 0 0 0 0 0 1 1 1 1 1 1 1 0 0 0 0 0 0 0 0 0 1 1 1 1 1 1 1 0
  0 0 0 0 0 0 0 0 1 1 1 1 1 1 1 0 0 0 0 0 0 0 0 0 0 1 1 1 1 1 1 0 0 0 0 0 0 0 0
  0 0 0 1 1 1 1 1 0 0 0 0 0 0 0 0 0 0 0 0 1 1 1 1 0 0 0 0 0 0 0 0 0 0 0 0 1 1 1
  13 0 0 0 0 0 0 0 0 0 0 0 0 1 1 13 13 0 0 0 0 0 0 0 0 0 0 0 1 1 1 13 13 0 0 0
  0 0 0 0 0 0 0 0 1 1 13 13 13 0 0 0 0 0 0 0 0 0 0 0 0 0 0 1 1 0 0 0 0 0 0 0 0
  0 0 0 0 0 1 1 1 0 0 0 0 0 0 0 0 0 0 0 0 1 1 1 1 0 0 0 0 0 0 0 0 0 0 0 1 1 1 1
  1 0 0 0 0 0 0 0 0 0 0 1 1 1 1 1 1 0 0 0 0 0 0 0 0 0 1 1 1 1 1 1 1 0 0 0 0 0 0
  0 0 1 1 1 1 1 1 1 1 0 0 0 0 0 0 0 0 1 1 1 1 1 1 1 1 0 0 0 0 0 0 0 0 1 1 1 1 1
  1 1 1 0 0 0 0 0 0 0 0 0 1 1 1 1 1 1 1 0 0 0 0 0 0 0 0 0 0 1 1 1 1 1 1 0 0 0 0
  0 0 0 0 0 0 0 1 1 1 1 1 0 0 0 0 0 0 0 0 0 0 0 1 1 1 1 13 0 0 0 0 0 0 0 0 0 0
  0 1 1 1 13 13 0 0 0 0 0 0 0 0 0 0 1 1 1 1 13 13 0 0 0 0 0 0 0 0 0 0 1 1 1 13
  13 13 0 0 0 0 0 0 0 0 0 0 0 0 0 1 1 1 0 0 0 0 0 0 0 0 0 0 0 0 1 1 1 1 0 0 0 0
  0 0 0 0 0 0 0 1 1 1 1 1 0 0 0 0 0 0 0 0 0 0 1 1 1 1 1 1 0 0 0 0 0 0 0 0 0 1 1
  1 1 1 1 1 0 0 0 0 0 0 0 0 1 1 1 1 1 1 1 1 0 0 0 0 0 0 0 1 1 1 1 1 1 1 1 1 0 0
  0 0 0 0 0 1 1 1 1 1 1 1 1 1 0 0 0 0 0 0 0 1 1 1 1 1 1 1 1 1 0 0 0 0 0 0 0 0 1
  1 1 1 1 1 1 1 0 0 0 0 0 0 0 0 0 1 1 1 1 1 1 13 0 0 0 0 0 0 0 0 0 0 1 1 1 1 1
  13 0 0 0 0 0 0 0 0 0 0 1 1 1 1 1 1 0 0 0 0 0 0 0 0 0 0 1 1 1 1 1 13 0 0 0 0 0
  0 0 0 0 1 1 1 1 1 13 13 0 0 0 0 0 0 0 0 0 1 1 1 1 1 13 13 0 0 0 0 0 0 0 0 0 0
  0 0 1 1 1 1 0 0 0 0 0 0 0 0 0 0 0 1 1 1 1 1 0 0 0 0 0 0 0 0 0 0 1 1 1 1 1 1 0
  0 0 0 0 0 0 0 0 1 1 1 1 1 1 1 0 0 0 0 0 0 0 0 1 1 1 1 1 1 1 1 0 0 0 0 0 0 0 1
  1 1 1 1 1 1 1 1 0 0 0 0 0 0 0 1 1 1 1 1 1 1 1 1 0 0 0 0 0 0 0 1 1 1 1 1 1 1 1
  1 0 0 0 0 0 0 0 1 1 1 1 1 1 1 1 1 0 0 0 0 0 0 0 1 1 1 1 1 1 1 13 13 0 0 0 0 0
  0 0 0 1 1 1 1 1 1 13 13 0 0 0 0 0 0 0 0 0 1 1 1 13 13 13 13 0 0 0 0 0 0 0 0 0
  1 1 1 13 13 13 13 0 0 0 0 0 0 0 0 0 1 1 1 1 1 1 1 0 0 0 0 0 0 0 0 1 1 1 1 1 1
  1 1 0 0 0 0 0 0 0 0 1 1 1 1 1 1 1 1 0 0 0 0 0 0 0 0 0 0 0 1 1 1 1 1 0 0 0 0 0
  0 0 0 0 0 1 1 1 1 1 1 0 0 0 0 0 0 0 0 0 1 1 1 1 1 1 1 0 0 0 0 0 0 0 0 1 1 1 1
  1 1 1 1 0 0 0 0 0 0 0 1 1 1 1 1 1 1 1 1 0 0 0 0 0 0 0 1 1 1 1 1 1 1 1 1 0 0 0
  0 0 0 0 1 1 1 1 1 1 1 1 1 0 0 0 0 0 0 0 1 1 1 1 1 1 1 1 1 0 0 0 0 0 0 0 1 1 1
  1 1 1 1 1 1 0 0 0 0 0 0 0 1 1 1 1 1 1 1 13 13 0 0 0 0 0 0 0 1 1 1 1 1 13 13
  13 13 0 0 0 0 0 0 0 0 1 1 1 13 13 13 13 13 0 0 0 0 0 0 0 0 1 1 1 13 13 13 13
  13 0 0 0 0 0 0 0 0 1 1 1 1 1 1 1 1 0 0 0 0 0 0 0 1 1 1 1 1 1 1 1 1 0 0 0 0 0
  0 0 1 1 1 1 1 1 1 1 1 0 0 0 0 0 0 0 0 0 0 1 1 1 1 1 1 0 0 0 0 0 0 0 0 0 1 1 1
  1 1 1 1 0 0 0 0 0 0 0 0 1 1 1 1 1 1 1 1 0 0 0 0 0 0 0 1 1 1 1 1 1 1 1 1 0 0 0
  0 0 0 0 1 1 1 1 1 1 1 1 1 0 0 0 0 0 0 0 1 1 1 1 1 1 1 1 1 0 0 0 0 0 0 0 1 1 1
  1 1 1 1 1 1 0 0 0 0 0 0 0 1 1 1 1 1 1 1 1 1 0 0 0 0 0 0 0 1 1 1 1 1 1 1 1 1 0
  0 0 0 0 0 0 1 1 1 1 1 1 1 13 13 0 0 0 0 0 0 0 1 1 1 1 1 13 13 13 13 0 0 0 0 0
  0 0 1 1 1 1 13 13 13 13 13 0 0 0 0 0 0 0 1 1 1 1 13 13 13 13 13 0 0 0 0 0 0 0
  1 1 1 1 1 1 1 1 1 0 0 0 0 0 0 0 1 1 1 1 1 1 1 1 1 0 0 0 0 0 0 0 1 1 1 1 1 1 1
  1 1 0 0 0 0 0 0 0 0 0 0 1 1 1 1 1 1 0 0 0 0 0 0 0 0 0 1 1 3 1 1 1 1 0 0 0 0 0
  0 0 0 1 1 1 1 1 1 1 1 0 0 0 0 0 0 0 1 1 1 1 1 1 1 1 1 0 0 0 0 0 0 0 1 1 1 1 1
  1 1 1 1 0 0 0 0 0 0 0 1 1 1 1 1 1 1 1 1 0 0 0 0 0 0 0 1 1 1 1 1 1 1 1 1 0 0 0
  0 0 0 0 1 1 1 1 1 1 1 1 1 0 0 0 0 0 0 0 1 1 1 1 1 1 1 1 1 0 0 0 0 0 0 0 1 1 1
  1 1 1 1 1 1 0 0 0 0 0 0 0 1 1 1 1 1 1 1 13 13 0 0 0 0 0 0 0 1 1 1 1 1 13 13
  13 13 0 0 0 0 0 0 0 1 1 1 1 1 1 1 1 1 0 0 0 0 0 0 0 1 1 1 1 1 1 1 1 1 0 0 0 0
  0 0 0 1 1 1 1 1 1 1 1 1 0 0 0 0 0 0 0 1 1 1 1 1 1 1 1 1 0 0 0 0 0 0 0 0 0 0 3
  3 3 3 1 1 0 0 0 0 0 0 0 0 0 1 3 3 3 1 1 1 0 0 0 0 0 0 0 0 1 1 3 3 3 1 1 1 0 0
  0 0 0 0 0 1 1 1 3 3 3 1 1 1 0 0 0 0 0 0 0 1 1 1 1 3 1 1 1 1 0 0 0 0 0 0 0 1 1
  1 1 1 1 1 1 1 0 0 0 0 0 0 0 1 1 1 1 1 1 1 1 1 0 0 0 0 0 0 0 1 1 1 1 1 1 1 1 1
  0 0 0 0 0 0 0 1 1 1 1 1 1 1 1 1 0 0 0 0 0 0 0 1 1 1 1 1 1 1 1 1 0 0 0 0 0 0 0
  1 1 1 1 1 1 1 1 1 0 0 0 0 0 0 0 1 1 1 1 1 1 1 1 1 0 0 0 0 0 0 0 1 1 1 1 1 1 1
  1 1 0 0 0 0 0 0 0 1 1 1 1 1 1 1 1 1 0 0 0 0 0 0 0 1 1 1 1 1 1 1 1 1 0 0 0 0 0
  0 0 1 16 16 16 1 1 1 1 1 0 0 0 0 0 0 0 0 0 0 3 3 3 3 1 1 0 0 0 0 0 0 0 0 0 1
  3 3 3 3 1 1 0 0 0 0 0 0 0 0 1 1 3 3 3 1 1 1 0 0 0 0 0 0 0 1 1 1 3 3 3 1 1 1 0
  0 0 0 0 0 0 1 1 1 1 3 1 1 1 1 0 0 0 0 0 0 0 1 1 1 1 1 1 1 1 1 0 0 0 0 0 0 0 1
  1 1 1 1 1 1 1 1 0 0 0 0 0 0 0 1 1 1 1 1 1 1 1 1 0 0 0 0 0 0 0 1 1 1 1 1 1 1 1
  1 0 0 0 0 0 0 0 1 1 1 1 1 1 1 1 1 0 0 0 0 0 0 0 1 1 1 1 1 1 1 1 1 0 0 0 0 0 0
  0 1 1 1 1 1 1 1 1 1 0 0 0 0 0 0 0 1 1 1 1 1 1 1 1 1 0 0 0 0 0 0 0 1 1 1 1 1 1
  1 1 1 0 0 0 0 0 0 0 1 1 1 1 1 1 1 1 1 0 0 0 0 0 0 0 1 1 16 1 1 1 1 1 1) 
#(0 0 0 0 0 0 0 0 0 0 0 0 0 0 0 0 0 0 0 0 0 0 0 0 0 0 0 0 0 0 0 0 0 0 0 0 0 0 0
  0 0 0 0 0 0 0 0 0 0 0 0 0 0 0 0 0 0 0 0 0 0 0 0 0 0 0 0 0 0 0 0 0 0 0 0 0 0 0
  0 0 0 0 0 0 0 0 0 0 0 0 0 0 0 0 0 0 0 0 0 0 0 0 0 0 0 0 0 0 0 0 0 0 0 0 0 0 0
  0 0 0 0 0 0 0 0 0 0 0 0 0 0 0 0 0 0 0 0 0 0 0 0 0 0 0 0 0 0 0 0 0 0 0 0 0 0 0
  0 0 0 0 0 0 0 0 0 0 0 0 0 0 0 0 0 0 0 0 0 0 0 0 0 0 0 0 0 0 0 0 0 0 0 0 0 0 0
  0 0 0 0 0 0 0 0 0 0 0 0 0 0 0 0 0 0 0 0 0 0 0 0 0 0 0 0 0 0 0 0 0 0 0 0 0 0 0
  0 0 0 0 0 0 0 0 0 0 0 0 0 0 0 0 0 0 0 0 0 0 0 0 0 0 0 0 0 0 0 0 0 0 0 0 0 0 0
  0 0 0 0 0 0 0 0 0 0 0 0 0 0 0 0 0 0 0 0 0 0 0 0 0 0 0 0 0 0 0 0 0 0 0 0 0 0 0
  0 0 0 0 0 0 0 0 0 0 0 0 0 0 0 0 0 0 0 0 0 0 0 0 0 0 0 0 0 0 0 0 0 0 0 0 0 0 0
  0 0 0 0 0 0 0 0 0 0 0 0 0 0 0 0 0 0 0 0 0 0 0 0 0 0 0 0 0 0 0 0 0 0 0 0 0 0 0
  0 0 0 0 0 0 0 0 0 0 0 0 0 0 0 0 0 0 0 0 0 0 0 0 0 0 0 0 0 0 0 0 0 0 0 0 0 0 0
  0 0 0 0 0 0 0 0 0 0 0 0 0 0 0 0 0 0 0 0 0 0 0 0 0 0 0 0 0 0 0 0 0 0 0 0 0 0 0
  0 0 0 0 0 0 0 0 0 0 0 0 0 0 0 0 0 0 0 0 0 0 0 0 0 0 0 0 0 0 0 0 0 0 0 0 0 0 0
  0 0 0 0 0 0 0 0 0 0 0 0 0 0 0 0 0 0 0 0 0 0 0 0 0 0 0 0 0 0 0 0 0 0 0 0 0 0 0
  0 0 0 0 0 0 0 0 0 0 0 0 0 0 0 0 0 0 0 0 0 0 0 0 0 0 0 0 0 0 0 0 0 0 0 0 0 0 0
  0 0 0 0 0 0 0 0 0 0 0 0 0 0 0 0 0 0 0 0 0 0 0 0 0 0 0 0 0 0 0 0 0 0 0 0 0 0 0
  0 0 0 0 0 0 0 0 0 0 0 0 0 0 0 0 0 0 0 0 0 0 0 0 0 0 0 0 0 0 0 0 0 0 0 0 0 0 0
  0 0 0 0 0 0 0 0 0 0 0 0 0 0 0 0 0 0 0 0 0 0 0 0 0 0 0 0 0 0 0 0 0 0 0 0 0 0 0
  0 0 0 0 0 0 0 0 0 0 0 0 0 0 0 0 0 0 0 0 0 0 0 0 0 0 0 0 0 0 0 0 0 0 0 0 0 0 0
  0 0 0 0 0 0 0 0 0 0 0 0 0 0 0 0 0 0 0 0 0 0 0 0 0 0 0 0 0 0 0 0 0 0 0 0 0 0 0
  0 0 0 0 0 0 0 0 0 0 0 0 0 0 0 0 0 0 0 0 0 0 0 0 0 0 0 0 0 0 0 0 0 0 0 0 0 0 0
  0 0 0 0 0 0 0 0 0 0 0 0 0 0 0 0 0 0 0 0 0 0 0 0 0 0 0 0 0 0 0 0 0 0 0 0 0 0 0
  0 0 0 0 0 0 0 0 0 0 0 0 0 0 0 0 0 0 0 0 0 0 0 0 0 0 0 0 0 0 0 0 0 0 0 0 0 0 0
  0 0 0 0 0 0 0 0 0 0 0 0 0 0 0 0 0 0 0 0 0 0 0 0 0 0 0 0 0 0 0 0 0 0 0 0 0 0 0
  0 0 0 0 0 0 0 0 0 0 0 0 0 0 0 0 0 0 0 0 0 0 0 0 0 0 0 0 0 0 0 0 0 0 0 0 0 0 0
  0 0 0 0 0 0 0 0 0 0 0 0 0 0 0 0 0 0 0 0 0 0 0 0 0 0 0 0 0 0 0 0 0 0 0 0 0 0 0
  0 0 0 0 0 0 0 0 0 0 0 0 0 0 0 0 0 0 0 0 0 0 0 0 0 0 0 0 0 0 0 0 0 0 0 0 0 0 0
  0 0 0 0 0 0 0 0 0 0 0 0 0 0 0 0 0 0 0 0 0 0 0 0 0 0 0 0 0 0 0 0 0 0 0 0 0 0 0
  0 0 0 0 0 0 0 0 0 0 0 0 0 0 0 0 0 0 0 0 0 0 0 0 0 0 0 0 0 0 0 0 0 0 0 0 0 0 0
  0 0 0 0 0 0 0 0 0 0 0 0 0 0 0 0 0 0 0 0 0 0 0 0 0 0 0 0 0 0 0 0 0 0 0 0 0 0 0
  0 0 0 0 0 0 0 0 0 0 0 0 0 0 0 0 0 0 0 0 0 0 0 0 0 0 0 0 0 0 0 0 0 0 0 0 0 0 0
  0 0 0 0 0 0 0 0 0 0 0 0 0 0 0 0 0 0 0 0 0 0 0 0 0 0 0 0 0 0 0 0 0 0 0 0 0 0 0
  0 0 0 0 0 0 0 0 0 0 0 0 0 0 0 0 0 0 0 0 0 0 0 0 0 0 0 0 0 0 0 0 0 0 0 0 0 0 0
  0 0 0 0 0 0 0 0 0 0 0 0 0 0 0 0 0 0 0 0 0 0 0 0 0 0 0 0 0 0 0 0 0 0 0 0 0 0 0
  0 0 0 0 0 0 0 0 0 0 0 0 0 0 0 0 0 0 0 0 0 0 0 0 0 0 0 0 0 0 0 0 0 0 0 0 0 0 0
  0 0 0 0 0 0 0 0 0 0 0 0 0 0 0 0 0 0 0 0 0 0 0 0 0 0 0 0 0 0 0 0 0 0 0 0 0 0 0
  0 0 0 0 0 0 0 0 0 0 0 0 0 0 0 0 0 0 0 0 0 0 0 0 0 0 0 0 0 0 0 0 0 0 0 0 0 0 0
  0 0 0 0 0 0 0 0 0 0 0 0 0 0 0 0 0 0 0 0 0 0 0 0 0 0 0 0 0 0 0 0 0 0 0 0 0 0 0
  0 0 0 0 0 0 0 0 0 0 0 0 0 0 0 0 0 0 0 0 0 0 0 0 0 0 0 0 0 0 0 0 0 0 0 0 0 0 0
  0 0 0 0 0 0 0 0 0 0 0 0 0 0 0 0 0 0 0 0 0 0 0 0 0 0 0 0 0 0 0 0 0 0 0 0 0 0 0
  0 0 0 0 0 0 0 0 0 0 0 0 0 0 0 0 0 0 0 0 0 0 0 0 0 0 0 0 0 0 0 0 0 0 0 0 0 0 0
  0 0 0 0 0 0 0 0 0 0 0 0 0 0 0 0 0 0 0 0 0 0 0 0 0 0 0 0 0 0 0 0 0 0 0 0 0 0 0
  0 0 0 0 0 0 0 0 0 0 0 0 0 0 0 0 0 0 0 0 0 0 0 0 0 0 0 0 0 0 0 0 0 0 0 0 0 0 0
  0 0 0 0 0 0 0 0 0 0 0 0 0 0 0 0 0 0 0 0 0 0 0 0 0 0 0 0 0 0 0 0 0 0 0 0 0 0 0
  0 0 0 0 0 0 0 0 0 0 0 0 0 0 0 0 0 0 0 0 0 0 0 0 0 0 0 0 0 0 0 0 0 0 0 0 0 0 0
  0 0 0 0 0 0 0 0 0 0 0 0 0 0 0 0 0 0 0 0 0 0 0 0 0 0 0 0 0 0 0 0 0 0 0 0 0 0 0
  0 0 0 0 0 0 0 0 0 0 0 0 0 0 0 0 0 0 0 0 0 0 0 0 0 0 0 0 0 0 0 0 0 0 0 0 0 0 0
  0 0 0 0 0 0 0 0 0 0 0 0 0 0 0 0 0 0 0 0 0 0 0 0 0 0 0 0 0 0 0 0 0 0 0 0 0 0 0
  0 0 0 0 0 0 0 0 0 0 0 0 0 0 0 0 0 0 0 0 0 0 0 0 0 0 0 0 0 0 0 0 0 0 0 0 0 0 0
  0 0 0 0 0 0 0 0 0 0 0 0 0 0 0 0 0 0 0 0 0 0 0 0 0 0 0 0 0 0 0 0 0 0 0 0 0 0 0
  0 0 0 0 0 0 0 0 0 0 0 0 0 0 0 0 0 0 0 0 0 0 0 0 0 0 0 0 0 0 0 0 0 0 0 0 0 0 0
  0 0 0 0 0 0 0 0 0 0 0 0 0 0 0 0 0 0 0 0 0 0 0 0 0 0 0 0 0 0 0 0 0 0 0 0 0 0 0
  0 0 0 0 0 0 0 0 0 0 0 0 0 0 0 0 0 0 0 0 0 0 0 0 0 0 0 0 0 0 0 0 0 0 0 0 0 0 0
  0 0 0 0 0 0 0 0 0 0 0 0 0 0 0 0 0 0 0 0 0 0 0 0 0 0 0 0 0 0 0 0 0 0 0 0 0 0 0
  0 0 0 0 0 0 0 0 0 0 0 0 0 0 0 0 0 0 0 0 0 0 0 0 0 0 0 0 0 0 0 0 0 0 0 0 0 0 0
  0 0 0 0 0 0 0 0 0 0 0 0 0 0 0 0 0 0 0 0 0 0 0 0 0 0 0 0 0 0 0 0 0 0 0 0 0 0 0
  0 0 0 0 0 0 0 0 0 0 0 0 0 0 0 0 0 0 0 0 0 0 0 0 0 0 0 0 0 0 0 0 0 0 0 0 0 0 0
  0 0 0 0 0 0 0 0 0 0 0 0 0 0 0 0 0 0 0 0 0 0 0 0 0 0 0 0 0 0 0 0 0 0 0 0 0 0 0
  0 0 0 0 0 0 0 0 0 0 0 0 0 0 0 0 0 0 0 0 0 0 0 0 0 0 0 0 0 0 0 0 0 0 0 0 0 0 0
  0 0 0 0 0 0 0 0 0 0 0 0 0 0 0 0 0 0 0 0 0 0 0 0 0 0 0 0 0 0 0 0 0 0 0 0 0 0 0
  0 0 0 0 0 0 0 0 0 0 0 0 0 0 0 0 0 0 0 0 0 0 0 0 0 0 0 0 0 0 0 0 0 0 0 0 0 0 0
  0 0 0 0 0 0 0 0 0 0 0 0 0 0 0 0 0 0 0 0 0 0 0 0 0 0 0 0 0 0 0 0 0 0 0 0 0 0 0
  0 0 0 0 0 0 0 0 0 0 0 0 0 0 0 0 0 0 0 0 0 0 0 0 0 0 0 0 0 0 0 0 0 0 0 0 0 0 0
  0 0 0 0 0 0 0 0 0 0 0 0 0 0 0 0 0 0 0 0 0 0 0 0 0 0 0 0 0 0 0 0 0 0 0 0 0 0 0
  0 0 0 0 0 0 0 0 0 0 0 0 0 0 0 0 0 0 0 0 0 0 0 0 0 0 0 0 0 0 0 0 0 0 0 0 0 0 0
  0 0 0 0 0 0 0 0 0 0 0 0 0 0 0 0 0 0 0 0 0 0 0 0 0 0 0 0 0 0 0 0 0 0 0 0 0 0 0
  0 0 0 0 0 0 0 0 0 0 0 0 0 0 0 0 0 0 0 0 0 0 0 0 0 0 0 0 0 0 0 0 0 0 0 0 0 0 0
  0 0 0 0 0 0 0 0 0 0 0 0 0 0 0 0 0 0 0 0 0 0 0 0 0 0 0 0 0 0 0 0 0 0 0 0 0 0 0
  0 0 0 0 0 0 0 0 0 0 0 0 0 0 0 0 0 0 0 0 0 0 0 0 0 0 0 0 0 0 0 0 0 0 0 0 0 0 0
  0 0 0 0 0 0 0 0 0 0 0 0 0 0 0 0 0 0 0 0 0 0 0 0 0 0 0 0 0 0 0 0 0 0 0 0 0 0 0
  0 0 0 0 0 0 0 0 0 0 0 0 0 0 0 0 0 0 0 0 0 0 0 0 0 0 0 0 0 0 0 0 0 0 0 0 0 0 0
  0 0 0 0 0 0 0 0 0 0 0 0 0 0 0 0 0 0 0 0 0 0 0 0 0 0 0 0 0 0 0 0 0 0 0 0 0 0 0
  0 0 0 0 0 0 0 0 0 0 0 0 0 0 0 0 0 0 0 0 0 0 0 0 0 0 0 0 0 0 0 0 0 0 0 0 0 0 0
  0 0 0 0 0 0 0 0 0 0 0 0 0 0 0 0 0 0 0 0 0 0 0 0 0 0 0 0 0 0 0 0 0 0 0 0 0 0 0
  0 0 0 0 0 0 0 0 0 0 0 0 0 0 0 0 0 0 0 0 0 0 0 0 0 0 0 0 0 0 0 0 0 0 0 0 0 0 0
  0 0 0 0 0 0 0 0 0 0 0 0 0 0 0 0 0 0 0 0 0 0 0 0 0 0 0 0 0 0 0 0 0 0 0 0 0 0 0
  0 0 0 0 0 0 0 0 0 0 0 0 0 0 0 0 0 0 0 0 0 0 0 0 0 0 0 0 0 0 0 0 0 0 0 0 0 0 0
  0 0 0 0 0 0 0 0 0 0 0 0 0 0 0 0 0 0 0 0 0 0 0 0 0 0 0 0 0 0 0 0 0 0 0 0 0 0 0
  0 0 0 0 0 0 0 0 0 0 0 0 0 0 0 0 0 0 0 0 0 0 0 0 0 0 0 0 0 0 0 0 0 0 0 0 0 0 0
  0 0 0 0 0 0 0 0 0 0 0 0 0 0 0 0 0 0 0 0 0 0 0 0 0 0 0 0 0 0 0 0 0 0 0 0 0 0 0
  0 0 0 0 0 0 0 0 0 0 0 0 0 0 0 0 0 0 0 0 0 0 0 0 0 0 0 0 0 0 0 0 0 0 0 0 0 0 0
  0 0 0 0 0 0 0 0 0 0 0 0 0 0 0 0 0 0 0 0 0 0 0 0 0 0 0 0 0 0 0 0 0 0 0 0 0 0 0
  0 0 0 0 0 0 0 0 0 0 0 0 0 0 0 0 0 0 0 0 0 0 0 0 0 0 0 0 0 0 0 0 0 0 0 0 0 0 0
  0 0 0 0 0 0 0 0 0 0 0 0 0 0 0 0 0 0 0 0 0 0 0 0 0 0 0 0 0 0 0 0 0 0 0 0 0 0 0
  0 0 0 0 0 0 0 0 0 0 0 0 0 0 0 0 0 0 0 0 0 0 0 0 0 0 0 0 0 0 0 0 0 0 0 0 0 0 0
  0 0 0 0 0 0 0 0 0 0 0 0 0 0 0 0 0 0 0 0 0 0 0 0 0 0 0 0 0 0 0 0 0 0 0 0 0 0 0
  0 0 0 0 0 0 0 0 0 0 0 0 0 0 0 0 0 0 0 0 0 0 0 0 0 0 0 0 0 0 0 0 0 0 0 0 0 0 0
  0 0 0 0 0 0 0 0 0 0 0 0 0 0 0 0 0 0 0 0 0 0 0 0 0 0 0 0 0 0 0 0 0 0 0 0 0 0 0
  0 0 0 0 0 0 0 0 0 0 0 0 0 0 0 0 0 0 0 0 0 0 0 0 0 0 0 0 0 0 0 0 0 0 0 0 0 0 0
  0 0 0 0 0 0 0 0 0 0 0 0 0 0 0 0 0 0 0 0 0 0 0 0 0 0 0 0 0 0 0 0 0 0 0 0 0 0 0
  0 0 0 0 0 0 0 0 0 0 0 0 0 0 0 0 0 0 0 0 0 0 0 0 0 0 0 0 0 0 0 0 0 0 0 0 0 0 0
  0 0 0 0 0 0 0 0 0 0 0 0 0 0 0 0 0 0 0 0 0 0 0 0 0 0 0 0 0 0 0 0 0 0 0 0 0 0 0
  0 0 0 0 0 0 0 0 0 0 0 0 0 0 0 0 0 0 0 0 0 0 0 0 0 0 0 0 0 0 0 0 0 0 0 0 0 0 0
  0 0 0 0 0 0 0 0 0 0 0 0 0 0 0 0 0 0 0 0 0 0 0 0 0 0 0 0 0 0 0 0 0 0 0 0 0 0 0
  0 0 0 0 0 0 0 0 0 0 0 0 0 0 0 0 0 0 0 0 0 0 0 0 0 0 0 0 0 0 0 0 0 0 0 0 0 0 0
  0 0 0 0 0 0 0 0 0 0 0 0 0 0 0 0 0 0 0 0 0 0 0 0 0 0 0 0 0 0 0 0 0 0 0 0 0 0 0
  0 0 0 0 0 0 0 0 0 0 0 0 0 0 0 0 0 0 0 0 0 0 0 0 0 0 0 0 0 0 0 0 0 0 0 0 0 0 0
  0 0 0 0 0 0 0 0 0 0 0 0 0 0 0 0 0 0 0 0 0 0 0 0 0 0 0 0 0 0 0 0 0 0 0 0 0 0 0
  0 0 0 0 0 0 0 0 0 0 0 0 0 0 0 0 0 0 0 0 0 0 0 0 0 0 0 0 0 0 0 0 0 0 0 0 0 0 0
  0 0 0 0 0 0 0 0 0 0 0 0 0 0 0 0 0 0 0 0 0 0 0 0 0 0 0 0 0 0 0 0 0 0 0 0 0 0 0
  0 0 0 0 0 0 0 0 0 0 0 0 0 0 0 0 0 0 0 0 0 0 0 0 0 0 0 0 0 0 0 0 0 0 0 0 0 0 0
  0 0 0 0 0 0 0 0 0 0 0 0 0 0 0 0 0 0 0 0 0 0 0 0 0 0 0 0 0 0 0 0 0 0 0 0 0 0 0
  0 0 0 0 0 0 0 0 0 0 0 0 0 0 0 0 0 0 0 0 0 0 0 0 0 0 0 0 0 0 0 0 0 0 0 0 0 0 0
  0 0 0 0 0 0 0 0 0 0 0 0 0 0 0 0 0 0 0 0 0 0 0 0 0 0 0 0 0 0 0 0 0 0 0 0 0 0 0
  0 0 0 0 0 0 0 0 0 0 0 0 0 0 0 0 0 0 0 0 0 0 0 0 0 0 0 0 0 0 0 0 0 0 0 0 0 0 0
  0) 
#(15 15 15 15 15 15 15 15 15 15 14 13 0 0 0 0 15 15 15 15 15 15 15 15 15 14 13
  0 0 0 0 0 15 15 15 15 15 15 15 15 14 13 12 0 0 0 0 0 15 15 15 15 15 15 15 14
  13 12 11 0 0 0 0 0 15 15 15 15 15 15 15 14 13 12 11 10 0 0 0 0 15 15 15 15 15
  15 15 14 13 12 11 10 9 0 0 0 15 15 15 15 15 15 15 14 13 12 11 10 9 8 0 0 15
  15 15 15 15 15 15 14 13 12 11 10 9 8 7 0 15 15 15 15 15 15 15 14 13 12 11 10
  9 8 7 6 15 15 15 15 15 15 15 14 13 12 11 10 9 8 7 6 15 15 15 15 15 15 15 14
  13 12 11 10 9 8 7 6 15 15 15 15 15 15 15 14 13 12 11 10 9 8 7 6 15 15 15 15
  15 15 15 14 13 12 11 10 9 8 7 6 15 15 15 15 15 15 15 14 13 12 11 10 9 8 7 6
  15 15 15 15 15 15 15 14 13 12 11 10 9 8 7 6 15 15 15 15 15 15 15 14 13 12 11
  10 9 8 7 6 15 15 15 15 15 15 15 15 15 15 14 13 12 0 0 0 15 15 15 15 15 15 15
  15 15 14 13 12 0 0 0 0 15 15 15 15 15 15 15 15 14 13 12 0 0 0 0 0 15 15 15 15
  15 15 15 14 13 12 11 0 0 0 0 0 15 15 15 15 15 15 15 14 13 12 11 0 0 0 0 0 15
  15 15 15 15 15 15 14 13 12 11 10 0 0 0 0 15 15 15 15 15 15 15 14 13 12 11 10
  9 0 0 0 15 15 15 15 15 15 15 14 13 12 11 10 9 8 0 0 15 15 15 15 15 15 15 14
  13 12 11 10 9 8 7 0 15 15 15 15 15 15 15 14 13 12 11 10 9 8 7 6 15 15 15 15
  15 15 15 14 13 12 11 10 9 8 7 6 15 15 15 15 15 15 15 14 13 12 11 10 9 8 7 6
  15 15 15 15 15 15 15 14 13 12 11 10 9 8 7 6 15 15 15 15 15 15 15 14 13 12 11
  10 9 8 7 6 15 15 15 15 15 15 15 14 13 12 11 10 9 8 7 6 15 15 15 15 15 15 15
  14 13 12 11 10 9 8 7 6 15 15 15 15 15 15 15 15 15 15 14 13 12 11 0 0 15 15 15
  15 15 15 15 15 15 14 13 12 11 0 0 0 15 15 15 15 15 15 15 15 14 13 12 11 0 0 0
  0 15 15 15 15 15 15 15 14 13 12 11 0 0 0 0 0 15 15 15 15 15 15 15 14 13 12 11
  0 0 0 0 0 15 15 15 15 15 15 15 14 13 12 11 0 0 0 0 0 15 15 15 15 15 15 15 14
  13 12 11 10 0 0 0 0 15 15 15 15 15 15 15 14 13 12 11 10 9 0 0 0 15 15 15 15
  15 15 15 14 13 12 11 10 9 8 0 0 15 15 15 15 15 15 15 14 13 12 11 10 9 8 7 0
  15 15 15 15 15 15 15 14 13 12 11 10 9 8 7 6 15 15 15 15 15 15 15 14 13 12 11
  10 9 8 7 6 15 15 15 15 15 15 15 14 13 12 11 10 9 8 7 6 15 15 15 15 15 15 15
  14 13 12 11 10 9 8 7 6 15 15 15 15 15 15 15 14 13 12 11 10 9 8 7 6 15 15 15
  15 15 15 15 14 13 12 11 10 9 8 7 6 15 15 15 15 15 15 15 15 15 15 14 13 12 11
  10 0 15 15 15 15 15 15 15 15 15 14 13 12 11 10 0 0 15 15 15 15 15 15 15 15 14
  13 12 11 10 0 0 0 15 15 15 15 15 15 15 14 13 12 11 10 0 0 0 0 15 15 15 15 15
  15 15 14 13 12 11 0 0 0 0 0 15 15 15 15 15 15 15 14 13 12 11 0 0 0 0 0 15 15
  15 15 15 15 15 14 13 12 11 0 0 0 0 0 15 15 15 15 15 15 15 14 13 12 11 10 0 0
  0 0 15 15 15 15 15 15 15 14 13 12 11 10 9 0 0 0 15 15 15 15 15 15 15 14 13 12
  11 10 9 8 0 0 15 15 15 15 15 15 15 14 13 12 11 10 9 8 7 0 15 15 15 15 15 15
  15 14 13 12 11 10 9 8 7 6 15 15 15 15 15 15 15 14 13 12 11 10 9 8 7 6 15 15
  15 15 15 15 15 14 13 12 11 10 9 8 7 6 15 15 15 15 15 15 15 14 13 12 11 10 9 8
  7 0 15 15 15 15 15 15 15 14 13 12 11 10 9 8 7 0 15 15 15 15 15 15 15 15 15 15
  14 13 12 11 10 9 15 15 15 15 15 15 15 15 15 14 13 12 11 10 9 0 15 15 15 15 15
  15 15 15 14 13 12 11 10 9 0 0 15 15 15 15 15 15 15 14 13 12 11 10 9 0 0 0 15
  15 15 15 15 15 15 14 13 12 11 10 0 0 0 0 15 15 15 15 15 15 15 14 13 12 11 0 0
  0 0 0 15 15 15 15 15 15 15 14 13 12 11 0 0 0 0 0 15 15 15 15 15 15 15 14 13
  12 11 0 0 0 0 0 15 15 15 15 15 15 15 14 13 12 11 10 0 0 0 0 15 15 15 15 15 15
  15 14 13 12 11 10 9 0 0 0 15 15 15 15 15 15 15 14 13 12 11 10 9 8 0 0 15 15
  15 15 15 15 15 14 13 12 11 10 9 8 7 0 15 15 15 15 15 15 15 14 13 12 11 10 9 8
  7 0 15 15 15 15 15 15 15 14 13 12 11 10 9 8 7 0 15 15 15 15 15 15 15 14 13 12
  11 10 9 8 0 0 15 15 15 15 15 15 15 14 13 12 11 10 9 8 0 0 15 15 15 15 15 15
  15 15 15 15 14 13 12 11 10 9 15 15 15 15 15 15 15 15 15 14 13 12 11 10 9 0 15
  15 15 15 15 15 15 15 14 13 12 11 10 9 0 0 15 15 15 15 15 15 15 14 13 12 11 10
  9 0 0 0 15 15 15 15 15 15 15 14 13 12 11 10 0 0 0 0 15 15 15 15 15 15 15 14
  13 12 11 0 0 0 0 0 15 15 15 15 15 15 15 14 13 12 0 0 0 0 0 0 15 15 15 15 15
  15 15 14 13 12 0 0 0 0 0 0 15 15 15 15 15 15 15 14 13 12 11 0 0 0 0 0 15 15
  15 15 15 15 15 14 13 12 11 10 0 0 0 0 15 15 15 15 15 15 15 14 13 12 11 10 9 0
  0 0 15 15 15 15 15 15 15 14 13 12 11 10 9 8 0 0 15 15 15 15 15 15 15 14 13 12
  11 10 9 8 0 0 15 15 15 15 15 15 15 14 13 12 11 10 9 8 0 0 15 15 15 15 15 15
  15 14 13 12 11 10 9 0 0 0 15 15 15 15 15 15 15 14 13 12 11 10 9 0 0 0 15 15
  15 15 15 15 15 15 15 15 14 13 12 11 10 0 15 15 15 15 15 15 15 15 15 14 13 12
  11 10 0 0 15 15 15 15 15 15 15 15 14 13 12 11 10 0 0 0 15 15 15 15 15 15 15
  14 13 12 11 10 0 0 0 0 15 15 15 15 15 15 15 14 13 12 11 0 0 0 0 0 15 15 15 15
  15 15 15 14 13 12 0 0 0 0 0 0 15 15 15 15 15 15 15 14 13 0 0 0 0 0 0 0 15 15
  15 15 15 15 15 14 13 0 0 0 0 0 0 0 15 15 15 15 15 15 15 14 13 12 0 0 0 0 0 0
  15 15 15 15 15 15 15 14 13 12 11 0 0 0 0 0 15 15 15 15 15 15 15 14 13 12 11
  10 0 0 0 0 15 15 15 15 15 15 15 14 13 12 11 10 9 0 0 0 15 15 15 15 15 15 15
  14 13 12 11 10 9 0 0 0 15 15 15 15 15 15 15 14 13 12 11 10 9 0 0 0 15 15 15
  15 15 15 15 14 13 12 11 10 0 0 0 0 15 15 15 15 15 15 15 14 13 12 11 10 0 0 0
  0 15 15 15 15 15 15 15 15 15 15 14 13 12 11 10 0 15 15 15 15 15 15 15 15 15
  14 13 12 11 10 0 0 15 15 15 15 15 15 15 15 14 13 12 11 10 0 0 0 15 15 15 15
  15 15 15 14 13 12 11 10 0 0 0 0 15 15 15 15 15 15 15 14 13 12 11 0 0 0 0 0 15
  15 15 15 15 15 15 14 13 12 0 0 0 0 0 0 15 15 15 15 15 15 15 14 13 0 0 0 0 0 0
  0 15 15 15 15 15 15 15 14 13 0 0 0 0 0 0 0 15 15 15 15 15 15 15 14 13 0 0 0 0
  0 0 0 15 15 15 15 15 15 15 14 13 12 0 0 0 0 0 0 15 15 15 15 15 15 15 14 13 12
  11 0 0 0 0 0 15 15 15 15 15 15 15 14 13 12 11 10 0 0 0 0 15 15 15 15 15 15 15
  14 13 12 11 10 0 0 0 0 15 15 15 15 15 15 15 14 13 12 11 10 0 0 0 0 15 15 15
  15 15 15 15 14 13 12 11 0 0 0 0 0 15 15 15 15 15 15 15 14 13 12 11 0 0 0 0 0
  15 15 15 15 15 15 15 15 15 15 14 13 12 11 0 0 15 15 15 15 15 15 15 15 15 14
  13 12 11 0 0 0 15 15 15 15 15 15 15 15 14 13 12 11 0 0 0 0 15 15 15 15 15 15
  15 14 13 12 11 0 0 0 0 0 15 15 15 15 15 15 15 14 13 12 0 0 0 0 0 0 15 15 15
  15 15 15 15 14 13 0 0 0 0 0 0 0 15 15 15 15 15 15 15 14 0 0 0 0 0 0 0 0 15 15
  15 15 15 15 15 14 0 0 0 0 0 0 0 0 15 15 15 15 15 15 15 14 0 0 0 0 0 0 0 0 15
  15 15 15 15 15 15 14 13 0 0 0 0 0 0 0 15 15 15 15 15 15 15 14 13 12 0 0 0 0 0
  0 15 15 15 15 15 15 15 14 13 12 11 0 0 0 0 0 15 15 15 15 15 15 15 14 13 12 11
  0 0 0 0 0 15 15 15 15 15 15 15 14 13 12 11 0 0 0 0 0 15 15 15 15 15 15 15 14
  13 12 0 0 0 0 0 0 15 15 15 15 15 15 15 14 13 12 0 0 0 0 0 0 15 15 15 15 15 15
  15 15 15 15 14 13 12 0 0 0 15 15 15 15 15 15 15 15 15 14 13 12 0 0 0 0 15 15
  15 15 15 15 15 15 14 13 12 0 0 0 0 0 15 15 15 15 15 15 15 14 13 12 0 0 0 0 0
  0 15 15 15 15 15 15 15 14 13 0 0 0 0 0 0 0 15 15 15 15 15 15 15 14 0 0 0 0 0
  0 0 0 15 15 15 15 15 15 15 0 0 0 0 0 0 0 0 0 15 15 15 15 15 15 15 0 0 0 0 0 0
  0 0 0 15 15 15 15 15 15 15 0 0 0 0 0 0 0 0 0 15 15 15 15 15 15 15 14 0 0 0 0
  0 0 0 0 15 15 15 15 15 15 15 14 13 0 0 0 0 0 0 0 15 15 15 15 15 15 15 14 13
  12 0 0 0 0 0 0 15 15 15 15 15 15 15 14 13 12 0 0 0 0 0 0 15 15 15 15 15 15 15
  14 13 12 0 0 0 0 0 0 15 15 15 15 15 15 15 14 13 0 0 0 0 0 0 0 15 15 15 15 15
  15 15 14 13 0 0 0 0 0 0 0 15 15 15 15 15 15 15 15 15 15 14 13 0 0 0 0 15 15
  15 15 15 15 15 15 15 14 13 0 0 0 0 0 15 15 15 15 15 15 15 15 14 13 0 0 0 0 0
  0 15 15 15 15 15 15 15 14 13 0 0 0 0 0 0 0 15 15 15 15 15 15 15 14 0 0 0 0 0
  0 0 0 15 15 15 15 15 15 15 0 0 0 0 0 0 0 0 0 15 15 15 15 15 15 15 0 0 0 0 0 0
  0 0 0 15 15 15 15 15 15 15 0 0 0 0 0 0 0 0 0 15 15 15 15 15 15 15 0 0 0 0 0 0
  0 0 0 15 15 15 15 15 15 15 0 0 0 0 0 0 0 0 0 15 15 15 15 15 15 15 14 0 0 0 0
  0 0 0 0 15 15 15 15 15 15 15 14 13 0 0 0 0 0 0 0 15 15 15 15 15 15 15 14 13 0
  0 0 0 0 0 0 15 15 15 15 15 15 15 14 13 0 0 0 0 0 0 0 15 15 15 15 15 15 15 14
  0 0 0 0 0 0 0 0 15 15 15 15 15 15 15 14 0 0 0 0 0 0 0 0 15 15 15 15 15 15 15
  15 15 15 14 0 0 0 0 0 15 15 15 15 15 15 15 15 15 14 0 0 0 0 0 0 15 15 15 15
  15 15 15 15 14 0 0 0 0 0 0 0 15 15 15 15 15 15 15 14 0 0 0 0 0 0 0 0 15 15 15
  15 15 15 15 0 0 0 0 0 0 0 0 0 15 15 15 15 15 15 15 0 0 0 0 0 0 0 0 0 15 15 15
  15 15 15 15 0 0 0 0 0 0 0 0 0 15 15 15 15 15 15 15 0 0 0 0 0 0 0 0 0 15 15 15
  15 15 15 15 0 0 0 0 0 0 0 0 0 15 15 15 15 15 15 15 0 0 0 0 0 0 0 0 0 15 15 15
  15 15 15 15 0 0 0 0 0 0 0 0 0 15 15 15 15 15 15 15 14 0 0 0 0 0 0 0 0 15 15
  15 15 15 15 15 14 0 0 0 0 0 0 0 0 15 15 15 15 15 15 15 14 0 0 0 0 0 0 0 0 15
  15 15 15 15 15 15 0 0 0 0 0 0 0 0 0 15 15 15 15 15 15 15 0 0 0 0 0 0 0 0 0 15
  15 15 15 15 15 15 15 15 15 0 0 0 0 0 0 15 15 15 15 15 15 15 15 15 0 0 0 0 0 0
  0 15 15 15 15 15 15 15 15 0 0 0 0 0 0 0 0 15 15 15 15 15 15 15 0 0 0 0 0 0 0
  0 0 15 15 15 15 15 15 15 0 0 0 0 0 0 0 0 0 15 15 15 15 15 15 15 0 0 0 0 0 0 0
  0 0 15 15 15 15 15 15 15 0 0 0 0 0 0 0 0 0 15 15 15 15 15 15 15 0 0 0 0 0 0 0
  0 0 15 15 15 15 15 15 15 0 0 0 0 0 0 0 0 0 15 15 15 15 15 15 15 0 0 0 0 0 0 0
  0 0 15 15 15 15 15 15 15 0 0 0 0 0 0 0 0 0 15 15 15 15 15 15 15 0 0 0 0 0 0 0
  0 0 15 15 15 15 15 15 15 0 0 0 0 0 0 0 0 0 15 15 15 15 15 15 15 0 0 0 0 0 0 0
  0 0 15 15 15 15 15 15 15 0 0 0 0 0 0 0 0 0 15 15 15 15 15 15 15 0 0 0 0 0 0 0
  0 0 15 15 15 15 15 15 15 15 15 15 0 0 0 0 0 0 15 15 15 15 15 15 15 15 15 0 0
  0 0 0 0 0 15 15 15 15 15 15 15 15 0 0 0 0 0 0 0 0 15 15 15 15 15 15 15 0 0 0
  0 0 0 0 0 0 15 15 15 15 15 15 15 0 0 0 0 0 0 0 0 0 15 15 15 15 15 15 15 0 0 0
  0 0 0 0 0 0 15 15 15 15 15 15 15 0 0 0 0 0 0 0 0 0 15 15 15 15 15 15 15 0 0 0
  0 0 0 0 0 0 15 15 15 15 15 15 15 0 0 0 0 0 0 0 0 0 15 15 15 15 15 15 15 0 0 0
  0 0 0 0 0 0 15 15 15 15 15 15 15 0 0 0 0 0 0 0 0 0 15 15 15 15 15 15 15 0 0 0
  0 0 0 0 0 0 15 15 15 15 15 15 15 0 0 0 0 0 0 0 0 0 15 15 15 15 15 15 15 0 0 0
  0 0 0 0 0 0 15 15 15 15 15 15 15 0 0 0 0 0 0 0 0 0 15 15 15 15 15 15 15 0 0 0
  0 0 0 0 0 0 15 15 15 15 15 15 15 15 15 15 0 0 0 0 0 0 15 15 15 15 15 15 15 15
  15 0 0 0 0 0 0 0 15 15 15 15 15 15 15 15 0 0 0 0 0 0 0 0 15 15 15 15 15 15 15
  0 0 0 0 0 0 0 0 0 15 15 15 15 15 15 15 0 0 0 0 0 0 0 0 0 15 15 15 15 15 15 15
  0 0 0 0 0 0 0 0 0 15 15 15 15 15 15 15 0 0 0 0 0 0 0 0 0 15 15 15 15 15 15 15
  0 0 0 0 0 0 0 0 0 15 15 15 15 15 15 15 0 0 0 0 0 0 0 0 0 15 15 15 15 15 15 15
  0 0 0 0 0 0 0 0 0 15 15 15 15 15 15 15 0 0 0 0 0 0 0 0 0 15 15 15 15 15 15 15
  0 0 0 0 0 0 0 0 0 15 15 15 15 15 15 15 0 0 0 0 0 0 0 0 0 15 15 15 15 15 15 15
  0 0 0 0 0 0 0 0 0 15 15 15 15 15 15 15 0 0 0 0 0 0 0 0 0 15 15 15 15 15 15 15
  0 0 0 0 0 0 0 0 0 15 15 15 15 15 15 15 15 15 15 0 0 0 0 0 0 15 15 15 15 15 15
  15 15 15 0 0 0 0 0 0 0 15 15 15 15 15 15 15 15 0 0 0 0 0 0 0 0 15 15 15 15 15
  15 15 0 0 0 0 0 0 0 0 0 15 15 15 15 15 15 15 0 0 0 0 0 0 0 0 0 15 15 15 15 15
  15 15 0 0 0 0 0 0 0 0 0 15 15 15 15 15 15 15 0 0 0 0 0 0 0 0 0 15 15 15 15 15
  15 15 0 0 0 0 0 0 0 0 0 15 15 15 15 15 15 15 0 0 0 0 0 0 0 0 0 15 15 15 15 15
  15 15 0 0 0 0 0 0 0 0 0 15 15 15 15 15 15 15 0 0 0 0 0 0 0 0 0 15 15 15 15 15
  15 15 0 0 0 0 0 0 0 0 0 15 15 15 15 15 15 15 0 0 0 0 0 0 0 0 0 15 15 15 15 15
  15 15 0 0 0 0 0 0 0 0 0 15 15 15 15 15 15 15 0 0 0 0 0 0 0 0 0 15 15 15 15 15
  15 15 0 0 0 0 0 0 0 0 0) 