
#(0 0 0 0 0 0 0 0 0 0 1 1 1 1 1 1 0 0 0 0 0 0 0 0 0 0 1 1 1 1 1 1 0 0 0 0 0 0 0
  0 0 0 1 1 1 1 1 1 0 0 0 0 0 0 0 0 0 0 1 1 1 1 1 1 0 0 0 0 0 0 0 0 0 0 1 1 1 1
  1 1 0 0 0 0 0 0 0 0 0 0 1 1 1 1 1 1 0 0 0 0 0 0 0 0 0 0 1 1 1 1 1 1 0 0 0 0 0
  0 0 0 0 0 1 1 1 1 1 1 0 0 0 0 0 0 0 0 0 0 1 1 1 1 1 1 0 0 0 0 0 0 0 0 0 0 1 1
  1 1 1 1 0 0 0 0 0 0 0 0 0 0 1 1 1 1 1 1 0 0 0 0 0 0 0 0 0 0 1 1 1 1 1 1 0 0 0
  0 0 0 0 0 0 0 1 1 1 1 1 1 0 0 0 0 0 0 0 0 0 0 1 1 1 1 1 1 0 0 0 0 0 0 0 0 0 0
  1 1 1 1 1 1 0 0 0 0 0 0 0 0 0 0 1 1 1 1 1 1 0 0 0 0 0 0 0 0 0 1 1 1 1 1 1 1 0
  0 0 0 0 0 0 0 0 1 1 1 1 1 1 1 0 0 0 0 0 0 0 0 0 73 1 1 1 1 1 1 0 0 0 0 0 0 0
  0 0 73 1 1 1 1 1 1 0 0 0 0 0 0 0 0 0 1 1 1 1 1 1 1 0 0 0 0 0 0 0 0 0 1 1 1 1
  1 1 1 0 0 0 0 0 0 0 0 0 1 1 1 1 1 1 1 0 0 0 0 0 0 0 0 0 1 1 1 1 1 1 1 0 0 0 0
  0 0 0 0 0 1 1 1 1 1 1 1 0 0 0 0 0 0 0 0 0 1 1 1 1 1 1 1 0 0 0 0 0 0 0 0 0 1 1
  1 1 1 1 1 0 0 0 0 0 0 0 0 0 1 1 1 1 1 1 1 0 0 0 0 0 0 0 0 0 1 1 1 1 1 1 1 0 0
  0 0 0 0 0 0 0 1 1 1 1 1 1 1 0 0 0 0 0 0 0 0 0 1 1 1 1 1 1 1 0 0 0 0 0 0 0 0 0
  1 1 1 1 1 13 13 0 0 0 0 0 0 0 0 1 1 1 1 1 1 1 1 0 0 0 0 0 0 0 0 1 1 1 1 1 1 1
  1 0 0 0 0 0 0 0 0 1 1 1 1 1 1 1 1 0 0 0 0 0 0 0 0 1 1 1 1 1 1 1 1 0 0 0 0 0 0
  0 0 1 1 1 1 1 1 1 1 0 0 0 0 0 0 0 0 1 1 1 1 1 1 1 1 0 0 0 0 0 0 0 0 1 1 1 1 1
  1 1 1 0 0 0 0 0 0 0 0 1 1 1 1 1 1 1 1 0 0 0 0 0 0 0 0 1 1 1 1 1 1 1 1 0 0 0 0
  0 0 0 0 1 1 1 1 1 1 1 1 0 0 0 0 0 0 0 0 1 1 1 1 1 1 1 1 0 0 0 0 0 0 0 0 1 1 1
  1 1 1 1 1 0 0 0 0 0 0 0 0 1 1 1 1 1 1 1 1 0 0 0 0 0 0 0 0 1 1 1 1 1 1 1 1 0 0
  0 0 0 0 0 0 1 1 1 1 1 1 1 1 0 0 0 0 0 0 0 0 1 1 1 1 1 1 13 13 0 0 0 0 0 0 0 0
  1 1 1 1 1 1 1 1 0 0 0 0 0 0 0 1 1 1 1 1 1 1 1 1 0 0 0 0 0 0 0 1 1 1 1 1 1 1 1
  1 0 0 0 0 0 0 0 1 1 1 1 1 1 1 1 1 0 0 0 0 0 0 0 1 1 1 1 1 1 1 1 1 0 0 0 0 0 0
  0 1 1 1 1 1 1 1 1 1 0 0 0 0 0 0 0 1 1 1 1 1 1 1 1 1 0 0 0 0 0 0 0 1 1 1 1 1 1
  1 1 1 0 0 0 0 0 0 0 1 1 1 1 1 1 1 1 1 0 0 0 0 0 0 0 1 1 1 1 1 1 1 1 1 0 0 0 0
  0 0 0 1 1 1 1 1 1 1 1 1 0 0 0 0 0 0 0 1 1 1 1 1 1 1 1 1 0 0 0 0 0 0 0 1 1 1 1
  1 1 1 1 1 0 0 0 0 0 0 0 1 1 1 1 1 1 1 1 1 0 0 0 0 0 0 0 1 1 1 1 1 1 1 1 1 0 0
  0 0 0 0 0 1 1 1 1 1 1 1 1 13 0 0 0 0 0 0 0 0 1 1 1 1 1 1 1 1 0 0 0 0 0 0 0 1
  1 1 1 1 1 1 1 1 0 0 0 0 0 0 0 1 1 1 1 1 1 1 1 1 0 0 0 0 0 0 0 1 1 1 1 1 1 1 1
  1 0 0 0 0 0 0 0 1 1 1 1 1 1 1 1 1 0 0 0 0 0 0 0 1 1 1 1 1 1 1 1 1 0 0 0 0 0 0
  0 1 1 1 1 1 1 1 1 1 0 0 0 0 0 0 0 1 1 1 1 1 1 1 1 1 0 0 0 0 0 0 0 1 1 1 1 1 1
  1 1 1 0 0 0 0 0 0 0 1 1 1 1 1 1 1 1 1 0 0 0 0 0 0 0 1 1 1 1 1 1 1 1 1 0 0 0 0
  0 0 0 1 1 1 1 1 1 1 1 1 0 0 0 0 0 0 0 1 1 1 1 1 1 1 1 1 0 0 0 0 0 0 0 1 1 1 1
  1 1 1 1 1 0 0 0 0 0 0 0 1 1 1 1 1 1 1 1 1 0 0 0 0 0 0 3 1 1 1 1 1 1 1 1 1 0 0
  0 0 0 0 0 0 0 1 1 1 1 1 1 1 0 0 0 0 0 0 0 0 1 1 1 1 1 1 1 1 0 0 0 0 0 0 0 1 1
  1 1 1 1 1 1 1 0 0 0 0 0 0 0 1 1 1 1 1 1 1 1 1 0 0 0 0 0 0 0 1 1 1 1 1 1 1 1 1
  0 0 0 0 0 0 0 1 1 1 1 1 1 1 1 1 0 0 0 0 0 0 0 1 1 1 1 1 1 1 1 1 0 0 0 0 0 0 0
  1 1 1 1 1 1 1 1 1 0 0 0 0 0 0 0 1 1 1 1 1 1 1 1 1 0 0 0 0 0 0 0 1 1 1 1 1 1 1
  1 1 0 0 0 0 0 0 0 1 1 1 1 1 1 1 1 1 0 0 0 0 0 0 0 1 1 1 1 1 1 1 1 1 0 0 0 0 0
  0 0 1 1 1 1 1 1 1 1 1 0 0 0 0 0 0 0 1 1 1 1 1 1 16 1 1 0 0 0 0 0 0 0 1 1 1 1
  1 1 16 16 1 0 0 0 0 0 0 2 1 1 1 1 1 1 1 1 1 0 0 0 0 0 0 0 0 0 0 1 1 1 1 1 1 0
  0 0 0 0 0 0 0 0 1 1 1 1 1 1 1 0 0 0 0 0 0 0 0 1 1 1 1 1 1 1 1 0 0 0 0 0 0 0 1
  1 1 1 1 1 1 1 1 0 0 0 0 0 0 0 1 1 1 1 1 1 1 1 1 0 0 0 0 0 0 0 1 1 1 1 1 1 1 1
  1 0 0 0 0 0 0 0 1 1 1 1 1 1 1 1 1 0 0 0 0 0 0 0 1 1 1 1 1 1 1 1 1 0 0 0 0 0 0
  0 1 1 1 1 1 1 1 1 1 0 0 0 0 0 0 0 1 1 1 1 1 1 1 1 1 0 0 0 0 0 0 0 1 1 1 1 1 1
  1 1 1 0 0 0 0 0 0 0 1 1 1 1 1 1 1 1 1 0 0 0 0 0 0 0 1 1 1 1 1 16 16 1 1 0 0 0
  0 0 0 0 1 1 1 1 1 16 16 16 1 0 0 0 0 0 0 0 1 1 1 1 1 16 16 16 1 0 0 0 0 0 0 0
  1 1 1 1 1 1 1 1 1 0 0 0 0 0 0 0 0 0 0 0 1 1 1 1 1 0 0 0 0 0 0 0 0 0 0 1 1 1 1
  1 1 0 0 0 0 0 0 0 0 0 1 1 1 1 1 1 1 0 0 0 0 0 0 0 0 1 1 1 1 1 1 1 1 0 0 0 0 0
  0 0 1 1 1 1 1 1 1 1 1 0 0 0 0 0 0 0 1 1 1 1 1 1 1 1 1 0 0 0 0 0 0 0 1 1 1 1 1
  1 1 1 1 0 0 0 0 0 0 0 1 1 1 1 1 1 1 1 1 0 0 0 0 0 0 0 1 1 1 1 1 1 1 1 1 0 0 0
  0 0 0 0 1 1 1 1 1 1 1 1 1 0 0 0 0 0 0 0 1 1 1 1 1 1 1 1 1 0 0 0 0 0 0 0 1 1 1
  1 16 16 1 1 1 0 0 0 0 0 0 0 1 1 1 1 16 16 16 1 1 0 0 0 0 0 0 0 1 1 1 1 1 16
  16 16 1 0 0 0 0 0 0 0 1 1 1 1 1 1 16 1 1 0 0 0 0 0 0 0 1 1 1 1 1 1 1 1 1 0 0
  0 0 0 0 0 0 0 0 0 1 1 1 1 1 0 0 0 0 0 0 0 0 0 0 1 1 1 1 1 1 0 0 0 0 0 0 0 0 0
  1 1 1 1 1 1 1 0 0 0 0 0 0 0 0 1 1 1 1 1 1 1 1 0 0 0 0 0 0 0 1 1 1 1 1 1 1 1 1
  0 0 0 0 0 0 0 1 1 1 1 1 1 1 1 1 0 0 0 0 0 0 0 1 1 1 1 1 1 1 1 1 0 0 0 0 0 0 0
  1 1 1 1 1 1 1 1 1 0 0 0 0 0 0 0 1 1 1 1 1 1 1 1 1 0 0 0 0 0 0 0 1 1 1 1 1 1 1
  1 1 0 0 0 0 0 0 0 1 1 1 1 1 1 1 1 1 0 0 0 0 0 0 0 1 1 1 1 16 16 1 1 1 0 0 0 0
  0 0 0 1 1 1 1 1 16 1 1 1 0 0 0 0 0 0 0 1 1 1 1 1 1 1 1 1 0 0 0 0 0 0 0 1 1 1
  1 1 1 1 1 1 0 0 0 0 0 0 0 1 1 1 1 1 1 1 1 1 0 0 0 0 0 0 0 0 0 0 1 1 1 1 1 1 0
  0 0 0 0 0 0 0 0 1 1 1 1 1 1 1 0 0 0 0 0 0 0 0 1 1 1 1 1 1 1 1 0 0 0 0 0 0 0 1
  1 1 1 1 1 1 1 1 0 0 0 0 0 0 0 1 1 1 1 1 1 1 1 1 0 0 0 0 0 0 0 1 1 1 1 1 1 1 1
  1 0 0 0 0 0 0 0 1 1 1 1 1 1 1 1 1 0 0 0 0 0 0 0 13 13 1 1 1 1 1 1 1 0 0 0 0 0
  0 0 13 13 13 1 1 1 1 1 1 0 0 0 0 0 0 0 13 13 13 13 1 1 1 1 1 0 0 0 0 0 0 0 13
  13 13 1 1 1 1 1 1 0 0 0 0 0 0 0 1 1 1 1 1 1 1 1 1 0 0 0 0 0 0 0 1 1 1 1 1 1 1
  1 1 0 0 0 0 0 0 0 1 1 1 1 1 1 1 1 1 0 0 0 0 0 0 0 1 1 1 1 1 1 1 1 1 0 0 0 0 0
  0 0 1 1 1 1 1 1 1 1 1 0 0 0 0 0 0 0 0 0 13 13 13 13 1 1 1 0 0 0 0 0 0 0 0 1
  13 13 1 1 1 1 1 0 0 0 0 0 0 0 1 1 1 1 1 1 1 1 1 0 0 0 0 0 0 0 1 13 13 13 13 1
  1 1 1 0 0 0 0 0 0 0 1 1 13 13 1 1 1 1 1 0 0 0 0 0 0 0 1 1 1 1 1 1 1 1 1 0 0 0
  0 0 0 0 1 1 1 1 1 1 1 1 1 0 0 0 0 0 0 0 13 13 13 1 1 1 1 1 1 0 0 0 0 0 0 0 13
  13 13 13 13 1 1 1 1 0 0 0 0 0 0 0 13 13 13 13 13 1 1 1 1 0 0 0 0 0 0 0 13 13
  13 13 13 1 1 1 1 0 0 0 0 0 0 0 1 1 1 1 1 1 1 1 1 0 0 0 0 0 0 0 1 1 1 1 1 1 1
  1 1 0 0 0 0 0 0 0 1 1 1 1 1 1 1 1 1 0 0 0 0 0 0 0 1 1 1 1 1 1 1 1 1 0 0 0 0 0
  0 0 1 1 1 1 1 1 1 1 1 0 0 0 0 0 0 0 0 0 13 13 13 13 1 1 1 0 0 0 0 0 0 0 0 13
  13 13 13 1 1 1 1 0 0 0 0 0 0 0 13 13 13 13 13 13 1 1 1 0 0 0 0 0 0 0 13 13 13
  13 13 13 1 1 1 0 0 0 0 0 0 0 13 13 13 13 13 13 1 1 1 0 0 0 0 0 0 0 13 13 13 1
  1 1 1 15 15 0 0 0 0 0 0 0 1 1 1 1 1 1 1 15 15 0 0 0 0 0 0 0 13 13 13 1 1 1 1
  1 1 0 0 0 0 0 0 0 13 13 13 13 13 1 1 1 1 0 0 0 0 0 0 0 13 13 13 13 13 1 1 1 1
  0 0 0 0 0 0 0 13 13 13 13 13 1 1 1 1 0 0 0 0 0 0 0 13 1 1 1 1 1 1 1 1 0 0 0 0
  0 0 0 1 1 1 1 1 1 1 1 1 0 0 0 0 0 0 0 1 1 1 1 1 1 1 1 1 0 0 0 0 0 0 0 1 1 1 1
  1 1 1 1 1 0 0 0 0 0 0 0 1 1 1 1 1 1 1 1 1 0 0 0 0 0 0 0 0 0 0 13 13 13 1 1 1
  0 0 0 0 0 0 0 0 0 13 13 1 1 1 1 1 0 0 0 0 0 0 0 0 13 13 13 13 13 1 1 1 0 0 0
  0 0 0 0 13 13 13 13 13 13 1 1 1 0 0 0 0 0 0 0 13 13 13 13 13 13 1 1 1 0 0 0 0
  0 0 0 13 13 13 13 1 1 1 15 15 0 0 0 0 0 0 0 1 1 1 1 1 1 1 15 15 0 0 0 0 0 0 0
  13 13 1 1 1 1 1 1 1 0 0 0 0 0 0 0 13 13 13 1 1 1 1 1 1 0 0 0 0 0 0 0 13 13 13
  13 1 1 1 1 1 0 0 0 0 0 0 0 13 13 13 1 1 1 1 1 1 0 0 0 0 0 0 0 1 1 1 1 1 1 1 1
  1 0 0 0 0 0 0 0 1 1 1 1 1 1 1 1 1 0 0 0 0 0 0 0 1 1 1 1 1 1 1 1 1 0 0 0 0 0 0
  0 1 1 1 1 1 1 1 1 1 0 0 0 0 0 0 0 1 1 1 1 1 1 1 1 1 0 0 0 0 0 0 0 0 0 0 13 13
  1 1 1 1 0 0 0 0 0 0 0 0 0 0 1 1 1 1 1 1 0 0 0 0 0 0 0 0 0 13 13 13 1 1 1 1 0
  0 0 0 0 0 0 0 13 13 13 13 1 1 1 1 0 0 0 0 0 0 0 13 13 13 13 13 1 1 1 1 0 0 0
  0 0 0 0 13 13 13 1 1 1 1 1 1 0 0 0 0 0 0 0 1 1 1 1 1 1 1 1 1 0 0 0 0 0 0 0 1
  1 1 1 1 1 1 1 1 0 0 0 0 0 0 0 1 1 1 1 1 1 1 1 1 0 0 0 0 0 0 0 1 1 1 1 1 1 1 1
  1 0 0 0 0 0 0 0 1 1 1 1 1 1 1 1 1 0 0 0 0 0 0 0 1 1 1 1 1 1 1 1 1 0 0 0 0 0 0
  0 1 1 1 1 1 1 1 1 1 0 0 0 0 0 0 0 1 1 1 1 1 1 1 1 1 0 0 0 0 0 0 0 1 1 1 1 1 1
  1 1 1 0 0 0 0 0 0 0 1 1 1 1 1 1 1 1 1 0 0 0 0 0 0 0 0 0 0 1 1 1 1 1 1 0 0 0 0
  0 0 0 0 0 0 1 1 1 1 1 1 0 0 0 0 0 0 0 0 0 0 1 1 1 1 1 1 0 0 0 0 0 0 0 0 0 1 1
  1 1 1 1 1 0 0 0 0 0 0 0 0 1 1 1 1 1 1 1 1 0 0 0 0 0 0 0 1 1 1 1 1 1 1 1 1 0 0
  0 0 0 0 0 1 1 1 1 1 1 1 1 1 0 0 0 0 0 0 0 1 1 1 1 1 1 1 1 1 0 0 0 0 0 0 0 1 1
  1 1 1 1 1 1 1 0 0 0 0 0 0 0 1 1 1 1 1 1 1 1 1 0 0 0 0 0 0 0 1 1 1 1 1 1 1 1 1
  0 0 0 0 0 0 0 1 1 1 1 1 1 1 1 1 0 0 0 0 0 0 0 1 1 1 1 1 1 1 1 1 0 0 0 0 0 0 0
  1 1 1 1 1 1 1 1 1 0 0 0 0 0 0 0 1 1 1 1 1 1 1 1 1 0 0 0 0 0 0 0 1 1 1 1 1 1 1
  1 1 0 0 0 0 0 0 0 0 0 0 1 1 1 1 1 1 0 0 0 0 0 0 0 0 0 0 1 1 1 1 1 1 0 0 0 0 0
  0 0 0 0 0 1 1 1 1 1 1 0 0 0 0 0 0 0 0 0 0 1 1 1 1 1 15 0 0 0 0 0 0 0 0 0 1 1
  1 1 1 1 1 0 0 0 0 0 0 0 0 1 1 1 1 1 1 1 1 0 0 0 0 0 0 0 1 1 1 1 1 1 1 1 1 0 0
  0 0 0 0 0 1 1 1 1 1 1 1 1 1 0 0 0 0 0 0 0 1 1 1 1 1 1 1 1 1 0 0 0 0 0 0 0 1 1
  1 1 1 1 1 1 1 0 0 0 0 0 0 0 1 1 1 1 1 1 1 1 1 0 0 0 0 0 0 0 1 1 1 1 1 1 1 1 1
  0 0 0 0 0 0 0 1 1 1 1 1 1 1 1 1 0 0 0 0 0 0 0 1 1 1 1 1 1 1 1 1 0 0 0 0 0 0 0
  1 1 1 1 1 1 1 1 1 0 0 0 0 0 0 1 1 1 1 1 3 3 1 1 1) 
#(0 0 0 0 0 0 0 0 0 0 0 0 0 0 0 0 0 0 0 0 0 0 0 0 0 0 0 0 0 0 0 0 0 0 0 0 0 0 0
  0 0 0 0 0 0 0 0 0 0 0 0 0 0 0 0 0 0 0 0 0 0 0 0 0 0 0 0 0 0 0 0 0 0 0 0 0 0 0
  0 0 0 0 0 0 0 0 0 0 0 0 0 0 0 0 0 0 0 0 0 0 0 0 0 0 0 0 0 0 0 0 0 0 0 0 0 0 0
  0 0 0 0 0 0 0 0 0 0 0 0 0 0 0 0 0 0 0 0 0 0 0 0 0 0 0 0 0 0 0 0 0 0 0 0 0 0 0
  0 0 0 0 0 0 0 0 0 0 0 0 0 0 0 0 0 0 0 0 0 0 0 0 0 0 0 0 0 0 0 0 0 0 0 0 0 0 0
  0 0 0 0 0 0 0 0 0 0 0 0 0 0 0 0 0 0 0 0 0 0 0 0 0 0 0 0 0 0 0 0 0 0 0 0 0 0 0
  0 0 0 0 0 0 0 0 0 0 0 0 0 0 0 0 0 0 0 0 0 0 0 0 0 0 0 0 0 0 0 0 0 0 0 0 0 0 0
  0 0 0 0 0 0 0 0 0 0 0 0 0 0 0 0 0 0 0 0 0 0 0 0 0 0 0 0 0 0 0 0 0 0 0 0 0 0 0
  0 0 0 0 0 0 0 0 0 0 0 0 0 0 0 0 0 0 0 0 0 0 0 0 0 0 0 0 0 0 0 0 0 0 0 0 0 0 0
  0 0 0 0 0 0 0 0 0 0 0 0 0 0 0 0 0 0 0 0 0 0 0 0 0 0 0 0 0 0 0 0 0 0 0 0 0 0 0
  0 0 0 0 0 0 0 0 0 0 0 0 0 0 0 0 0 0 0 0 0 0 0 0 0 0 0 0 0 0 0 0 0 0 0 0 0 0 0
  0 0 0 0 0 0 0 0 0 0 0 0 0 0 0 0 0 0 0 0 0 0 0 0 0 0 0 0 0 0 0 0 0 0 0 0 0 0 0
  0 0 0 0 0 0 0 0 0 0 0 0 0 0 0 0 0 0 0 0 0 0 0 0 0 0 0 0 0 0 0 0 0 0 0 0 0 0 0
  0 0 0 0 0 0 0 0 0 0 0 0 0 0 0 0 0 0 0 0 0 0 0 0 0 0 0 0 0 0 0 0 0 0 0 0 0 0 0
  0 0 0 0 0 0 0 0 0 0 0 0 0 0 0 0 0 0 0 0 0 0 0 0 0 0 0 0 0 0 0 0 0 0 0 0 0 0 0
  0 0 0 0 0 0 0 0 0 0 0 0 0 0 0 0 0 0 0 0 0 0 0 0 0 0 0 0 0 0 0 0 0 0 0 0 0 0 0
  0 0 0 0 0 0 0 0 0 0 0 0 0 0 0 0 0 0 0 0 0 0 0 0 0 0 0 0 0 0 0 0 0 0 0 0 0 0 0
  0 0 0 0 0 0 0 0 0 0 0 0 0 0 0 0 0 0 0 0 0 0 0 0 0 0 0 0 0 0 0 0 0 0 0 0 0 0 0
  0 0 0 0 0 0 0 0 0 0 0 0 0 0 0 0 0 0 0 0 0 0 0 0 0 0 0 0 0 0 0 0 0 0 0 0 0 0 0
  0 0 0 0 0 0 0 0 0 0 0 0 0 0 0 0 0 0 0 0 0 0 0 0 0 0 0 0 0 0 0 0 0 0 0 0 0 0 0
  0 0 0 0 0 0 0 0 0 0 0 0 0 0 0 0 0 0 0 0 0 0 0 0 0 0 0 0 0 0 0 0 0 0 0 0 0 0 0
  0 0 0 0 0 0 0 0 0 0 0 0 0 0 0 0 0 0 0 0 0 0 0 0 0 0 0 0 0 0 0 0 0 0 0 0 0 0 0
  0 0 0 0 0 0 0 0 0 0 0 0 0 0 0 0 0 0 0 0 0 0 0 0 0 0 0 0 0 0 0 0 0 0 0 0 0 0 0
  0 0 0 0 0 0 0 0 0 0 0 0 0 0 0 0 0 0 0 0 0 0 0 0 0 0 0 0 0 0 0 0 0 0 0 0 0 0 0
  0 0 0 0 0 0 0 0 0 0 0 0 0 0 0 0 0 0 0 0 0 0 0 0 0 0 0 0 0 0 0 0 0 0 0 0 0 0 0
  0 0 0 0 0 0 0 0 0 0 0 0 0 0 0 0 0 0 0 0 0 0 0 0 0 0 0 0 0 0 0 0 0 0 0 0 0 0 0
  0 0 0 0 0 0 0 0 0 0 0 0 0 0 0 0 0 0 0 0 0 0 0 0 0 0 0 0 0 0 0 0 0 0 0 0 0 0 0
  0 0 0 0 0 0 0 0 0 0 0 0 0 0 0 0 0 0 0 0 0 0 0 0 0 0 0 0 0 0 0 0 0 0 0 0 0 0 0
  0 0 0 0 0 0 0 0 0 0 0 0 0 0 0 0 0 0 0 0 0 0 0 0 0 0 0 0 0 0 0 0 0 0 0 0 0 0 0
  0 0 0 0 0 0 0 0 0 0 0 0 0 0 0 0 0 0 0 0 0 0 0 0 0 0 0 0 0 0 0 0 0 0 0 0 0 0 0
  0 0 0 0 0 0 0 0 0 0 0 0 0 0 0 0 0 0 0 0 0 0 0 0 0 0 0 0 0 0 0 0 0 0 0 0 0 0 0
  0 0 0 0 0 0 0 0 0 0 0 0 0 0 0 0 0 0 0 0 0 0 0 0 0 0 0 0 0 0 0 0 0 0 0 0 0 0 0
  0 0 0 0 0 0 0 0 0 0 0 0 0 0 0 0 0 0 0 0 0 0 0 0 0 0 0 0 0 0 0 0 0 0 0 0 0 0 0
  0 0 0 0 0 0 0 0 0 0 0 0 0 0 0 0 0 0 0 0 0 0 0 0 0 0 0 0 0 0 0 0 0 0 0 0 0 0 0
  0 0 0 0 0 0 0 0 0 0 0 0 0 0 0 0 0 0 0 0 0 0 0 0 0 0 0 0 0 0 0 0 0 0 0 0 0 0 0
  0 0 0 0 0 0 0 0 0 0 0 0 0 0 0 0 0 0 0 0 0 0 0 0 0 0 0 0 0 0 0 0 0 0 0 0 0 0 0
  0 0 0 0 0 0 0 0 0 0 0 0 0 0 0 0 0 0 0 0 0 0 0 0 0 0 0 0 0 0 0 0 0 0 0 0 0 0 0
  0 0 0 0 0 0 0 0 0 0 0 0 0 0 0 0 0 0 0 0 0 0 0 0 0 0 0 0 0 0 0 0 0 0 0 0 0 0 0
  0 0 0 0 0 0 0 0 0 0 0 0 0 0 0 0 0 0 0 0 0 0 0 0 0 0 0 0 0 0 0 0 0 0 0 0 0 0 0
  0 0 0 0 0 0 0 0 0 0 0 0 0 0 0 0 0 0 0 0 0 0 0 0 0 0 0 0 0 0 0 0 0 0 0 0 0 0 0
  0 0 0 0 0 0 0 0 0 0 0 0 0 0 0 0 0 0 0 0 0 0 0 0 0 0 0 0 0 0 0 0 0 0 0 0 0 0 0
  0 0 0 0 0 0 0 0 0 0 0 0 0 0 0 0 0 0 0 0 0 0 0 0 0 0 0 0 0 0 0 0 0 0 0 0 0 0 0
  0 0 0 0 0 0 0 0 0 0 0 0 0 0 0 0 0 0 0 0 0 0 0 0 0 0 0 0 0 0 0 0 0 0 0 0 0 0 0
  0 0 0 0 0 0 0 0 0 0 0 0 0 0 0 0 0 0 0 0 0 0 0 0 0 0 0 0 0 0 0 0 0 0 0 0 0 0 0
  0 0 0 0 0 0 0 0 0 0 0 0 0 0 0 0 0 0 0 0 0 0 0 0 0 0 0 0 0 0 0 0 0 0 0 0 0 0 0
  0 0 0 0 0 0 0 0 0 0 0 0 0 0 0 0 0 0 0 0 0 0 0 0 0 0 0 0 0 0 0 0 0 0 0 0 0 0 0
  0 0 0 0 0 0 0 0 0 0 0 0 0 0 0 0 0 0 0 0 0 0 0 0 0 0 0 0 0 0 0 0 0 0 0 0 0 0 0
  0 0 0 0 0 0 0 0 0 0 0 0 0 0 0 0 0 0 0 0 0 0 0 0 0 0 0 0 0 0 0 0 0 0 0 0 0 0 0
  0 0 0 0 0 0 0 0 0 0 0 0 0 0 0 0 0 0 0 0 0 0 0 0 0 0 0 0 0 0 0 0 0 0 0 0 0 0 0
  0 0 0 0 0 0 0 0 0 0 0 0 0 0 0 0 0 0 0 0 0 0 0 0 0 0 0 0 0 0 0 0 0 0 0 0 0 0 0
  0 0 0 0 0 0 0 0 0 0 0 0 0 0 0 0 0 0 0 0 0 0 0 0 0 0 0 0 0 0 0 0 0 0 0 0 0 0 0
  0 0 0 0 0 0 0 0 0 0 0 0 0 0 0 0 0 0 0 0 0 0 0 0 0 0 0 0 0 0 0 0 0 0 0 0 0 0 0
  0 0 0 0 0 0 0 0 0 0 0 0 0 0 0 0 0 0 0 0 0 0 0 0 0 0 0 0 0 0 0 0 0 0 0 0 0 0 0
  0 0 0 0 0 0 0 0 0 0 0 0 0 0 0 0 0 0 0 0 0 0 0 0 0 0 0 0 0 0 0 0 0 0 0 0 0 0 0
  0 0 0 0 0 0 0 0 0 0 0 0 0 0 0 0 0 0 0 0 0 0 0 0 0 0 0 0 0 0 0 0 0 0 0 0 0 0 0
  0 0 0 0 0 0 0 0 0 0 0 0 0 0 0 0 0 0 0 0 0 0 0 0 0 0 0 0 0 0 0 0 0 0 0 0 0 0 0
  0 0 0 0 0 0 0 0 0 0 0 0 0 0 0 0 0 0 0 0 0 0 0 0 0 0 0 0 0 0 0 0 0 0 0 0 0 0 0
  0 0 0 0 0 0 0 0 0 0 0 0 0 0 0 0 0 0 0 0 0 0 0 0 0 0 0 0 0 0 0 0 0 0 0 0 0 0 0
  0 0 0 0 0 0 0 0 0 0 0 0 0 0 0 0 0 0 0 0 0 0 0 0 0 0 0 0 0 0 0 0 0 0 0 0 0 0 0
  0 0 0 0 0 0 0 0 0 0 0 0 0 0 0 0 0 0 0 0 0 0 0 0 0 0 0 0 0 0 0 0 0 0 0 0 0 0 0
  0 0 0 0 0 0 0 0 0 0 0 0 0 0 0 0 0 0 0 0 0 0 0 0 0 0 0 0 0 0 0 0 0 0 0 0 0 0 0
  0 0 0 0 0 0 0 0 0 0 0 0 0 0 0 0 0 0 0 0 0 0 0 0 0 0 0 0 0 0 0 0 0 0 0 0 0 0 0
  0 0 0 0 0 0 0 0 0 0 0 0 0 0 0 0 0 0 0 0 0 0 0 0 0 0 0 0 0 0 0 0 0 0 0 0 0 0 0
  0 0 0 0 0 0 0 0 0 0 0 0 0 0 0 0 0 0 0 0 0 0 0 0 0 0 0 0 0 0 0 0 0 0 0 0 0 0 0
  0 0 0 0 0 0 0 0 0 0 0 0 0 0 0 0 0 0 0 0 0 0 0 0 0 0 0 0 0 0 0 0 0 0 0 0 0 0 0
  0 0 0 0 0 0 0 0 0 0 0 0 0 0 0 0 0 0 0 0 0 0 0 0 0 0 0 0 0 0 0 0 0 0 0 0 0 0 0
  0 0 0 0 0 0 0 0 0 0 0 0 0 0 0 0 0 0 0 0 0 0 0 0 0 0 0 0 0 0 0 0 0 0 0 0 0 0 0
  0 0 0 0 0 0 0 0 0 0 0 0 0 0 0 0 0 0 0 0 0 0 0 0 0 0 0 0 0 0 0 0 0 0 0 0 0 0 0
  0 0 0 0 0 0 0 0 0 0 0 0 0 0 0 0 0 0 0 0 0 0 0 0 0 0 0 0 0 0 0 0 0 0 0 0 0 0 0
  0 0 0 0 0 0 0 0 0 0 0 0 0 0 0 0 0 0 0 0 0 0 0 0 0 0 0 0 0 0 0 0 0 0 0 0 0 0 0
  0 0 0 0 0 0 0 0 0 0 0 0 0 0 0 0 0 0 0 0 0 0 0 0 0 0 0 0 0 0 0 0 0 0 0 0 0 0 0
  0 0 0 0 0 0 0 0 0 0 0 0 0 0 0 0 0 0 0 0 0 0 0 0 0 0 0 0 0 0 0 0 0 0 0 0 0 0 0
  0 0 0 0 0 0 0 0 0 0 0 0 0 0 0 0 0 0 0 0 0 0 0 0 0 0 0 0 0 0 0 0 0 0 0 0 0 0 0
  0 0 0 0 0 0 0 0 0 0 0 0 0 0 0 0 0 0 0 0 0 0 0 0 0 0 0 0 0 0 0 0 0 0 0 0 0 0 0
  0 0 0 0 0 0 0 0 0 0 0 0 0 0 0 0 0 0 0 0 0 0 0 0 0 0 0 0 0 0 0 0 0 0 0 0 0 0 0
  0 0 0 0 0 0 0 0 0 0 0 0 0 0 0 0 0 0 0 0 0 0 0 0 0 0 0 0 0 0 0 0 0 0 0 0 0 0 0
  0 0 0 0 0 0 0 0 0 0 0 0 0 0 0 0 0 0 0 0 0 0 0 0 0 0 0 0 0 0 0 0 0 0 0 0 0 0 0
  0 0 0 0 0 0 0 0 0 0 0 0 0 0 0 0 0 0 0 0 0 0 0 0 0 0 0 0 0 0 0 0 0 0 0 0 0 0 0
  0 0 0 0 0 0 0 0 0 0 0 0 0 0 0 0 0 0 0 0 0 0 0 0 0 0 0 0 0 0 0 0 0 0 0 0 0 0 0
  0 0 0 0 0 0 0 0 0 0 0 0 0 0 0 0 0 0 0 0 0 0 0 0 0 0 0 0 0 0 0 0 0 0 0 0 0 0 0
  0 0 0 0 0 0 0 0 0 0 0 0 0 0 0 0 0 0 0 0 0 0 0 0 0 0 0 0 0 0 0 0 0 0 0 0 0 0 0
  0 0 0 0 0 0 0 0 0 0 0 0 0 0 0 0 0 0 0 0 0 0 0 0 0 0 0 0 0 0 0 0 0 0 0 0 0 0 0
  0 0 0 0 0 0 0 0 0 0 0 0 0 0 0 0 0 0 0 0 0 0 0 0 0 0 0 0 0 0 0 0 0 0 0 0 0 0 0
  0 0 0 0 0 0 0 0 0 0 0 0 0 0 0 0 0 0 0 0 0 0 0 0 0 0 0 0 0 0 0 0 0 0 0 0 0 0 0
  0 0 0 0 0 0 0 0 0 0 0 0 0 0 0 0 0 0 0 0 0 0 0 0 0 0 0 0 0 0 0 0 0 0 0 0 0 0 0
  0 0 0 0 0 0 0 0 0 0 0 0 0 0 0 0 0 0 0 0 0 0 0 0 0 0 0 0 0 0 0 0 0 0 0 0 0 0 0
  0 0 0 0 0 0 0 0 0 0 0 0 0 0 0 0 0 0 0 0 0 0 0 0 0 0 0 0 0 0 0 0 0 0 0 0 0 0 0
  0 0 0 0 0 0 0 0 0 0 0 0 0 0 0 0 0 0 0 0 0 0 0 0 0 0 0 0 0 0 0 0 0 0 0 0 0 0 0
  0 0 0 0 0 0 0 0 0 0 0 0 0 0 0 0 0 0 0 0 0 0 0 0 0 0 0 0 0 0 0 0 0 0 0 0 0 0 0
  0 0 0 0 0 0 0 0 0 0 0 0 0 0 0 0 0 0 0 0 0 0 0 0 0 0 0 0 0 0 0 0 0 0 0 0 0 0 0
  0 0 0 0 0 0 0 0 0 0 0 0 0 0 0 0 0 0 0 0 0 0 0 0 0 0 0 0 0 0 0 0 0 0 0 0 0 0 0
  0 0 0 0 0 0 0 0 0 0 0 0 0 0 0 0 0 0 0 0 0 0 0 0 0 0 0 0 0 0 0 0 0 0 0 0 0 0 0
  0 0 0 0 0 0 0 0 0 0 0 0 0 0 0 0 0 0 0 0 0 0 0 0 0 0 0 0 0 0 0 0 0 0 0 0 0 0 0
  0 0 0 0 0 0 0 0 0 0 0 0 0 0 0 0 0 0 0 0 0 0 0 0 0 0 0 0 0 0 0 0 0 0 0 0 0 0 0
  0 0 0 0 0 0 0 0 0 0 0 0 0 0 0 0 0 0 0 0 0 0 0 0 0 0 0 0 0 0 0 0 0 0 0 0 0 0 0
  0 0 0 0 0 0 0 0 0 0 0 0 0 0 0 0 0 0 0 0 0 0 0 0 0 0 0 0 0 0 0 0 0 0 0 0 0 0 0
  0 0 0 0 0 0 0 0 0 0 0 0 0 0 0 0 0 0 0 0 0 0 0 0 0 0 0 0 0 0 0 0 0 0 0 0 0 0 0
  0 0 0 0 0 0 0 0 0 0 0 0 0 0 0 0 0 0 0 0 0 0 0 0 0 0 0 0 0 0 0 0 0 0 0 0 0 0 0
  0 0 0 0 0 0 0 0 0 0 0 0 0 0 0 0 0 0 0 0 0 0 0 0 0 0 0 0 0 0 0 0 0 0 0 0 0 0 0
  0 0 0 0 0 0 0 0 0 0 0 0 0 0 0 0 0 0 0 0 0 0 0 0 0 0 0 0 0 0 0 0 0 0 0 0 0 0 0
  0 0 0 0 0 0 0 0 0 0 0 0 0 0 0 0 0 0 0 0 0 0 0 0 0 0 0 0 0 0 0 0 0 0 0 0 0 0 0
  0 0 0 0 0 0 0 0 0 0 0 0 0 0 0 0 0 0 0 0 0 0 0 0 0 0 0 0 0 0 0 0 0 0 0 0 0 0 0
  0 0 0 0 0 0 0 0 0 0 0 0 0 0 0 0 0 0 0 0 0 0 0 0 0 0 0 0 0 0 0 0 0 0 0 0 0 0 0
  0 0 0 0 0 0 0 0 0 0 0 0 0 0 0 0 0 0 0 0 0 0 0 0 0 0 0 0 0 0 0 0 0 0 0 0 0 0 0
  0 0 0 0 0 0 0 0 0 0 0 0 0 0 0 0 0 0 0 0 0 0 0 0 0 0 0 0 0 0 0 0 0 0 0 0 0 0 0
  0) 
#(15 15 15 15 15 15 15 15 14 13 0 0 0 0 0 0 15 15 15 15 15 15 15 14 13 12 0 0 0
  0 0 0 15 15 15 15 15 15 15 14 13 12 0 0 0 0 0 0 15 15 15 15 15 15 15 14 13 12
  0 0 0 0 0 0 15 15 15 15 15 15 15 14 13 12 0 0 0 0 0 0 15 15 15 15 15 15 14 13
  12 11 0 0 0 0 0 0 15 15 15 15 15 15 14 13 12 11 0 0 0 0 0 0 15 15 15 15 15 14
  13 12 11 10 0 0 0 0 0 0 15 15 15 15 14 13 12 11 10 9 0 0 0 0 0 0 15 15 15 15
  14 13 12 11 10 9 0 0 0 0 0 0 15 15 15 15 14 13 12 11 10 9 0 0 0 0 0 0 15 15
  15 15 14 13 12 11 10 9 0 0 0 0 0 0 15 15 15 14 13 12 11 10 9 8 0 0 0 0 0 0 15
  15 15 14 13 12 11 10 9 8 0 0 0 0 0 0 15 15 15 14 13 12 11 10 9 8 0 0 0 0 0 0
  15 15 15 14 13 12 11 10 9 8 0 0 0 0 0 0 15 15 15 15 15 15 15 15 14 0 0 0 0 0
  0 0 15 15 15 15 15 15 15 14 13 0 0 0 0 0 0 0 15 15 15 15 15 15 15 14 13 0 0 0
  0 0 0 0 15 15 15 15 15 15 15 14 13 0 0 0 0 0 0 0 15 15 15 15 15 15 15 14 13 0
  0 0 0 0 0 0 15 15 15 15 15 15 14 13 12 0 0 0 0 0 0 0 15 15 15 15 15 15 14 13
  12 0 0 0 0 0 0 0 15 15 15 15 15 14 13 12 11 0 0 0 0 0 0 0 15 15 15 15 14 13
  12 11 10 0 0 0 0 0 0 0 15 15 15 15 14 13 12 11 10 0 0 0 0 0 0 0 15 15 15 15
  14 13 12 11 10 0 0 0 0 0 0 0 15 15 15 15 14 13 12 11 10 0 0 0 0 0 0 0 15 15
  15 14 13 12 11 10 9 0 0 0 0 0 0 0 15 15 15 14 13 12 11 10 9 0 0 0 0 0 0 0 15
  15 15 14 13 12 11 10 9 0 0 0 0 0 0 0 15 15 15 14 13 12 11 10 9 0 0 0 0 0 0 0
  15 15 15 15 15 15 15 15 0 0 0 0 0 0 0 0 15 15 15 15 15 15 15 14 0 0 0 0 0 0 0
  0 15 15 15 15 15 15 15 14 0 0 0 0 0 0 0 0 15 15 15 15 15 15 15 14 0 0 0 0 0 0
  0 0 15 15 15 15 15 15 15 14 0 0 0 0 0 0 0 0 15 15 15 15 15 15 14 13 0 0 0 0 0
  0 0 0 15 15 15 15 15 15 14 13 0 0 0 0 0 0 0 0 15 15 15 15 15 14 13 12 0 0 0 0
  0 0 0 0 15 15 15 15 14 13 12 11 0 0 0 0 0 0 0 0 15 15 15 15 14 13 12 11 0 0 0
  0 0 0 0 0 15 15 15 15 14 13 12 11 0 0 0 0 0 0 0 0 15 15 15 15 14 13 12 11 0 0
  0 0 0 0 0 0 15 15 15 14 13 12 11 10 0 0 0 0 0 0 0 0 15 15 15 14 13 12 11 10 0
  0 0 0 0 0 0 0 15 15 15 14 13 12 11 10 0 0 0 0 0 0 0 0 15 15 15 14 13 12 11 10
  0 0 0 0 0 0 0 0 15 15 15 15 15 15 15 15 0 0 0 0 0 0 0 0 15 15 15 15 15 15 15
  0 0 0 0 0 0 0 0 0 15 15 15 15 15 15 15 0 0 0 0 0 0 0 0 0 15 15 15 15 15 15 15
  0 0 0 0 0 0 0 0 0 15 15 15 15 15 15 15 0 0 0 0 0 0 0 0 0 15 15 15 15 15 15 14
  0 0 0 0 0 0 0 0 0 15 15 15 15 15 15 14 0 0 0 0 0 0 0 0 0 15 15 15 15 15 14 13
  0 0 0 0 0 0 0 0 0 15 15 15 15 14 13 12 0 0 0 0 0 0 0 0 0 15 15 15 15 14 13 12
  0 0 0 0 0 0 0 0 0 15 15 15 15 14 13 12 0 0 0 0 0 0 0 0 0 15 15 15 15 14 13 12
  0 0 0 0 0 0 0 0 0 15 15 15 14 13 12 11 0 0 0 0 0 0 0 0 0 15 15 15 14 13 12 11
  0 0 0 0 0 0 0 0 0 15 15 15 14 13 12 11 0 0 0 0 0 0 0 0 0 15 15 15 14 13 12 11
  0 0 0 0 0 0 0 0 0 15 15 15 15 15 15 15 15 0 0 0 0 0 0 0 0 15 15 15 15 15 15
  15 0 0 0 0 0 0 0 0 0 15 15 15 15 15 15 15 0 0 0 0 0 0 0 0 0 15 15 15 15 15 15
  15 0 0 0 0 0 0 0 0 0 15 15 15 15 15 15 15 0 0 0 0 0 0 0 0 0 15 15 15 15 15 15
  14 0 0 0 0 0 0 0 0 0 15 15 15 15 15 15 14 0 0 0 0 0 0 0 0 0 15 15 15 15 15 14
  13 0 0 0 0 0 0 0 0 0 15 15 15 15 14 13 12 0 0 0 0 0 0 0 0 0 15 15 15 15 14 13
  12 0 0 0 0 0 0 0 0 0 15 15 15 15 14 13 12 0 0 0 0 0 0 0 0 0 15 15 15 15 14 13
  12 0 0 0 0 0 0 0 0 0 15 15 15 14 13 12 11 0 0 0 0 0 0 0 0 0 15 15 15 14 13 12
  11 0 0 0 0 0 0 0 0 0 15 15 15 14 13 12 11 0 0 0 0 0 0 0 0 0 15 15 15 14 13 12
  0 0 0 0 0 0 0 0 0 0 15 15 15 15 15 15 15 15 14 0 0 0 0 0 0 0 15 15 15 15 15
  15 15 15 0 0 0 0 0 0 0 0 15 15 15 15 15 15 15 0 0 0 0 0 0 0 0 0 15 15 15 15
  15 15 15 0 0 0 0 0 0 0 0 0 15 15 15 15 15 15 15 0 0 0 0 0 0 0 0 0 15 15 15 15
  15 15 14 0 0 0 0 0 0 0 0 0 15 15 15 15 15 15 14 0 0 0 0 0 0 0 0 0 15 15 15 15
  15 14 13 0 0 0 0 0 0 0 0 0 15 15 15 15 14 13 12 0 0 0 0 0 0 0 0 0 15 15 15 15
  14 13 12 0 0 0 0 0 0 0 0 0 15 15 15 15 14 13 12 0 0 0 0 0 0 0 0 0 15 15 15 15
  14 13 12 0 0 0 0 0 0 0 0 0 15 15 15 14 13 12 11 0 0 0 0 0 0 0 0 0 15 15 15 14
  13 12 11 0 0 0 0 0 0 0 0 0 15 15 15 14 13 12 11 0 0 0 0 0 0 0 0 0 15 15 15 14
  13 12 0 0 0 0 0 0 0 0 0 0 15 15 15 15 15 15 15 15 14 13 0 0 0 0 0 0 15 15 15
  15 15 15 15 15 14 0 0 0 0 0 0 0 15 15 15 15 15 15 15 14 0 0 0 0 0 0 0 0 15 15
  15 15 15 15 15 0 0 0 0 0 0 0 0 0 15 15 15 15 15 15 15 0 0 0 0 0 0 0 0 0 15 15
  15 15 15 15 14 0 0 0 0 0 0 0 0 0 15 15 15 15 15 15 14 0 0 0 0 0 0 0 0 0 15 15
  15 15 15 14 13 0 0 0 0 0 0 0 0 0 15 15 15 15 14 13 12 0 0 0 0 0 0 0 0 0 15 15
  15 15 14 13 12 0 0 0 0 0 0 0 0 0 15 15 15 15 14 13 12 0 0 0 0 0 0 0 0 0 15 15
  15 15 14 13 12 0 0 0 0 0 0 0 0 0 15 15 15 14 13 12 11 0 0 0 0 0 0 0 0 0 15 15
  15 14 13 12 11 0 0 0 0 0 0 0 0 0 15 15 15 14 13 12 11 0 0 0 0 0 0 0 0 0 15 15
  15 14 13 12 11 0 0 0 0 0 0 0 0 0 15 15 15 15 15 15 15 15 14 13 12 0 0 0 0 0
  15 15 15 15 15 15 15 15 14 13 0 0 0 0 0 0 15 15 15 15 15 15 15 14 13 0 0 0 0
  0 0 0 15 15 15 15 15 15 15 14 0 0 0 0 0 0 0 0 15 15 15 15 15 15 15 0 0 0 0 0
  0 0 0 0 15 15 15 15 15 15 14 0 0 0 0 0 0 0 0 0 15 15 15 15 15 15 14 0 0 0 0 0
  0 0 0 0 15 15 15 15 15 14 13 0 0 0 0 0 0 0 0 0 15 15 15 15 14 13 12 0 0 0 0 0
  0 0 0 0 15 15 15 15 14 13 12 0 0 0 0 0 0 0 0 0 15 15 15 15 14 13 12 0 0 0 0 0
  0 0 0 0 15 15 15 15 14 13 12 0 0 0 0 0 0 0 0 0 15 15 15 14 13 12 11 0 0 0 0 0
  0 0 0 0 15 15 15 14 13 12 11 0 0 0 0 0 0 0 0 0 15 15 15 14 13 12 11 0 0 0 0 0
  0 0 0 0 15 15 15 14 13 12 11 0 0 0 0 0 0 0 0 0 15 15 15 15 15 15 15 15 14 13
  12 0 0 0 0 0 15 15 15 15 15 15 15 15 14 13 0 0 0 0 0 0 15 15 15 15 15 15 15
  14 13 0 0 0 0 0 0 0 15 15 15 15 15 15 15 14 0 0 0 0 0 0 0 0 15 15 15 15 15 15
  15 0 0 0 0 0 0 0 0 0 15 15 15 15 15 15 14 0 0 0 0 0 0 0 0 0 15 15 15 15 15 15
  14 0 0 0 0 0 0 0 0 0 15 15 15 15 15 14 13 0 0 0 0 0 0 0 0 0 15 15 15 15 14 13
  12 0 0 0 0 0 0 0 0 0 15 15 15 15 14 13 12 0 0 0 0 0 0 0 0 0 15 15 15 15 14 13
  12 0 0 0 0 0 0 0 0 0 15 15 15 15 14 13 12 0 0 0 0 0 0 0 0 0 15 15 15 14 13 12
  11 0 0 0 0 0 0 0 0 0 15 15 15 14 13 12 11 0 0 0 0 0 0 0 0 0 15 15 15 14 13 12
  11 0 0 0 0 0 0 0 0 0 15 15 15 14 13 12 11 0 0 0 0 0 0 0 0 0 15 15 15 15 15 15
  15 15 14 13 0 0 0 0 0 0 15 15 15 15 15 15 15 15 14 0 0 0 0 0 0 0 15 15 15 15
  15 15 15 14 0 0 0 0 0 0 0 0 15 15 15 15 15 15 15 0 0 0 0 0 0 0 0 0 15 15 15
  15 15 15 15 0 0 0 0 0 0 0 0 0 15 15 15 15 15 15 14 0 0 0 0 0 0 0 0 0 15 15 15
  15 15 15 14 0 0 0 0 0 0 0 0 0 15 15 15 15 15 14 13 0 0 0 0 0 0 0 0 0 15 15 15
  15 14 13 12 0 0 0 0 0 0 0 0 0 15 15 15 15 14 13 12 0 0 0 0 0 0 0 0 0 15 15 15
  15 14 13 12 0 0 0 0 0 0 0 0 0 15 15 15 15 14 13 12 0 0 0 0 0 0 0 0 0 15 15 15
  14 13 12 11 0 0 0 0 0 0 0 0 0 15 15 15 14 13 12 11 0 0 0 0 0 0 0 0 0 15 15 15
  14 13 12 11 0 0 0 0 0 0 0 0 0 15 15 15 14 13 12 11 0 0 0 0 0 0 0 0 0 15 15 15
  15 15 15 15 15 14 0 0 0 0 0 0 0 15 15 15 15 15 15 15 15 0 0 0 0 0 0 0 0 15 15
  15 15 15 15 15 0 0 0 0 0 0 0 0 0 15 15 15 15 15 15 15 0 0 0 0 0 0 0 0 0 15 15
  15 15 15 15 15 0 0 0 0 0 0 0 0 0 15 15 15 15 15 15 14 0 0 0 0 0 0 0 0 0 15 15
  15 15 15 15 14 0 0 0 0 0 0 0 0 0 15 15 15 15 15 14 13 0 0 0 0 0 0 0 0 0 15 15
  15 15 14 13 12 0 0 0 0 0 0 0 0 0 15 15 15 15 14 13 12 0 0 0 0 0 0 0 0 0 15 15
  15 15 14 13 12 0 0 0 0 0 0 0 0 0 15 15 15 15 14 13 12 0 0 0 0 0 0 0 0 0 15 15
  15 14 13 12 11 0 0 0 0 0 0 0 0 0 15 15 15 14 13 12 11 0 0 0 0 0 0 0 0 0 15 15
  15 14 13 12 11 0 0 0 0 0 0 0 0 0 15 15 15 14 13 12 11 0 0 0 0 0 0 0 0 0 15 15
  15 15 15 15 15 15 14 0 0 0 0 0 0 0 15 15 15 15 15 15 15 15 0 0 0 0 0 0 0 0 15
  15 15 15 15 15 15 0 0 0 0 0 0 0 0 0 15 15 15 15 15 15 15 0 0 0 0 0 0 0 0 0 15
  15 15 15 15 15 15 0 0 0 0 0 0 0 0 0 15 15 15 15 15 15 14 0 0 0 0 0 0 0 0 0 15
  15 15 15 15 15 14 0 0 0 0 0 0 0 0 0 15 15 15 15 15 14 13 0 0 0 0 0 0 0 0 0 15
  15 15 15 14 13 12 0 0 0 0 0 0 0 0 0 15 15 15 15 14 13 12 0 0 0 0 0 0 0 0 0 15
  15 15 15 14 13 12 0 0 0 0 0 0 0 0 0 15 15 15 15 14 13 12 0 0 0 0 0 0 0 0 0 15
  15 15 14 13 12 11 0 0 0 0 0 0 0 0 0 15 15 15 14 13 12 11 0 0 0 0 0 0 0 0 0 15
  15 15 14 13 12 11 0 0 0 0 0 0 0 0 0 15 15 15 14 13 12 11 0 0 0 0 0 0 0 0 0 15
  15 15 15 15 15 15 15 14 13 0 0 0 0 0 0 15 15 15 15 15 15 15 15 14 0 0 0 0 0 0
  0 15 15 15 15 15 15 15 14 0 0 0 0 0 0 0 0 15 15 15 15 15 15 15 0 0 0 0 0 0 0
  0 0 15 15 15 15 15 15 15 0 0 0 0 0 0 0 0 0 15 15 15 15 15 15 14 0 0 0 0 0 0 0
  0 0 15 15 15 15 15 15 14 0 0 0 0 0 0 0 0 0 15 15 15 15 15 14 13 0 0 0 0 0 0 0
  0 0 15 15 15 15 14 13 12 0 0 0 0 0 0 0 0 0 15 15 15 15 14 13 12 0 0 0 0 0 0 0
  0 0 15 15 15 15 14 13 12 0 0 0 0 0 0 0 0 0 15 15 15 15 14 13 12 0 0 0 0 0 0 0
  0 0 15 15 15 14 13 12 11 0 0 0 0 0 0 0 0 0 15 15 15 14 13 12 11 0 0 0 0 0 0 0
  0 0 15 15 15 14 13 12 11 0 0 0 0 0 0 0 0 0 15 15 15 14 13 12 11 0 0 0 0 0 0 0
  0 0 15 15 15 15 15 15 15 15 14 13 0 0 0 0 0 0 15 15 15 15 15 15 15 15 14 13 0
  0 0 0 0 0 15 15 15 15 15 15 15 14 13 0 0 0 0 0 0 0 15 15 15 15 15 15 15 14 0
  0 0 0 0 0 0 0 15 15 15 15 15 15 15 0 0 0 0 0 0 0 0 0 15 15 15 15 15 15 14 0 0
  0 0 0 0 0 0 0 15 15 15 15 15 15 14 0 0 0 0 0 0 0 0 0 15 15 15 15 15 14 13 0 0
  0 0 0 0 0 0 0 15 15 15 15 14 13 12 0 0 0 0 0 0 0 0 0 15 15 15 15 14 13 12 0 0
  0 0 0 0 0 0 0 15 15 15 15 14 13 12 0 0 0 0 0 0 0 0 0 15 15 15 15 14 13 12 0 0
  0 0 0 0 0 0 0 15 15 15 14 13 12 11 0 0 0 0 0 0 0 0 0 15 15 15 14 13 12 11 0 0
  0 0 0 0 0 0 0 15 15 15 14 13 12 11 0 0 0 0 0 0 0 0 0 15 15 15 14 13 12 11 0 0
  0 0 0 0 0 0 0 15 15 15 15 15 15 15 15 14 13 0 0 0 0 0 0 15 15 15 15 15 15 15
  15 14 13 0 0 0 0 0 0 15 15 15 15 15 15 15 14 13 12 0 0 0 0 0 0 15 15 15 15 15
  15 15 14 13 0 0 0 0 0 0 0 15 15 15 15 15 15 15 14 0 0 0 0 0 0 0 0 15 15 15 15
  15 15 14 0 0 0 0 0 0 0 0 0 15 15 15 15 15 15 14 0 0 0 0 0 0 0 0 0 15 15 15 15
  15 14 13 0 0 0 0 0 0 0 0 0 15 15 15 15 14 13 12 0 0 0 0 0 0 0 0 0 15 15 15 15
  14 13 12 0 0 0 0 0 0 0 0 0 15 15 15 15 14 13 12 0 0 0 0 0 0 0 0 0 15 15 15 15
  14 13 12 0 0 0 0 0 0 0 0 0 15 15 15 14 13 12 11 0 0 0 0 0 0 0 0 0 15 15 15 14
  13 12 11 0 0 0 0 0 0 0 0 0 15 15 15 14 13 12 11 0 0 0 0 0 0 0 0 0 15 15 15 14
  13 12 11 0 0 0 0 0 0 0 0 0 15 15 15 15 15 15 15 15 14 13 0 0 0 0 0 0 15 15 15
  15 15 15 15 15 14 13 0 0 0 0 0 0 15 15 15 15 15 15 15 14 13 12 0 0 0 0 0 0 15
  15 15 15 15 15 15 14 13 12 0 0 0 0 0 0 15 15 15 15 15 15 15 14 13 0 0 0 0 0 0
  0 15 15 15 15 15 15 14 13 0 0 0 0 0 0 0 0 15 15 15 15 15 15 14 0 0 0 0 0 0 0
  0 0 15 15 15 15 15 14 13 0 0 0 0 0 0 0 0 0 15 15 15 15 14 13 12 0 0 0 0 0 0 0
  0 0 15 15 15 15 14 13 12 0 0 0 0 0 0 0 0 0 15 15 15 15 14 13 12 0 0 0 0 0 0 0
  0 0 15 15 15 15 14 13 12 0 0 0 0 0 0 0 0 0 15 15 15 14 13 12 11 0 0 0 0 0 0 0
  0 0 15 15 15 14 13 12 11 0 0 0 0 0 0 0 0 0 15 15 15 14 13 12 11 0 0 0 0 0 0 0
  0 0 15 15 15 14 13 12 0 0 0 0 0 0 0 0 0 0) 