
#(1 1 1 1 1 1 0 0 0 0 0 0 0 0 0 0 1 1 1 1 1 1 0 0 0 0 0 0 0 0 0 0 1 1 1 1 1 1 0
  0 0 0 0 0 0 0 0 0 1 1 1 1 1 1 0 0 0 0 0 0 0 0 0 0 1 1 1 1 1 1 0 0 0 0 0 0 0 0
  0 0 1 1 1 1 1 1 0 0 0 0 0 0 0 0 0 0 1 1 1 1 1 1 0 0 0 0 0 0 0 0 0 0 1 1 1 1 1
  1 0 0 0 0 0 0 0 0 0 0 1 1 1 1 1 1 0 0 0 0 0 0 0 0 0 0 1 1 1 1 1 1 0 0 0 0 0 0
  0 0 0 0 1 1 15 1 1 0 0 0 0 0 0 0 0 0 0 0 1 1 1 1 1 0 0 0 0 0 0 0 0 0 0 0 1 1
  1 1 0 0 0 0 0 0 0 0 0 0 0 0 1 1 1 0 0 0 0 0 0 0 0 0 0 0 0 0 1 1 0 0 0 0 0 0 0
  0 0 0 0 0 0 0 1 0 0 0 0 0 0 0 0 0 0 0 0 0 0 0 1 1 1 15 1 1 1 0 0 0 0 0 0 0 0
  0 1 1 1 1 1 1 1 0 0 0 0 0 0 0 0 0 1 1 1 1 1 1 1 0 0 0 0 0 0 0 0 0 1 1 1 1 1 1
  1 0 0 0 0 0 0 0 0 0 1 1 1 1 1 1 1 0 0 0 0 0 0 0 0 0 1 1 1 1 1 1 1 0 0 0 0 0 0
  0 0 0 1 1 1 1 1 1 1 0 0 0 0 0 0 0 0 0 1 1 1 1 1 1 1 0 0 0 0 0 0 0 0 0 1 1 1 1
  1 1 0 0 0 0 0 0 0 0 0 0 1 1 15 15 1 1 0 0 0 0 0 0 0 0 0 0 1 1 15 15 1 0 0 0 0
  0 0 0 0 0 0 0 1 1 1 1 0 0 0 0 0 0 0 0 0 0 0 0 1 1 1 0 0 0 0 0 0 0 0 0 0 0 0 0
  1 1 0 0 0 0 0 0 0 0 0 0 0 0 0 0 1 0 0 0 0 0 0 0 0 0 0 0 0 0 0 0 0 0 0 0 0 0 0
  0 0 0 0 0 0 0 0 0 1 1 15 15 1 1 1 1 0 0 0 0 0 0 0 0 1 1 1 1 1 1 1 1 0 0 0 0 0
  0 0 0 1 1 1 1 1 1 1 1 0 0 0 0 0 0 0 0 1 1 1 1 1 1 1 1 0 0 0 0 0 0 0 0 1 1 1 1
  1 1 1 1 0 0 0 0 0 0 0 0 1 1 1 1 1 1 1 1 0 0 0 0 0 0 0 0 1 1 1 1 1 1 1 0 0 0 0
  0 0 0 0 0 1 1 1 1 1 1 1 0 0 0 0 0 0 0 0 0 1 1 1 1 1 1 0 0 0 0 0 0 0 0 0 0 1 1
  1 15 1 0 0 0 0 0 0 0 0 0 0 0 1 1 1 1 0 0 0 0 0 0 0 0 0 0 0 0 1 1 1 0 0 0 0 0
  0 0 0 0 0 0 0 0 1 1 0 0 0 0 0 0 0 0 0 0 0 0 0 0 1 0 0 0 0 0 0 0 0 0 0 0 0 0 0
  0 0 0 0 0 0 0 0 0 0 0 0 0 0 0 0 0 0 0 0 0 0 0 0 0 0 0 0 0 0 0 0 0 1 1 1 1 1 1
  1 1 1 0 0 0 0 0 0 0 1 1 1 1 1 1 1 1 1 0 0 0 0 0 0 0 1 1 1 1 1 1 1 1 1 0 0 0 0
  0 0 0 1 1 1 1 1 1 1 1 1 0 0 0 0 0 0 0 1 1 1 1 1 1 1 1 0 0 0 0 0 0 0 0 1 1 1 1
  1 1 1 1 0 0 0 0 0 0 0 0 1 1 1 1 1 1 1 0 0 0 0 0 0 0 0 0 1 1 1 1 1 1 0 0 0 0 0
  0 0 0 0 0 1 1 1 1 1 0 0 0 0 0 0 0 0 0 0 0 1 1 1 1 0 0 0 0 0 0 0 0 0 0 0 0 1 1
  1 0 0 0 0 0 0 0 0 0 0 0 0 0 1 1 0 0 0 0 0 0 0 0 0 0 0 0 0 0 1 0 0 0 0 0 0 0 0
  0 0 0 0 0 0 0 0 0 0 0 0 0 0 0 0 0 0 0 0 0 0 0 0 0 0 0 0 0 0 0 0 0 0 0 0 0 0 0
  0 0 0 0 0 0 0 0 0 0 0 0 0 0 0 0 1 1 1 1 1 1 1 1 1 1 0 0 0 0 0 0 1 1 1 1 1 1 1
  1 1 1 0 0 0 0 0 0 1 1 1 1 1 1 1 1 1 0 0 0 0 0 0 0 1 1 1 1 1 1 1 1 1 0 0 0 0 0
  0 0 1 1 1 1 1 1 1 1 0 0 0 0 0 0 0 0 1 1 1 1 1 13 1 0 0 0 0 0 0 0 0 0 1 1 9 9
  13 13 0 0 0 0 0 0 0 0 0 0 1 1 1 9 13 0 0 0 0 0 0 0 0 0 0 0 1 1 1 1 0 0 0 0 0
  0 0 0 0 0 0 0 1 1 1 0 0 0 0 0 0 0 0 0 0 0 0 0 1 1 0 0 0 0 0 0 0 0 0 0 0 0 0 0
  1 0 0 0 0 0 0 0 0 0 0 0 0 0 0 0 0 0 0 0 0 0 0 0 0 0 0 0 0 0 0 0 0 0 0 0 0 0 0
  0 0 0 0 0 0 0 0 0 0 0 0 0 0 0 0 0 0 0 0 0 0 0 0 0 0 0 0 0 0 0 0 0 0 0 0 0 0 0
  0 0 1 1 1 1 1 1 1 1 1 1 0 0 0 0 0 0 1 1 1 1 1 1 1 1 1 1 0 0 0 0 0 0 1 1 1 1 1
  1 1 1 1 0 0 0 0 0 0 0 15 15 1 1 1 1 1 1 0 0 0 0 0 0 0 0 1 1 1 1 1 13 13 0 0 0
  0 0 0 0 0 0 9 9 9 1 13 13 0 0 0 0 0 0 0 0 0 0 9 9 9 1 1 0 0 0 0 0 0 0 0 0 0 0
  1 1 1 1 0 0 0 0 0 0 0 0 0 0 0 0 1 1 1 0 0 0 0 0 0 0 0 0 0 0 0 0 1 1 0 0 0 0 0
  0 0 0 0 0 0 0 0 0 1 0 0 0 0 0 0 0 0 0 0 0 0 0 0 0 0 0 0 0 0 0 0 0 0 0 0 0 0 0
  0 0 0 0 0 0 0 0 0 0 0 0 0 0 0 0 0 0 0 0 0 0 0 0 0 0 0 0 0 0 0 0 0 0 0 0 0 0 0
  0 0 0 0 0 0 0 0 0 0 0 0 0 0 0 0 0 0 0 0 0 0 0 0 0 0 0 0 0 1 1 13 13 13 1 1 1
  0 0 0 0 0 0 0 1 1 1 13 13 13 13 1 0 0 0 0 0 0 0 1 1 1 1 1 13 13 13 0 0 0 0 0
  0 0 0 15 15 1 1 1 1 1 0 0 0 0 0 0 0 0 0 2 2 3 1 13 13 0 0 0 0 0 0 0 0 0 0 9 3
  3 3 2 0 0 0 0 0 0 0 0 0 0 0 9 3 3 2 0 0 0 0 0 0 0 0 0 0 0 0 1 1 2 0 0 0 0 0 0
  0 0 0 0 0 0 0 1 1 0 0 0 0 0 0 0 0 0 0 0 0 0 0 1 0 0 0 0 0 0 0 0 0 0 0 0 0 0 0
  0 0 0 0 0 0 0 0 0 0 0 0 0 0 0 0 0 0 0 0 0 0 0 0 0 0 0 0 0 0 0 0 0 0 0 0 0 0 0
  0 0 0 0 0 0 0 0 0 0 0 0 0 0 0 0 0 0 0 0 0 0 0 0 0 0 0 0 0 0 0 0 0 0 0 0 0 0 0
  0 0 0 0 0 0 0 0 0 0 0 0 0 0 0 0 0 0 0 0 0 0 0 13 13 13 1 0 0 0 0 0 0 0 0 0 0
  0 0 13 13 13 0 0 0 0 0 0 0 0 0 0 0 0 13 13 13 0 0 0 0 0 0 0 0 0 0 0 0 16 16
  13 0 0 0 0 0 0 0 0 0 0 0 0 1 1 1 0 0 0 0 0 0 0 0 0 0 0 0 24 1 1 0 0 0 0 0 0 0
  0 0 0 0 0 0 24 1 0 0 0 0 0 0 0 0 0 0 0 0 0 0 1 0 0 0 0 0 0 0 0 0 0 0 0 0 0 0
  0 0 0 0 0 0 0 0 0 0 0 0 0 0 0 0 0 0 0 0 0 0 0 0 0 0 0 0 0 0 0 0 0 0 0 0 0 0 0
  0 0 0 0 0 0 0 0 0 0 0 0 0 0 0 0 0 0 0 0 0 0 0 0 0 0 0 0 0 0 0 0 0 0 0 0 0 0 0
  0 0 0 0 0 0 0 0 0 0 0 0 0 0 0 0 0 0 0 0 0 0 0 0 0 0 0 0 0 0 0 0 0 0 0 0 0 0 0
  0 0 0 0 0 0 0 0 0 0 0 0 0 0 0 13 13 13 1 1 0 0 0 0 0 0 0 0 0 0 0 13 13 13 1 0
  0 0 0 0 0 0 0 0 0 0 0 13 13 13 0 0 0 0 0 0 0 0 0 0 0 0 16 13 13 0 0 0 0 0 0 0
  0 0 0 0 0 1 1 1 0 0 0 0 0 0 0 0 0 0 0 0 1 1 1 0 0 0 0 0 0 0 0 0 0 0 0 1 1 1 0
  0 0 0 0 0 0 0 0 0 0 0 0 1 1 0 0 0 0 0 0 0 0 0 0 0 0 0 0 0 0 0 0 0 0 0 0 0 0 0
  0 0 0 0 0 0 0 0 0 0 0 0 0 0 0 0 0 0 0 0 0 0 0 0 0 0 0 0 0 0 0 0 0 0 0 0 0 0 0
  0 0 0 0 0 0 0 0 0 0 0 0 0 0 0 0 0 0 0 0 0 0 0 0 0 0 0 0 0 0 0 0 0 0 0 0 0 0 0
  0 0 0 0 0 0 0 0 0 0 0 0 0 0 0 0 0 0 0 0 0 0 0 0 0 0 0 0 0 0 0 0 0 0 0 0 0 0 0
  0 0 0 0 13 13 1 13 13 1 0 0 0 0 0 0 0 0 0 0 13 13 13 13 1 0 0 0 0 0 0 0 0 0 0
  0 13 13 13 1 0 0 0 0 0 0 0 0 0 0 0 0 1 1 1 0 0 0 0 0 0 0 0 0 0 0 0 1 1 1 0 0
  0 0 0 0 0 0 0 0 0 0 1 1 1 0 0 0 0 0 0 0 0 0 0 0 0 1 1 1 0 0 0 0 0 0 0 0 0 0 0
  0 1 1 1 0 0 0 0 0 0 0 0 0 0 0 0 0 1 1 0 0 0 0 0 0 0 0 0 0 0 0 0 0 0 0 0 0 0 0
  0 0 0 0 0 0 0 0 0 0 0 0 0 0 0 0 0 0 0 0 0 0 0 0 0 0 0 0 0 0 0 0 0 0 0 0 0 0 0
  0 0 0 0 0 0 0 0 0 0 0 0 0 0 0 0 0 0 0 0 0 0 0 0 0 0 0 0 0 0 0 0 0 0 0 0 0 0 0
  0 0 0 0 0 0 0 0 0 0 0 0 0 0 0 0 0 0 0 0 0 0 0 0 0 0 0 0 0 0 0 0 1 1 13 13 13
  13 1 0 0 0 0 0 0 0 0 0 1 1 13 13 13 1 0 0 0 0 0 0 0 0 0 0 1 1 1 13 1 0 0 0 0
  0 0 0 0 0 0 0 1 1 1 1 0 0 0 0 0 0 0 0 0 0 0 0 1 1 1 0 0 0 0 0 0 0 0 0 0 0 0 1
  1 1 0 0 0 0 0 0 0 0 0 0 0 0 1 1 1 0 0 0 0 0 0 0 0 0 0 0 0 1 1 1 0 0 0 0 0 0 0
  0 0 0 0 0 1 1 1 0 0 0 0 0 0 0 0 0 0 0 0 0 1 1 0 0 0 0 0 0 0 0 0 0 0 0 0 0 0 0
  0 0 0 0 0 0 0 0 0 0 0 0 0 0 0 0 0 0 0 0 0 0 0 0 0 0 0 0 0 0 0 0 0 0 0 0 0 0 0
  0 0 0 0 0 0 0 0 0 0 0 0 0 0 0 0 0 0 0 0 0 0 0 0 0 0 0 0 0 0 0 0 0 0 0 0 0 0 0
  0 0 0 0 0 0 0 0 0 0 0 0 0 0 0 0 0 0 0 0 1 1 13 13 13 13 1 1 0 0 0 0 0 0 0 0 1
  1 13 13 13 1 1 0 0 0 0 0 0 0 0 0 1 1 1 13 1 1 0 0 0 0 0 0 0 0 0 0 1 1 1 1 1 0
  0 0 0 0 0 0 0 0 0 0 1 1 1 1 0 0 0 0 0 0 0 0 0 0 0 0 1 1 1 0 0 0 0 0 0 0 0 0 0
  0 0 1 1 1 0 0 0 0 0 0 0 0 0 0 0 0 1 1 1 0 0 0 0 0 0 0 0 0 0 0 0 1 1 1 0 0 0 0
  0 0 0 0 0 0 0 0 1 1 1 0 0 0 0 0 0 0 0 0 0 0 0 0 1 1 0 0 0 0 0 0 0 0 0 0 0 0 0
  0 0 0 0 0 0 0 0 0 0 0 0 0 0 0 0 0 0 0 0 0 0 0 0 0 0 0 0 0 0 0 0 0 0 0 0 0 0 0
  0 0 0 0 0 0 0 0 0 0 0 0 0 0 0 0 0 0 0 0 0 0 0 0 0 0 0 0 0 0 0 0 0 0 0 0 0 0 0
  0 0 0 0 0 0 0 1 1 1 13 13 1 1 1 1 0 0 0 0 0 0 0 1 1 1 13 1 1 1 1 0 0 0 0 0 0
  0 0 1 1 1 1 1 1 1 0 0 0 0 0 0 0 0 0 1 1 1 1 1 1 0 0 0 0 0 0 0 0 0 0 1 1 1 1 1
  0 0 0 0 0 0 0 0 0 0 0 1 1 1 1 0 0 0 0 0 0 0 0 0 0 0 0 1 1 1 0 0 0 0 0 0 0 0 0
  0 0 0 1 1 1 0 0 0 0 0 0 0 0 0 0 0 0 1 1 1 0 0 0 0 0 0 0 0 0 0 0 0 1 1 1 0 0 0
  0 0 0 0 0 0 0 0 0 1 1 1 0 0 0 0 0 0 0 0 0 0 0 0 0 1 1 0 0 0 0 0 0 0 0 0 0 0 0
  0 0 0 0 0 0 0 0 0 0 0 0 0 0 0 0 0 0 0 0 0 0 0 0 0 0 0 0 0 0 0 0 0 0 0 0 0 0 0
  0 0 0 0 0 0 0 0 0 0 0 0 0 0 0 0 0 0 0 0 0 0 0 0 0 0 0 0 0 0 0 1 1 1 1 1 1 1 1
  1 0 0 0 0 0 0 0 1 1 1 1 1 1 1 1 1 0 0 0 0 0 0 0 1 1 1 1 1 1 1 15 0 0 0 0 0 0
  0 0 1 1 1 1 1 1 1 0 0 0 0 0 0 0 0 0 1 1 1 1 1 1 0 0 0 0 0 0 0 0 0 0 1 1 1 1 1
  0 0 0 0 0 0 0 0 0 0 1 1 1 1 1 0 0 0 0 0 0 0 0 0 0 1 1 1 1 1 0 0 0 0 0 0 0 0 0
  0 1 1 1 1 1 0 0 0 0 0 0 0 0 0 0 1 1 1 1 1 0 0 0 0 0 0 0 0 0 0 0 1 1 1 1 0 0 0
  0 0 0 0 0 0 0 0 0 1 1 1 0 0 0 0 0 0 0 0 0 0 0 0 0 1 1 0 0 0 0 0 0 0 0 0 0 0 0
  0 0 0 0 0 0 0 0 0 0 0 0 0 0 0 0 0 0 0 0 0 0 0 0 0 0 0 0 0 0 0 0 0 0 0 0 0 0 0
  0 0 0 0 0 0 0 0 0 0 0 0 0 0 0 1 1 1 1 1 1 1 1 1 0 0 0 0 0 0 0 1 1 1 1 1 1 1 1
  1 0 0 0 0 0 0 0 1 1 1 1 1 1 1 1 1 0 0 0 0 0 0 0 1 1 1 1 1 1 1 1 0 0 0 0 0 0 0
  0 1 1 1 1 1 1 1 0 0 0 0 0 0 0 0 1 1 1 1 1 1 1 0 0 0 0 0 0 0 0 1 1 1 1 1 1 1 0
  0 0 0 0 0 0 0 1 1 1 1 1 1 1 0 0 0 0 0 0 0 0 1 1 1 1 1 1 1 0 0 0 0 0 0 0 0 0 1
  1 1 1 1 1 0 0 0 0 0 0 0 0 0 0 1 1 1 1 1 0 0 0 0 0 0 0 0 0 0 0 1 1 1 1 0 0 0 0
  0 0 0 0 0 0 0 0 1 1 1 0 0 0 0 0 0 0 0 0 0 0 0 0 1 1 0 0 0 0 0 0 0 0 0 0 0 0 0
  0 0 0 0 0 0 0 0 0 0 0 0 0 0 0 0 0 0 0 0 0 0 0 0 0 0 0 0 0 0 0 0 0 0 0 0 0 1 1
  1 1 1 1 1 1 1 0 0 0 0 0 0 0 1 1 1 1 1 1 1 1 1 0 0 0 0 0 0 0 1 1 1 1 1 1 1 1 1
  0 0 0 0 0 0 0 1 1 1 1 1 1 1 1 1 0 0 0 0 0 0 1 1 1 1 1 1 1 1 1 0 0 0 0 0 0 1 1
  1 1 1 1 1 1 1 0 0 0 0 0 0 1 1 1 1 1 1 1 1 1 0 0 0 0 0 0 1 1 1 1 1 1 1 1 1 0 0
  0 0 0 0 0 1 1 1 1 1 1 1 1 0 0 0 0 0 0 0 0 1 1 1 1 1 1 1 0 0 0 0 0 0 0 0 0 1 1
  1 1 1 1 0 0 0 0 0 0 0 0 0 0 1 1 1 1 1 0 0 0 0 0 0 0 0 0 0 0 1 1 1 1 0 0 0 0 0
  0 0 0 0 0 0 0 1 1 1 0 0 0 0 0 0 0 0 0 0 0 0 0 1 1 0 0 0 0 0 0 0 0 0 0 0 0 0 0
  0 0 0 0 0 0 0 0 0 0 0 0 0 0 0) 
#(0 0 0 0 0 0 0 0 0 0 0 0 0 0 0 0 0 0 0 0 0 0 0 0 0 0 0 0 0 0 0 0 0 0 0 0 0 0 0
  0 0 0 0 0 0 0 0 0 0 0 0 0 0 0 0 0 0 0 0 0 0 0 0 0 0 0 0 0 0 0 0 0 0 0 0 0 0 0
  0 0 0 0 0 0 0 0 0 0 0 0 0 0 0 0 0 0 0 0 0 0 0 0 0 0 0 0 0 0 0 0 0 0 0 0 0 0 0
  0 0 0 0 0 0 0 0 0 0 0 0 0 0 0 0 0 0 0 0 0 0 0 0 0 0 0 0 0 0 0 0 0 0 0 0 0 0 0
  0 0 0 0 0 0 0 0 0 0 0 0 0 0 0 0 0 0 0 0 0 0 0 0 0 0 0 0 0 0 0 0 0 0 0 0 0 0 0
  0 0 0 0 0 0 0 0 0 0 0 0 0 0 0 0 0 0 0 0 0 0 0 0 0 0 0 0 0 0 0 0 0 0 0 0 0 0 0
  0 0 0 0 0 0 0 0 0 0 0 0 0 0 0 0 0 0 0 0 0 0 0 0 0 0 0 0 0 0 0 0 0 0 0 0 0 0 0
  0 0 0 0 0 0 0 0 0 0 0 0 0 0 0 0 0 0 0 0 0 0 0 0 0 0 0 0 0 0 0 0 0 0 0 0 0 0 0
  0 0 0 0 0 0 0 0 0 0 0 0 0 0 0 0 0 0 0 0 0 0 0 0 0 0 0 0 0 0 0 0 0 0 0 0 0 0 0
  0 0 0 0 0 0 0 0 0 0 0 0 0 0 0 0 0 0 0 0 0 0 0 0 0 0 0 0 0 0 0 0 0 0 0 0 0 0 0
  0 0 0 0 0 0 0 0 0 0 0 0 0 0 0 0 0 0 0 0 0 0 0 0 0 0 0 0 0 0 0 0 0 0 0 0 0 0 0
  0 0 0 0 0 0 0 0 0 0 0 0 0 0 0 0 0 0 0 0 0 0 0 0 0 0 0 0 0 0 0 0 0 0 0 0 0 0 0
  0 0 0 0 0 0 0 0 0 0 0 0 0 0 0 0 0 0 0 0 0 0 0 0 0 0 0 0 0 0 0 0 0 0 0 0 0 0 0
  0 0 0 0 0 0 0 0 0 0 0 0 0 0 0 0 0 0 0 0 0 0 0 0 0 0 0 0 0 0 0 0 0 0 0 0 0 0 0
  0 0 0 0 0 0 0 0 0 0 0 0 0 0 0 0 0 0 0 0 0 0 0 0 0 0 0 0 0 0 0 0 0 0 0 0 0 0 0
  0 0 0 0 0 0 0 0 0 0 0 0 0 0 0 0 0 0 0 0 0 0 0 0 0 0 0 0 0 0 0 0 0 0 0 0 0 0 0
  0 0 0 0 0 0 0 0 0 0 0 0 0 0 0 0 0 0 0 0 0 0 0 0 0 0 0 0 0 0 0 0 0 0 0 0 0 0 0
  0 0 0 0 0 0 0 0 0 0 0 0 0 0 0 0 0 0 0 0 0 0 0 0 0 0 0 0 0 0 0 0 0 0 0 0 0 0 0
  0 0 0 0 0 0 0 0 0 0 0 0 0 0 0 0 0 0 0 0 0 0 0 0 0 0 0 0 0 0 0 0 0 0 0 0 0 0 0
  0 0 0 0 0 0 0 0 0 0 0 0 0 0 0 0 0 0 0 0 0 0 0 0 0 0 0 0 0 0 0 0 0 0 0 0 0 0 0
  0 0 0 0 0 0 0 0 0 0 0 0 0 0 0 0 0 0 0 0 0 0 0 0 0 0 0 0 0 0 0 0 0 0 0 0 0 0 0
  0 0 0 0 0 0 0 0 0 0 0 0 0 0 0 0 0 0 0 0 0 0 0 0 0 0 0 0 0 0 0 0 0 0 0 0 0 0 0
  0 0 0 0 0 0 0 0 0 0 0 0 0 0 0 0 0 0 0 0 0 0 0 0 0 0 0 0 0 0 0 0 0 0 0 0 0 0 0
  0 0 0 0 0 0 0 0 0 0 0 0 0 0 0 0 0 0 0 0 0 0 0 0 0 0 0 0 0 0 0 0 0 0 0 0 0 0 0
  0 0 0 0 0 0 0 0 0 0 0 0 0 0 0 0 0 0 0 0 0 0 0 0 0 0 0 0 0 0 0 0 0 0 0 0 0 0 0
  0 0 0 0 0 0 0 0 0 0 0 0 0 0 0 0 0 0 0 0 0 0 0 0 0 0 0 0 0 0 0 0 0 0 0 0 0 0 0
  0 0 0 0 0 0 0 0 0 0 0 0 0 0 0 0 0 0 0 0 0 0 0 0 0 0 0 0 0 0 0 0 0 0 0 0 0 0 0
  0 0 0 0 0 0 0 0 0 0 0 0 0 0 0 0 0 0 0 0 0 0 0 0 0 0 0 0 0 0 0 0 0 0 0 0 0 0 0
  0 0 0 0 0 0 0 0 0 0 0 0 0 0 0 0 0 0 0 0 0 0 0 0 0 0 0 0 0 0 0 0 0 0 0 0 0 0 0
  0 0 0 0 0 0 0 0 0 0 0 0 0 0 0 0 0 0 0 0 0 0 0 0 0 0 0 0 0 0 0 0 0 0 0 0 0 0 0
  0 0 0 0 0 0 0 0 0 0 0 0 0 0 0 0 0 0 0 0 0 0 0 0 0 0 0 0 0 0 0 0 0 0 0 0 0 0 0
  0 0 0 0 0 0 0 0 0 0 0 0 0 0 0 0 0 0 0 0 0 0 0 0 0 0 0 0 0 0 0 0 0 0 0 0 0 0 0
  0 0 0 0 0 0 0 0 0 0 0 0 0 0 0 0 0 0 0 0 0 0 0 0 0 0 0 0 0 0 0 0 0 0 0 0 0 0 0
  0 0 0 0 0 0 0 0 0 0 0 0 0 0 0 0 0 0 0 0 0 0 0 0 0 0 0 0 0 0 0 0 0 0 0 0 0 0 0
  0 0 0 0 0 0 0 0 0 0 0 0 0 0 0 0 0 0 0 0 0 0 0 0 0 0 0 0 0 0 0 0 0 0 0 0 0 0 0
  0 0 0 0 0 0 0 0 0 0 0 0 0 0 0 0 0 0 0 0 0 0 0 0 0 0 0 0 0 0 0 0 0 0 0 0 0 0 0
  0 0 0 0 0 0 0 0 0 0 0 0 0 0 0 0 0 0 0 0 0 0 0 0 0 0 0 0 0 0 0 0 0 0 0 0 0 0 0
  0 0 0 0 0 0 0 0 0 0 0 0 0 0 0 0 0 0 0 0 0 0 0 0 0 0 0 0 0 0 0 0 0 0 0 0 0 0 0
  0 0 0 0 0 0 0 0 0 0 0 0 0 0 0 0 0 0 0 0 0 0 0 0 0 0 0 0 0 0 0 0 0 0 0 0 0 0 0
  0 0 0 0 0 0 0 0 0 0 0 0 0 0 0 0 0 0 0 0 0 0 0 0 0 0 0 0 0 0 0 0 0 0 0 0 0 0 0
  0 0 0 0 0 0 0 0 0 0 0 0 0 0 0 0 0 0 0 0 0 0 0 0 0 0 0 0 0 0 0 0 0 0 0 0 0 0 0
  0 0 0 0 0 0 0 0 0 0 0 0 0 0 0 0 0 0 0 0 0 0 0 0 0 0 0 0 0 0 0 0 0 0 0 0 0 0 0
  0 0 0 0 0 0 0 0 0 0 0 0 0 0 0 0 0 0 0 0 0 0 0 0 0 0 0 0 0 0 0 0 0 0 0 0 0 0 0
  0 0 0 0 0 0 0 0 0 0 0 0 0 0 0 0 0 0 0 0 0 0 0 0 0 0 0 0 0 0 0 0 0 0 0 0 0 0 0
  0 0 0 0 0 0 0 0 0 0 0 0 0 0 0 0 0 0 0 0 0 0 0 0 0 0 0 0 0 0 0 0 0 0 0 0 0 0 0
  0 0 0 0 0 0 0 0 0 0 0 0 0 0 0 0 0 0 0 0 0 0 0 0 0 0 0 0 0 0 0 0 0 0 0 0 0 0 0
  0 0 0 0 0 0 0 0 0 0 0 0 0 0 0 0 0 0 0 0 0 0 0 0 0 0 0 0 0 0 0 0 0 0 0 0 0 0 0
  0 0 0 0 0 0 0 0 0 0 0 0 0 0 0 0 0 0 0 0 0 0 0 0 0 0 0 0 0 0 0 0 0 0 0 0 0 0 0
  0 0 0 0 0 0 0 0 0 0 0 0 0 0 0 0 0 0 0 0 0 0 0 0 0 0 0 0 0 0 0 0 0 0 0 0 0 0 0
  0 0 0 0 0 0 0 0 0 0 0 0 0 0 0 0 0 0 0 0 0 0 0 0 0 0 0 0 0 0 0 0 0 0 0 0 0 0 0
  0 0 0 0 0 0 0 0 0 0 0 0 0 0 0 0 0 0 0 0 0 0 0 0 0 0 0 0 0 0 0 0 0 0 0 0 0 0 0
  0 0 0 0 0 0 0 0 0 0 0 0 0 0 0 0 0 0 0 0 0 0 0 0 0 0 0 0 0 0 0 0 0 0 0 0 0 0 0
  0 0 0 0 0 0 0 0 0 0 0 0 0 0 0 0 0 0 0 0 0 0 0 0 0 0 0 0 0 0 0 0 0 0 0 0 0 0 0
  0 0 0 0 0 0 0 0 0 0 0 0 0 0 0 0 0 0 0 0 0 0 0 0 0 0 0 0 0 0 0 0 0 0 0 0 0 0 0
  0 0 0 0 0 0 0 0 0 0 0 0 0 0 0 0 0 0 0 0 0 0 0 0 0 0 0 0 0 0 0 0 0 0 0 0 0 0 0
  0 0 0 0 0 0 0 0 0 0 0 0 0 0 0 0 0 0 0 0 0 0 0 0 0 0 0 0 0 0 0 0 0 0 0 0 0 0 0
  0 0 0 0 0 0 0 0 0 0 0 0 0 0 0 0 0 0 0 0 0 0 0 0 0 0 0 0 0 0 0 0 0 0 0 0 0 0 0
  0 0 0 0 0 0 0 0 0 0 0 0 0 0 0 0 0 0 0 0 0 0 0 0 0 0 0 0 0 0 0 0 0 0 0 0 0 0 0
  0 0 0 0 0 0 0 0 0 0 0 0 0 0 0 0 0 0 0 0 0 0 0 0 0 0 0 0 0 0 0 0 0 0 0 0 0 0 0
  0 0 0 0 0 0 0 0 0 0 0 0 0 0 0 0 0 0 0 0 0 0 0 0 0 0 0 0 0 0 0 0 0 0 0 0 0 0 0
  0 0 0 0 0 0 0 0 0 0 0 0 0 0 0 0 0 0 0 0 0 0 0 0 0 0 0 0 0 0 0 0 0 0 0 0 0 0 0
  0 0 0 0 0 0 0 0 0 0 0 0 0 0 0 0 0 0 0 0 0 0 0 0 0 0 0 0 0 0 0 0 0 0 0 0 0 0 0
  0 0 0 0 0 0 0 0 0 0 0 0 0 0 0 0 0 0 0 0 0 0 0 0 0 0 0 0 0 0 0 0 0 0 0 0 0 0 0
  0 0 0 0 0 0 0 0 0 0 0 0 0 0 0 0 0 0 0 0 0 0 0 0 0 0 0 0 0 0 0 0 0 0 0 0 0 0 0
  0 0 0 0 0 0 0 0 0 0 0 0 0 0 0 0 0 0 0 0 0 0 0 0 0 0 0 0 0 0 0 0 0 0 0 0 0 0 0
  0 0 0 0 0 0 0 0 0 0 0 0 0 0 0 0 0 0 0 0 0 0 0 0 0 0 0 0 0 0 0 0 0 0 0 0 0 0 0
  0 0 0 0 0 0 0 0 0 0 0 0 0 0 0 0 0 0 0 0 0 0 0 0 0 0 0 0 0 0 0 0 0 0 0 0 0 0 0
  0 0 0 0 0 0 0 0 0 0 0 0 0 0 0 0 0 0 0 0 0 0 0 0 0 0 0 0 0 0 0 0 0 0 0 0 0 0 0
  0 0 0 0 0 0 0 0 0 0 0 0 0 0 0 0 0 0 0 0 0 0 0 0 0 0 0 0 0 0 0 0 0 0 0 0 0 0 0
  0 0 0 0 0 0 0 0 0 0 0 0 0 0 0 0 0 0 0 0 0 0 0 0 0 0 0 0 0 0 0 0 0 0 0 0 0 0 0
  0 0 0 0 0 0 0 0 0 0 0 0 0 0 0 0 0 0 0 0 0 0 0 0 0 0 0 0 0 0 0 0 0 0 0 0 0 0 0
  0 0 0 0 0 0 0 0 0 0 0 0 0 0 0 0 0 0 0 0 0 0 0 0 0 0 0 0 0 0 0 0 0 0 0 0 0 0 0
  0 0 0 0 0 0 0 0 0 0 0 0 0 0 0 0 0 0 0 0 0 0 0 0 0 0 0 0 0 0 0 0 0 0 0 0 0 0 0
  0 0 0 0 0 0 0 0 0 0 0 0 0 0 0 0 0 0 0 0 0 0 0 0 0 0 0 0 0 0 0 0 0 0 0 0 0 0 0
  0 0 0 0 0 0 0 0 0 0 0 0 0 0 0 0 0 0 0 0 0 0 0 0 0 0 0 0 0 0 0 0 0 0 0 0 0 0 0
  0 0 0 0 0 0 0 0 0 0 0 0 0 0 0 0 0 0 0 0 0 0 0 0 0 0 0 0 0 0 0 0 0 0 0 0 0 0 0
  0 0 0 0 0 0 0 0 0 0 0 0 0 0 0 0 0 0 0 0 0 0 0 0 0 0 0 0 0 0 0 0 0 0 0 0 0 0 0
  0 0 0 0 0 0 0 0 0 0 0 0 0 0 0 0 0 0 0 0 0 0 0 0 0 0 0 0 0 0 0 0 0 0 0 0 0 0 0
  0 0 0 0 0 0 0 0 0 0 0 0 0 0 0 0 0 0 0 0 0 0 0 0 0 0 0 0 0 0 0 0 0 0 0 0 0 0 0
  0 0 0 0 0 0 0 0 0 0 0 0 0 0 0 0 0 0 0 0 0 0 0 0 0 0 0 0 0 0 0 0 0 0 0 0 0 0 0
  0 0 0 0 0 0 0 0 0 0 0 0 0 0 0 0 0 0 0 0 0 0 0 0 0 0 0 0 0 0 0 0 0 0 0 0 0 0 0
  0 0 0 0 0 0 0 0 0 0 0 0 0 0 0 0 0 0 0 0 0 0 0 0 0 0 0 0 0 0 0 0 0 0 0 0 0 0 0
  0 0 0 0 0 0 0 0 0 0 0 0 0 0 0 0 0 0 0 0 0 0 0 0 0 0 0 0 0 0 0 0 0 0 0 0 0 0 0
  0 0 0 0 0 0 0 0 0 0 0 0 0 0 0 0 0 0 0 0 0 0 0 0 0 0 0 0 0 0 0 0 0 0 0 0 0 0 0
  0 0 0 0 0 0 0 0 0 0 0 0 0 0 0 0 0 0 0 0 0 0 0 0 0 0 0 0 0 0 0 0 0 0 0 0 0 0 0
  0 0 0 0 0 0 0 0 0 0 0 0 0 0 0 0 0 0 0 0 0 0 0 0 0 0 0 0 0 0 0 0 0 0 0 0 0 0 0
  0 0 0 0 0 0 0 0 0 0 0 0 0 0 0 0 0 0 0 0 0 0 0 0 0 0 0 0 0 0 0 0 0 0 0 0 0 0 0
  0 0 0 0 0 0 0 0 0 0 0 0 0 0 0 0 0 0 0 0 0 0 0 0 0 0 0 0 0 0 0 0 0 0 0 0 0 0 0
  0 0 0 0 0 0 0 0 0 0 0 0 0 0 0 0 0 0 0 0 0 0 0 0 0 0 0 0 0 0 0 0 0 0 0 0 0 0 0
  0 0 0 0 0 0 0 0 0 0 0 0 0 0 0 0 0 0 0 0 0 0 0 0 0 0 0 0 0 0 0 0 0 0 0 0 0 0 0
  0 0 0 0 0 0 0 0 0 0 0 0 0 0 0 0 0 0 0 0 0 0 0 0 0 0 0 0 0 0 0 0 0 0 0 0 0 0 0
  0 0 0 0 0 0 0 0 0 0 0 0 0 0 0 0 0 0 0 0 0 0 0 0 0 0 0 0 0 0 0 0 0 0 0 0 0 0 0
  0 0 0 0 0 0 0 0 0 0 0 0 0 0 0 0 0 0 0 0 0 0 0 0 0 0 0 0 0 0 0 0 0 0 0 0 0 0 0
  0 0 0 0 0 0 0 0 0 0 0 0 0 0 0 0 0 0 0 0 0 0 0 0 0 0 0 0 0 0 0 0 0 0 0 0 0 0 0
  0 0 0 0 0 0 0 0 0 0 0 0 0 0 0 0 0 0 0 0 0 0 0 0 0 0 0 0 0 0 0 0 0 0 0 0 0 0 0
  0 0 0 0 0 0 0 0 0 0 0 0 0 0 0 0 0 0 0 0 0 0 0 0 0 0 0 0 0 0 0 0 0 0 0 0 0 0 0
  0 0 0 0 0 0 0 0 0 0 0 0 0 0 0 0 0 0 0 0 0 0 0 0 0 0 0 0 0 0 0 0 0 0 0 0 0 0 0
  0 0 0 0 0 0 0 0 0 0 0 0 0 0 0 0 0 0 0 0 0 0 0 0 0 0 0 0 0 0 0 0 0 0 0 0 0 0 0
  0 0 0 0 0 0 0 0 0 0 0 0 0 0 0 0 0 0 0 0 0 0 0 0 0 0 0 0 0 0 0 0 0 0 0 0 0 0 0
  0 0 0 0 0 0 0 0 0 0 0 0 0 0 0 0 0 0 0 0 0 0 0 0 0 0 0 0 0 0 0 0 0 0 0 0 0 0 0
  0 0 0 0 0 0 0 0 0 0 0 0 0 0 0 0 0 0 0 0 0 0 0 0 0 0 0 0 0 0 0 0 0 0 0 0 0 0 0
  0 0 0 0 0 0 0 0 0 0 0 0 0 0 0 0 0 0 0 0 0 0 0 0 0 0 0 0 0 0 0 0 0 0 0 0 0 0 0
  0 0 0 0 0 0 0 0 0 0 0 0 0 0 0 0 0 0 0 0 0 0 0 0 0 0 0 0 0 0 0 0 0 0 0 0 0 0 0
  0 0 0 0 0 0 0 0 0 0 0 0 0 0 0 0 0 0 0 0 0 0 0 0 0 0 0 0 0 0 0 0 0 0 0 0 0 0 0
  0 0 0 0 0 0 0 0 0 0 0 0 0 0 0 0 0 0 0 0 0 0 0 0 0 0 0 0 0 0 0 0 0 0 0 0 0 0 0
  0) 
#(0 0 0 0 0 0 1 2 3 4 5 6 7 8 9 10 0 0 0 0 0 0 2 3 4 5 6 7 8 9 10 11 0 0 0 0 0
  0 3 4 5 6 7 8 9 10 11 12 0 0 0 0 0 0 4 5 6 7 8 9 10 11 12 13 0 0 0 0 0 0 5 6
  7 8 9 10 11 12 13 14 0 0 0 0 0 0 6 7 8 9 10 11 12 13 14 15 0 0 0 0 0 0 6 7 8
  9 10 11 12 13 14 15 0 0 0 0 0 0 7 8 9 10 11 12 13 14 15 15 0 0 0 0 0 0 8 9 10
  11 12 13 14 15 15 15 0 0 0 0 0 0 9 10 11 12 13 14 15 15 15 15 0 0 0 0 0 9 10
  11 12 13 14 15 15 15 15 15 0 0 0 0 0 10 11 12 13 14 15 15 15 15 15 15 0 0 0 0
  10 11 12 13 14 15 15 15 15 15 15 15 0 0 0 10 11 12 13 14 15 15 15 15 15 15 15
  15 0 0 10 11 12 13 14 15 15 15 15 15 15 15 15 15 0 10 11 12 13 14 15 15 15 15
  15 15 15 15 15 15 0 0 0 0 0 0 0 2 3 4 5 6 7 8 9 10 0 0 0 0 0 0 0 3 4 5 6 7 8
  9 10 11 0 0 0 0 0 0 0 4 5 6 7 8 9 10 11 12 0 0 0 0 0 0 0 5 6 7 8 9 10 11 12
  13 0 0 0 0 0 0 0 6 7 8 9 10 11 12 13 14 0 0 0 0 0 0 0 7 8 9 10 11 12 13 14 15
  0 0 0 0 0 0 0 7 8 9 10 11 12 13 14 15 0 0 0 0 0 0 0 8 9 10 11 12 13 14 15 15
  0 0 0 0 0 0 8 9 10 11 12 13 14 15 15 15 0 0 0 0 0 0 9 10 11 12 13 14 15 15 15
  15 0 0 0 0 0 9 10 11 12 13 14 15 15 15 15 15 0 0 0 0 9 10 11 12 13 14 15 15
  15 15 15 15 0 0 0 9 10 11 12 13 14 15 15 15 15 15 15 15 0 0 9 10 11 12 13 14
  15 15 15 15 15 15 15 15 0 9 10 11 12 13 14 15 15 15 15 15 15 15 15 15 9 10 11
  12 13 14 15 15 15 15 15 15 15 15 15 15 0 0 0 0 0 0 0 0 3 4 5 6 7 8 9 10 0 0 0
  0 0 0 0 0 4 5 6 7 8 9 10 11 0 0 0 0 0 0 0 0 5 6 7 8 9 10 11 12 0 0 0 0 0 0 0
  0 6 7 8 9 10 11 12 13 0 0 0 0 0 0 0 0 7 8 9 10 11 12 13 14 0 0 0 0 0 0 0 0 8
  9 10 11 12 13 14 15 0 0 0 0 0 0 0 7 8 9 10 11 12 13 14 15 0 0 0 0 0 0 0 8 9
  10 11 12 13 14 15 15 0 0 0 0 0 0 8 9 10 11 12 13 14 15 15 15 0 0 0 0 0 8 9 10
  11 12 13 14 15 15 15 15 0 0 0 0 8 9 10 11 12 13 14 15 15 15 15 15 0 0 0 8 9
  10 11 12 13 14 15 15 15 15 15 15 0 0 8 9 10 11 12 13 14 15 15 15 15 15 15 15
  0 8 9 10 11 12 13 14 15 15 15 15 15 15 15 15 8 9 10 11 12 13 14 15 15 15 15
  15 15 15 15 15 9 10 11 12 13 14 15 15 15 15 15 15 15 15 15 15 0 0 0 0 0 0 0 0
  0 4 5 6 7 8 9 10 0 0 0 0 0 0 0 0 0 5 6 7 8 9 10 11 0 0 0 0 0 0 0 0 0 6 7 8 9
  10 11 12 0 0 0 0 0 0 0 0 0 7 8 9 10 11 12 13 0 0 0 0 0 0 0 0 7 8 9 10 11 12
  13 14 0 0 0 0 0 0 0 0 8 9 10 11 12 13 14 15 0 0 0 0 0 0 0 7 8 9 10 11 12 13
  14 15 0 0 0 0 0 0 7 8 9 10 11 12 13 14 15 15 0 0 0 0 0 7 8 9 10 11 12 13 14
  15 15 15 0 0 0 0 7 8 9 10 11 12 13 14 15 15 15 15 0 0 0 7 8 9 10 11 12 13 14
  15 15 15 15 15 0 0 7 8 9 10 11 12 13 14 15 15 15 15 15 15 0 7 8 9 10 11 12 13
  14 15 15 15 15 15 15 15 7 8 9 10 11 12 13 14 15 15 15 15 15 15 15 15 8 9 10
  11 12 13 14 15 15 15 15 15 15 15 15 15 9 10 11 12 13 14 15 15 15 15 15 15 15
  15 15 15 0 0 0 0 0 0 0 0 0 0 5 6 7 8 9 10 0 0 0 0 0 0 0 0 0 0 6 7 8 9 10 11 0
  0 0 0 0 0 0 0 0 6 7 8 9 10 11 12 0 0 0 0 0 0 0 0 0 7 8 9 10 11 12 13 0 0 0 0
  0 0 0 0 7 8 9 10 11 12 13 14 0 0 0 0 0 0 0 7 8 9 10 11 12 13 14 15 0 0 0 0 0
  0 6 7 8 9 10 11 12 13 14 15 0 0 0 0 0 6 7 8 9 10 11 12 13 14 15 15 0 0 0 0 6
  7 8 9 10 11 12 13 14 15 15 15 0 0 0 6 7 8 9 10 11 12 13 14 15 15 15 15 0 0 6
  7 8 9 10 11 12 13 14 15 15 15 15 15 0 6 7 8 9 10 11 12 13 14 15 15 15 15 15
  15 6 7 8 9 10 11 12 13 14 15 15 15 15 15 15 15 7 8 9 10 11 12 13 14 15 15 15
  15 15 15 15 15 8 9 10 11 12 13 14 15 15 15 15 15 15 15 15 15 9 10 11 12 13 14
  15 15 15 15 15 15 15 15 15 15 0 0 0 0 0 0 0 0 0 0 5 6 7 8 9 10 0 0 0 0 0 0 0
  0 0 0 6 7 8 9 10 11 0 0 0 0 0 0 0 0 0 6 7 8 9 10 11 12 0 0 0 0 0 0 0 0 6 7 8
  9 10 11 12 13 0 0 0 0 0 0 0 6 7 8 9 10 11 12 13 14 0 0 0 0 0 0 6 7 8 9 10 11
  12 13 14 15 0 0 0 0 0 5 6 7 8 9 10 11 12 13 14 15 0 0 0 0 5 6 7 8 9 10 11 12
  13 14 15 15 0 0 0 5 6 7 8 9 10 11 12 13 14 15 15 15 0 0 5 6 7 8 9 10 11 12 13
  14 15 15 15 15 0 5 6 7 8 9 10 11 12 13 14 15 15 15 15 15 5 6 7 8 9 10 11 12
  13 14 15 15 15 15 15 15 6 7 8 9 10 11 12 13 14 15 15 15 15 15 15 15 7 8 9 10
  11 12 13 14 15 15 15 15 15 15 15 15 8 9 10 11 12 13 14 15 15 15 15 15 15 15
  15 15 9 10 11 12 13 14 15 15 15 15 15 15 15 15 15 15 0 0 0 0 0 0 0 0 0 0 5 6
  7 8 9 10 0 0 0 0 0 0 0 0 0 5 6 7 8 9 10 11 0 0 0 0 0 0 0 0 5 6 7 8 9 10 11 12
  0 0 0 0 0 0 0 5 6 7 8 9 10 11 12 13 0 0 0 0 0 0 5 6 7 8 9 10 11 12 13 14 0 0
  0 0 0 5 6 7 8 9 10 11 12 13 14 15 0 0 0 0 4 5 6 7 8 9 10 11 12 13 14 15 0 0 0
  4 5 6 7 8 9 10 11 12 13 14 15 15 0 0 4 5 6 7 8 9 10 11 12 13 14 15 15 15 0 4
  5 6 7 8 9 10 11 12 13 14 15 15 15 15 4 5 6 7 8 9 10 11 12 13 14 15 15 15 15
  15 5 6 7 8 9 10 11 12 13 14 15 15 15 15 15 15 6 7 8 9 10 11 12 13 14 15 15 15
  15 15 15 15 7 8 9 10 11 12 13 14 15 15 15 15 15 15 15 15 8 9 10 11 12 13 14
  15 15 15 15 15 15 15 15 15 9 10 11 12 13 14 15 15 15 15 15 15 15 15 15 15 0 0
  0 0 0 0 0 0 0 4 5 6 7 8 9 10 0 0 0 0 0 0 0 0 4 5 6 7 8 9 10 11 0 0 0 0 0 0 0
  4 5 6 7 8 9 10 11 12 0 0 0 0 0 0 4 5 6 7 8 9 10 11 12 13 0 0 0 0 0 4 5 6 7 8
  9 10 11 12 13 14 0 0 0 0 4 5 6 7 8 9 10 11 12 13 14 15 0 0 0 3 4 5 6 7 8 9 10
  11 12 13 14 15 1 0 3 4 5 6 7 8 9 10 11 12 13 14 15 15 2 3 4 5 6 7 8 9 10 11
  12 13 14 15 15 15 3 4 5 6 7 8 9 10 11 12 13 14 15 15 15 15 4 5 6 7 8 9 10 11
  12 13 14 15 15 15 15 15 5 6 7 8 9 10 11 12 13 14 15 15 15 15 15 15 6 7 8 9 10
  11 12 13 14 15 15 15 15 15 15 15 7 8 9 10 11 12 13 14 15 15 15 15 15 15 15 15
  8 9 10 11 12 13 14 15 15 15 15 15 15 15 15 15 9 10 11 12 13 14 15 15 15 15 15
  15 15 15 15 15 0 0 0 0 0 0 0 0 0 0 5 6 7 8 9 10 0 0 0 0 0 0 0 0 0 5 6 7 8 9
  10 11 0 0 0 0 0 0 0 0 5 6 7 8 9 10 11 12 0 0 0 0 0 0 0 5 6 7 8 9 10 11 12 13
  0 0 0 0 0 0 5 6 7 8 9 10 11 12 13 14 0 0 0 0 0 5 6 7 8 9 10 11 12 13 14 15 0
  0 0 0 4 5 6 7 8 9 10 11 12 13 14 15 1 0 0 4 5 6 7 8 9 10 11 12 13 14 15 15 2
  3 4 5 6 7 8 9 10 11 12 13 14 15 15 15 3 4 5 6 7 8 9 10 11 12 13 14 15 15 15
  15 4 5 6 7 8 9 10 11 12 13 14 15 15 15 15 15 5 6 7 8 9 10 11 12 13 14 15 15
  15 15 15 15 6 7 8 9 10 11 12 13 14 15 15 15 15 15 15 15 7 8 9 10 11 12 13 14
  15 15 15 15 15 15 15 15 8 9 10 11 12 13 14 15 15 15 15 15 15 15 15 15 9 10 11
  12 13 14 15 15 15 15 15 15 15 15 15 15 0 0 0 0 0 0 0 0 0 0 0 6 7 8 9 10 0 0 0
  0 0 0 0 0 0 0 6 7 8 9 10 11 0 0 0 0 0 0 0 0 0 6 7 8 9 10 11 12 0 0 0 0 0 0 0
  0 6 7 8 9 10 11 12 13 0 0 0 0 0 0 0 6 7 8 9 10 11 12 13 14 0 0 0 0 0 0 6 7 8
  9 10 11 12 13 14 15 0 0 0 0 0 5 6 7 8 9 10 11 12 13 14 15 1 0 0 0 5 6 7 8 9
  10 11 12 13 14 15 15 2 0 0 5 6 7 8 9 10 11 12 13 14 15 15 15 3 4 5 6 7 8 9 10
  11 12 13 14 15 15 15 15 4 5 6 7 8 9 10 11 12 13 14 15 15 15 15 15 5 6 7 8 9
  10 11 12 13 14 15 15 15 15 15 15 6 7 8 9 10 11 12 13 14 15 15 15 15 15 15 15
  7 8 9 10 11 12 13 14 15 15 15 15 15 15 15 15 8 9 10 11 12 13 14 15 15 15 15
  15 15 15 15 15 9 10 11 12 13 14 15 15 15 15 15 15 15 15 15 15 0 0 0 0 0 0 0 0
  0 0 0 0 7 8 9 10 0 0 0 0 0 0 0 0 0 0 0 7 8 9 10 11 0 0 0 0 0 0 0 0 0 0 7 8 9
  10 11 12 0 0 0 0 0 0 0 0 0 7 8 9 10 11 12 13 0 0 0 0 0 0 0 0 7 8 9 10 11 12
  13 14 0 0 0 0 0 0 0 7 8 9 10 11 12 13 14 15 0 0 0 0 0 0 6 7 8 9 10 11 12 13
  14 15 1 0 0 0 0 6 7 8 9 10 11 12 13 14 15 15 2 0 0 0 6 7 8 9 10 11 12 13 14
  15 15 15 3 0 0 6 7 8 9 10 11 12 13 14 15 15 15 15 4 5 6 7 8 9 10 11 12 13 14
  15 15 15 15 15 5 6 7 8 9 10 11 12 13 14 15 15 15 15 15 15 6 7 8 9 10 11 12 13
  14 15 15 15 15 15 15 15 7 8 9 10 11 12 13 14 15 15 15 15 15 15 15 15 8 9 10
  11 12 13 14 15 15 15 15 15 15 15 15 15 9 10 11 12 13 14 15 15 15 15 15 15 15
  15 15 15 0 0 0 0 0 0 0 0 0 0 0 0 0 8 9 10 0 0 0 0 0 0 0 0 0 0 0 0 8 9 10 11 0
  0 0 0 0 0 0 0 0 0 0 8 9 10 11 12 0 0 0 0 0 0 0 0 0 0 8 9 10 11 12 13 0 0 0 0
  0 0 0 0 0 8 9 10 11 12 13 14 0 0 0 0 0 0 0 0 8 9 10 11 12 13 14 15 0 0 0 0 0
  0 0 7 8 9 10 11 12 13 14 15 1 0 0 0 0 0 7 8 9 10 11 12 13 14 15 15 2 1 0 0 0
  7 8 9 10 11 12 13 14 15 15 15 3 0 0 0 7 8 9 10 11 12 13 14 15 15 15 15 4 0 0
  7 8 9 10 11 12 13 14 15 15 15 15 15 5 6 7 8 9 10 11 12 13 14 15 15 15 15 15
  15 6 7 8 9 10 11 12 13 14 15 15 15 15 15 15 15 7 8 9 10 11 12 13 14 15 15 15
  15 15 15 15 15 8 9 10 11 12 13 14 15 15 15 15 15 15 15 15 15 9 10 11 12 13 14
  15 15 15 15 15 15 15 15 15 15 0 0 0 0 0 0 0 0 0 0 0 0 0 0 9 10 0 0 0 0 0 0 0
  0 0 0 0 0 0 9 10 11 0 0 0 0 0 0 0 0 0 0 0 0 9 10 11 12 0 0 0 0 0 0 0 0 0 0 0
  9 10 11 12 13 0 0 0 0 0 0 0 0 0 0 9 10 11 12 13 14 0 0 0 0 0 0 0 0 0 9 10 11
  12 13 14 15 0 0 0 0 0 0 0 0 8 9 10 11 12 13 14 15 1 0 0 0 0 0 0 8 9 10 11 12
  13 14 15 15 2 1 0 0 0 0 8 9 10 11 12 13 14 15 15 15 3 2 0 0 0 8 9 10 11 12 13
  14 15 15 15 15 4 0 0 0 8 9 10 11 12 13 14 15 15 15 15 15 5 0 0 8 9 10 11 12
  13 14 15 15 15 15 15 15 6 7 8 9 10 11 12 13 14 15 15 15 15 15 15 15 7 8 9 10
  11 12 13 14 15 15 15 15 15 15 15 15 8 9 10 11 12 13 14 15 15 15 15 15 15 15
  15 15 9 10 11 12 13 14 15 15 15 15 15 15 15 15 15 15 0 0 0 0 0 0 0 0 0 0 0 0
  0 0 9 10 0 0 0 0 0 0 0 0 0 0 0 0 0 0 10 11 0 0 0 0 0 0 0 0 0 0 0 0 0 10 11 12
  0 0 0 0 0 0 0 0 0 0 0 0 10 11 12 13 0 0 0 0 0 0 0 0 0 0 0 10 11 12 13 14 0 0
  0 0 0 0 0 0 0 0 10 11 12 13 14 15 0 0 0 0 0 0 0 0 0 9 10 11 12 13 14 15 1 0 0
  0 0 0 0 0 9 10 11 12 13 14 15 15 2 1 0 0 0 0 0 9 10 11 12 13 14 15 15 15 3 0
  0 0 0 0 9 10 11 12 13 14 15 15 15 15 4 0 0 0 0 9 10 11 12 13 14 15 15 15 15
  15 5 0 0 0 9 10 11 12 13 14 15 15 15 15 15 15 6 0 0 9 10 11 12 13 14 15 15 15
  15 15 15 15 7 8 9 10 11 12 13 14 15 15 15 15 15 15 15 15 8 9 10 11 12 13 14
  15 15 15 15 15 15 15 15 15 9 10 11 12 13 14 15 15 15 15 15 15 15 15 15 15 0 0
  0 0 0 0 0 0 0 0 0 0 0 0 9 10 0 0 0 0 0 0 0 0 0 0 0 0 0 0 10 11 0 0 0 0 0 0 0
  0 0 0 0 0 0 0 11 12 0 0 0 0 0 0 0 0 0 0 0 0 0 11 12 13 0 0 0 0 0 0 0 0 0 0 0
  0 11 12 13 14 0 0 0 0 0 0 0 0 0 0 0 11 12 13 14 15 0 0 0 0 0 0 0 0 0 0 10 11
  12 13 14 15 1 0 0 0 0 0 0 0 0 10 11 12 13 14 15 15 2 0 0 0 0 0 0 0 10 11 12
  13 14 15 15 15 3 0 0 0 0 0 0 10 11 12 13 14 15 15 15 15 4 0 0 0 0 0 10 11 12
  13 14 15 15 15 15 15 5 0 0 0 0 10 11 12 13 14 15 15 15 15 15 15 6 0 0 0 10 11
  12 13 14 15 15 15 15 15 15 15 7 0 0 10 11 12 13 14 15 15 15 15 15 15 15 15 8
  9 10 11 12 13 14 15 15 15 15 15 15 15 15 15 9 10 11 12 13 14 15 15 15 15 15
  15 15 15 15 15 0 0 0 0 0 0 0 0 0 0 0 0 0 0 9 10 0 0 0 0 0 0 0 0 0 0 0 0 0 0
  10 11 0 0 0 0 0 0 0 0 0 0 0 0 0 0 11 12 0 0 0 0 0 0 0 0 0 0 0 0 0 0 12 13 0 0
  0 0 0 0 0 0 0 0 0 0 0 12 13 14 0 0 0 0 0 0 0 0 0 0 0 0 12 13 14 15 0 0 0 0 0
  0 0 0 0 0 0 11 12 13 14 15 1 0 0 0 0 0 0 0 0 0 11 12 13 14 15 15 2 0 0 0 0 0
  0 0 0 11 12 13 14 15 15 15 3 0 0 0 0 0 0 0 11 12 13 14 15 15 15 15 4 0 0 0 0
  0 0 11 12 13 14 15 15 15 15 15 5 0 0 0 0 0 11 12 13 14 15 15 15 15 15 15 6 0
  0 0 0 11 12 13 14 15 15 15 15 15 15 15 7 0 0 0 11 12 13 14 15 15 15 15 15 15
  15 15 8 0 0 11 12 13 14 15 15 15 15 15 15 15 15 15 9 10 11 12 13 14 15 15 15
  15 15 15 15 15 15 15) 