
#(0 0 0 0 0 0 0 0 0 0 7 7 7 7 7 7 0 0 0 0 0 0 0 0 0 0 7 7 7 7 7 7 0 0 0 0 0 0 0
  0 0 0 7 7 7 7 7 7 0 0 0 0 0 0 0 0 0 0 7 7 7 7 7 7 0 0 0 0 0 0 0 0 0 0 7 7 7 7
  7 7 0 0 0 0 0 0 0 0 0 0 7 7 7 7 7 7 0 0 0 0 0 0 0 0 0 0 7 7 7 7 7 7 0 0 0 0 0
  0 0 0 0 0 7 7 7 7 7 7 0 0 0 0 0 0 0 0 0 0 7 7 7 7 7 7 0 0 0 0 0 0 0 0 0 0 7 7
  7 7 7 7 0 0 0 0 0 0 0 0 0 0 7 7 7 7 7 7 0 0 0 0 0 0 0 0 0 0 7 7 7 7 7 7 0 0 0
  0 0 0 0 0 0 0 7 7 7 7 7 7 0 0 0 0 0 0 0 0 0 0 7 7 7 7 7 7 0 0 0 0 0 0 0 0 0 0
  7 7 7 7 7 7 0 0 0 0 0 0 0 0 0 0 7 7 7 7 7 7 0 0 0 0 0 0 0 0 0 1 1 1 7 7 7 1 0
  0 0 0 0 0 0 0 0 7 1 1 7 1 7 1 0 0 0 0 0 0 0 0 0 1 1 7 7 7 7 1 0 0 0 0 0 0 0 0
  0 7 7 1 7 7 7 7 0 0 0 0 0 0 0 0 0 7 7 7 7 7 1 7 0 0 0 0 0 0 0 0 0 1 7 7 7 7 7
  1 0 0 0 0 0 0 0 0 0 7 7 7 7 7 7 7 0 0 0 0 0 0 0 0 0 1 7 1 7 1 7 7 0 0 0 0 0 0
  0 0 0 7 7 7 7 7 7 7 0 0 0 0 0 0 0 0 0 7 7 1 1 7 7 1 0 0 0 0 0 0 0 0 0 7 1 7 7
  7 1 7 0 0 0 0 0 0 0 0 0 7 7 7 7 7 7 7 0 0 0 0 0 0 0 0 0 7 1 7 7 7 7 7 0 0 0 0
  0 0 0 0 0 7 7 7 7 1 1 7 0 0 0 0 0 0 0 0 0 7 7 7 7 7 7 1 0 0 0 0 0 0 0 0 0 7 1
  7 1 7 7 1 0 0 0 0 0 0 0 0 1 1 7 7 7 7 1 7 0 0 0 0 0 0 0 0 1 7 7 7 1 1 7 1 0 0
  0 0 0 0 0 0 1 1 7 7 7 1 1 7 0 0 0 0 0 0 0 0 1 1 7 7 7 7 1 1 0 0 0 0 0 0 0 0 1
  1 7 7 1 1 1 7 0 0 0 0 0 0 0 0 1 7 7 7 1 7 7 7 0 0 0 0 0 0 0 0 7 7 1 1 7 7 1 7
  0 0 0 0 0 0 0 0 7 7 1 7 7 7 1 1 0 0 0 0 0 0 0 0 11 7 7 7 1 7 1 7 0 0 0 0 0 0
  0 0 7 7 7 1 7 7 7 7 0 0 0 0 0 0 0 0 1 7 7 7 1 7 7 1 0 0 0 0 0 0 0 0 1 11 11 7
  7 1 7 7 0 0 0 0 0 0 0 0 7 1 7 11 11 7 7 7 0 0 0 0 0 0 0 0 7 7 7 7 7 3 7 7 0 0
  0 0 0 0 0 0 1 7 7 11 7 3 1 1 0 0 0 0 0 0 0 0 7 1 7 7 7 7 1 7 0 0 0 0 0 0 0 1
  1 1 1 1 1 7 1 1 0 0 0 0 0 0 0 1 7 1 1 1 1 1 7 7 0 0 0 0 0 0 0 1 1 7 7 1 1 7 7
  7 0 0 0 0 0 0 0 7 7 1 7 7 7 1 7 1 0 0 0 0 0 0 0 1 7 1 1 7 1 7 1 7 0 0 0 0 0 0
  0 7 1 7 7 1 1 1 7 1 0 0 0 0 0 0 0 7 7 1 1 1 1 7 7 7 0 0 0 0 0 0 0 11 7 11 1 1
  7 7 1 1 0 0 0 0 0 0 0 11 11 11 11 1 1 1 1 1 0 0 0 0 0 0 0 7 7 11 11 1 7 1 7 7
  0 0 0 0 0 0 0 1 11 7 7 7 1 1 1 1 0 0 0 0 0 0 0 7 7 11 7 7 7 7 3 7 0 0 0 0 0 0
  0 7 1 7 11 7 7 7 7 7 0 0 0 0 0 0 0 1 1 1 11 11 7 11 3 1 0 0 0 0 0 0 0 1 1 1 7
  11 11 11 7 7 0 0 0 0 0 0 0 7 1 7 11 11 11 11 7 1 0 0 0 0 0 0 3 1 1 1 15 1 7 1
  1 7 0 0 0 0 0 0 3 1 1 15 1 1 1 1 7 1 0 0 0 0 0 0 3 1 7 1 1 1 1 1 1 1 0 0 0 0
  0 0 1 1 1 1 7 1 1 1 1 7 0 0 0 0 0 0 11 1 1 1 1 1 7 1 1 1 0 0 0 0 0 0 11 11 1
  1 1 1 1 1 1 7 0 0 0 0 0 0 11 11 11 1 1 1 1 1 1 1 0 0 0 0 0 0 11 11 11 11 1 1
  1 7 1 1 0 0 0 0 0 0 11 11 11 11 11 1 7 7 1 1 0 0 0 0 0 0 1 7 11 11 11 1 1 7 1
  1 0 0 0 0 0 0 1 1 1 7 1 7 1 1 1 1 0 0 0 0 0 0 1 7 1 1 11 11 1 3 3 1 0 0 0 0 0
  0 1 1 1 1 11 11 3 3 7 1 0 0 0 0 0 0 1 1 1 1 7 7 11 7 3 1 0 0 0 0 0 0 1 1 1 1
  11 11 11 3 3 1 0 0 0 0 0 0 1 1 1 1 7 7 11 11 3 1 0 0 0 0 0 3 3 3 1 1 15 1 1 1
  1 1 0 0 0 0 0 3 3 3 1 15 1 1 1 1 1 1 0 0 0 0 0 11 3 3 1 1 1 1 1 1 1 1 0 0 0 0
  0 11 11 1 1 1 1 1 1 1 1 1 0 0 0 0 0 11 11 11 1 1 1 1 1 1 1 1 0 0 0 0 0 11 11
  11 1 1 1 1 1 1 1 1 0 0 0 0 0 11 11 11 11 1 1 1 1 1 1 1 0 0 0 0 0 3 11 11 11 1
  1 1 1 1 1 1 0 0 0 0 0 1 1 1 11 1 1 1 1 1 1 1 0 0 0 0 0 1 1 1 1 1 1 1 1 1 1 1
  0 0 0 0 0 1 1 1 1 1 1 1 1 1 1 1 0 0 0 0 0 1 1 1 1 1 1 1 1 1 1 1 0 0 0 0 0 1 1
  1 1 1 1 1 1 3 1 1 0 0 0 0 0 1 1 1 1 1 1 1 3 3 1 1 0 0 0 0 0 1 1 1 1 1 1 3 3 3
  1 1 0 0 0 0 0 1 1 1 1 1 3 3 3 3 1 1 0 0 0 0 3 3 3 3 1 1 1 1 1 1 1 1 0 0 0 0
  11 11 3 3 1 15 15 1 1 1 1 1 0 0 0 0 11 11 11 3 1 15 15 1 1 1 1 1 0 0 0 0 11
  11 11 1 1 1 1 1 1 1 1 1 0 0 0 0 11 11 11 3 1 1 1 1 1 1 1 1 0 0 0 0 3 11 11 3
  1 1 1 1 1 1 1 1 0 0 0 0 1 3 11 1 1 1 1 1 1 1 1 1 0 0 0 0 1 3 3 1 1 1 1 1 1 1
  1 1 0 0 0 0 1 1 1 1 1 1 1 1 1 1 1 1 0 0 0 0 1 1 1 1 1 1 1 1 1 1 1 1 0 0 0 0 1
  1 1 1 1 1 1 1 1 1 1 1 0 0 0 0 1 1 1 1 1 1 1 1 1 1 1 1 0 0 0 0 1 1 1 1 1 1 1 1
  1 1 1 1 0 0 0 0 1 1 1 15 1 1 1 1 1 1 1 1 0 0 0 0 1 1 1 1 1 1 1 1 1 1 1 1 0 0
  0 0 1 1 1 1 1 1 1 1 1 1 1 1 0 0 0 11 11 11 3 1 1 1 1 1 1 1 1 1 0 0 0 11 11 11
  3 1 1 1 1 1 1 1 1 1 0 0 0 11 11 11 3 1 1 1 1 1 1 1 1 1 0 0 0 1 11 11 11 1 1 1
  1 1 1 1 1 1 0 0 0 1 11 11 3 1 1 1 1 1 1 1 1 1 0 0 0 1 1 3 3 73 1 1 1 1 1 1 1
  1 0 0 0 1 1 1 1 1 1 1 1 1 1 1 1 1 0 0 0 1 1 1 1 1 1 1 1 1 1 1 1 16 0 0 0 1 1
  1 1 1 1 1 1 1 1 1 1 16 0 0 0 1 1 1 1 1 1 1 1 1 1 1 1 16 0 0 0 1 1 1 1 1 1 1 1
  1 1 1 1 16 0 0 0 1 1 1 1 1 1 1 1 1 1 1 1 16 0 0 0 1 1 1 1 1 1 1 1 1 1 1 1 1 0
  0 0 1 1 1 1 15 1 1 1 1 1 1 1 1 0 0 0 1 1 1 1 1 1 1 1 1 1 3 3 1 0 0 0 1 1 1 1
  1 1 1 1 1 1 3 3 3 0 0 1 11 11 11 11 1 1 1 1 1 1 1 1 1 0 0 1 11 11 11 1 1 1 1
  1 1 1 1 1 1 0 0 1 1 11 11 1 1 1 1 1 1 1 1 1 1 0 0 1 1 1 1 1 1 1 1 1 1 1 73 1
  1 0 0 1 1 1 1 1 1 1 1 1 1 1 1 1 1 0 0 1 1 1 1 1 1 1 1 1 1 1 1 1 1 0 0 1 1 1 1
  1 1 1 1 1 1 1 1 1 1 0 0 1 1 1 1 1 1 1 1 1 1 1 1 1 16 0 0 1 1 1 1 1 1 1 1 1 1
  1 1 1 16 0 0 3 1 1 1 1 1 1 1 1 1 1 1 1 16 0 0 3 1 1 1 1 1 1 1 1 1 1 1 1 16 0
  0 3 1 1 1 1 1 1 1 1 1 1 1 1 16 0 0 3 1 1 1 1 1 1 1 1 1 1 1 1 1 0 0 3 1 1 1 1
  1 1 1 1 1 1 1 1 1 0 0 3 1 1 1 1 1 1 1 1 1 1 3 3 1 0 0 3 1 1 1 1 1 1 1 1 1 3 3
  3 3 0 1 1 1 11 11 11 1 1 1 1 1 1 1 1 1 0 1 1 1 11 11 1 1 1 1 1 1 1 1 1 1 0 1
  1 1 1 1 1 1 1 1 1 1 73 73 1 1 0 1 1 1 1 1 1 1 1 1 1 1 73 73 1 1 0 1 1 1 1 1 1
  1 1 1 1 1 1 1 1 1 0 1 1 1 1 1 1 1 1 1 1 1 1 1 1 1 0 3 1 1 1 1 1 1 1 1 1 1 1 1
  1 1 0 3 1 1 1 1 1 1 1 1 1 1 1 1 1 1 0 3 3 1 1 1 1 1 1 1 1 1 1 1 1 1 0 3 3 1 1
  1 1 1 1 1 1 1 1 1 1 1 0 3 3 1 1 1 1 1 1 1 1 1 1 1 1 1 0 3 3 1 1 1 1 1 1 1 1 1
  1 1 1 1 0 3 3 1 1 1 1 1 1 1 1 1 1 1 1 1 0 3 3 1 1 1 1 1 1 1 1 1 1 1 1 1 0 3 1
  1 1 1 1 1 1 1 1 1 1 1 1 1 0 1 1 1 1 1 1 1 1 1 1 1 1 3 3 3 1 1 1 1 1 1 1 1 1 1
  1 1 1 1 1 1 1 1 1 1 1 1 1 1 1 1 1 1 1 1 1 1 1 1 1 1 1 1 1 1 1 1 1 1 73 1 1 1
  1 1 1 1 1 1 1 1 1 1 1 1 1 1 1 1 1 1 1 1 1 1 1 1 1 1 1 1 1 1 1 1 1 1 1 1 1 1 1
  1 1 1 1 1 1 1 1 1 3 3 1 1 1 1 1 1 1 1 1 1 1 1 1 1 3 3 1 1 1 1 1 1 1 1 1 1 1 1
  1 1 3 3 1 1 1 1 1 1 1 1 1 1 1 1 1 1 3 3 3 1 1 1 1 1 1 1 1 1 1 1 1 1 3 3 3 1 1
  1 1 1 1 1 1 1 1 1 1 1 3 3 3 1 1 1 1 73 1 1 1 1 1 1 1 1 3 3 3 1 1 1 1 73 73 1
  1 1 1 1 1 1 1 3 1 1 1 1 1 1 1 1 1 1 1 1 1 1 1 1 1 1 1 1 1 1 1 1 1 1 1 1 1 1 1
  1 1 1 1 1 1 1 1 1 1 1 1 1 1 1 1 1 1 1 1 1 1 1 1 1 1 1 1 1 1 1 1 1 1 1 1 1 1 1
  1 1 15 15 1 1 1 1 1 1 1 1 1 1 1 1 1 1 15 15 1 1 1 1 1 1 1 1 1 1 1 1 1 1 1 1 1
  1 1 1 1 1 1 1 1 1 1 1 1 1 1 1 1 1 1 1 1 1 1 1 1 1 1 1 1 1 1 1 1 1 1 1 1 1 1 1
  1 1 1 1 1 1 1 1 1 1 1 1 1 1 1 1 1 1 1 1 1 1 1 1 1 1 1 1 1 1 1 1 1 1 1 1 1 1 1
  1 1 1 1 1 1 1 1 1 1 1 1 1 1 1 1 1 1 1 1 1 1 1 1 1 1 1 1 1 1 1 1 1 1 1 1 1 1 1
  1 1 1 1 1 73 1 1 1 1 1 1 1 1 1 1 1 1 1 1 1 73 73 1 1 1 73 1 1 1 1 1 1 1 1 1 1
  1 1 1 1 1 1 1 1 1 1 1 1 1 1 1 1 1 1 1 1 1 1 1 1 1 1 1 1 1 1 1 1 1 1 1 1 1 1 1
  1 1 1 1 3 3 1 1 1 1 1 1 1 1 1 1 1 1 1 1 1 1 1 1 1 1 1 1 15 15 1 1 1 1 1 1 1 1
  1 1 1 1 1 1 15 15 1 1 1 1 1 1 14 1 1 1 1 1 1 1 1 1 1 1 1 1 1 1 1 1 1 1 1 1 1
  1 1 1 1 1 1 1 1 1 1 1 1 1 1 1 1 1 1 1 1 1 1 1 1 1 1 1 1 1 1 1 1 1 1 1 1 1 1 1
  1 1 1 1 73 1 1 1 1 1 1 1 1 1 1 1 1 1 1 1 1 1 1 1 1 1 1 1 1 1 1 1 1 1 1 1 1 1
  1 1 1 1 1 1 1 1 1 1 1 1 1 1 1 1 1 1 1 1 1 1 1 1 1 1 1 1 1 1 1 1 1 1 1 1 1 1 1
  1 1 1 1 1 1 1 1 1 1 1 1 1 1 73 73 1 1 1 1 1 1 1 1 1 1 1 1 1 1 73 73 1 1 1 1 1
  1 1 1 1 1 1 1 1 1 1 1 1 1 1 1 1 1 1 1 1 1 1 1 1 1 1 1 1 1 1 1 1 3 3 1 1 1 1 1
  1 1 1 1 1 1 1 1 1 1 1 1 1 1 1 1 1 1 1 1 1 1 1 1 1 14 14 1 1 1 1 1 1 1 1 1 1 1
  1 1 1 14 1 1 1 1 1 1 1 1 1 1 1 1 1 1 1 1 1 1 1 1 1 1 1 1 1 1 1 1 1 1 1 1 1 1
  1 1 1 1 1 1 1 1 1 1 1 1 1 1 1 73 73 1 1 1 1 1 1 1 1 1 1 1 1 1 1 73 73 1 1 1 1
  1 1 1 1 1 1 1 1 1 1 1 1 1 1 1 1 1 1 1 1 1 1 1 1 1 1 1 1 1 1 1 1 1 1 1 1 1 1 1
  1 1 1 1 1 1 1 1 1 1 1 1 1 1 1 1 1 1 1 1 1 1 1 1 1 1 1 1 1 1 1 56 1 1 1 1 1 1
  1 1 1 1 1 1 1 1 1 1 1 1 1 1 1 1 1 1 1 1 73 1 1 1 1 1 1 1 1 1 1 1 1 1 1 1 1 1
  1 1 1 1 1 1 1 1 1 1 1 1 1 1 1 1 1 1 1 1 1 1 1 1 1 1 1 1 1 1 1 1 1 1 1 1 1 1 1
  1 1 1 1 1 1 1 1 1 1 1 1 1 1 1 14 1 1 1 1 1 1 1 1 1 1 1 1 1 1 1 1 1 1 1 1 1 1
  1 1 1 1 1 1 1 1 1 1 1 1 1 1 1 1 1 1 1 1 1 1 1 1 1 1 1 1 1 1 1 1 1 1 1 1 1 1 1
  1 1 1 1 1 1 1 1 1 1 1 1 1 1 1 1 1 1 1 1 1 1 1 1 1 1 1 1 1 1 1 1 1 1 1 1 1 1 1
  1 1 1 1 1 1 1 1 1 1 1 1 1 1 1 1 1 1 1 1 1 1 1 1 1 1 1 1 1 1 1 1 1 1 1 1 1 1 1
  1 56 56 1 1 1 1 1 1 1 1 1 1 1 1 1 1 56 56 1 1 1 1 1 1 1 1 1 1 1 1 1 1 1 1 1 1
  1 1 1 1 1 1 1 1 1 1 1 1 1 1 1 1 1 1 1 1 1 1 1 1 1 1 1 1 1 1 1 1 1 1 1 1 1 1 1
  1 1 1 1 1 1 1 1 1 1 1 3 3 3 1 1 1 1 1 1 1 1 1 1 1 1 1 1 1 1 1 1 1 1 1 1 1 1 1
  1 1 1 1 1 1 1 1 1 1 1 1 1 1 1 1 1 1 1 1 1 1 1 1 1 1 1 1 1 1 1 1 1 1 1 1 1 1 1
  1 1 1 1 1 1 1 1 1 1 1 1 1 1 1 1 1 1 1 1 1 1 13 1 1 1 1 1 1 1 1 1 1 1 1 1 1 1
  13 1 1 1 1 1 1 1 1 1 1 1 1 1 1 1 1 1 1 1 1 1 1 1 1 1 1 1 1 1 1 1 1 1 1 1 1 1
  1 1 1 1 1 1 1 1 1 1 1 1 1 1 1 1 1 1 1 1 1 1 1 1 1 1 1 1 56 16 16 1 1 1 1 1 1
  1 1 1 1 1 1 1 1 16 16 1 1 1 1 1 1 1 1 1 1 1 1 1 1 1 16 1 1 1 1 1 1 1 1 1 1 1
  1 1 1 1 1 1 1 1 1 1 1 1 1 1 1 1 1 1 1 1 1 1 1 1 1 1 1 1 1 1 1 1 1) 
#(0 0 0 0 0 0 0 0 0 0 0 0 0 0 0 0 0 0 0 0 0 0 0 0 0 0 0 0 0 0 0 0 0 0 0 0 0 0 0
  0 0 0 0 0 0 0 0 0 0 0 0 0 0 0 0 0 0 0 0 0 0 0 0 0 0 0 0 0 0 0 0 0 0 0 0 0 0 0
  0 0 0 0 0 0 0 0 0 0 0 0 0 0 0 0 0 0 0 0 0 0 0 0 0 0 0 0 0 0 0 0 0 0 0 0 0 0 0
  0 0 0 0 0 0 0 0 0 0 0 0 0 0 0 0 0 0 0 0 0 0 0 0 0 0 0 0 0 0 0 0 0 0 0 0 0 0 0
  0 0 0 0 0 0 0 0 0 0 0 0 0 0 0 0 0 0 0 0 0 0 0 0 0 0 0 0 0 0 0 0 0 0 0 0 0 0 0
  0 0 0 0 0 0 0 0 0 0 0 0 0 0 0 0 0 0 0 0 0 0 0 0 0 0 0 0 0 0 0 0 0 0 0 0 0 0 0
  0 0 0 0 0 0 0 0 0 0 0 0 0 0 0 0 0 0 0 0 0 0 0 0 0 0 0 0 0 0 0 0 0 0 0 0 0 0 0
  0 0 0 0 0 0 0 0 0 0 0 0 0 0 0 0 0 0 0 0 0 0 0 0 0 0 0 0 0 0 0 0 0 0 0 0 0 0 0
  0 0 0 0 0 0 0 0 0 0 0 0 0 0 0 0 0 0 0 0 0 0 0 0 0 0 0 0 0 0 0 0 0 0 0 0 0 0 0
  0 0 0 0 0 0 0 0 0 0 0 0 0 0 0 0 0 0 0 0 0 0 0 0 0 0 0 0 0 0 0 0 0 0 0 0 0 0 0
  0 0 0 0 0 0 0 0 0 0 0 0 0 0 0 0 0 0 0 0 0 0 0 0 0 0 0 0 0 0 0 0 0 0 0 0 0 0 0
  0 0 0 0 0 0 0 0 0 0 0 0 0 0 0 0 0 0 0 0 0 0 0 0 0 0 0 0 0 0 0 0 0 0 0 0 0 0 0
  0 0 0 0 0 0 0 0 0 0 0 0 0 0 0 0 0 0 0 0 0 0 0 0 0 0 0 0 0 0 0 0 0 0 0 0 0 0 0
  0 0 0 0 0 0 0 0 0 0 0 0 0 0 0 0 0 0 0 0 0 0 0 0 0 0 0 0 0 0 0 0 0 0 0 0 0 0 0
  0 0 0 0 0 0 0 0 0 0 0 0 0 0 0 0 0 0 0 0 0 0 0 0 0 0 0 0 0 0 0 0 0 0 0 0 0 0 0
  0 0 0 0 0 0 0 0 0 0 0 0 0 0 0 0 0 0 0 0 0 0 0 0 0 0 0 0 0 0 0 0 0 0 0 0 0 0 0
  0 0 0 0 0 0 0 0 0 0 0 0 0 0 0 0 0 0 0 0 0 0 0 0 15 0 0 0 0 0 0 0 0 0 0 0 0 0
  0 0 0 0 0 0 0 0 0 0 0 0 0 0 0 0 0 0 0 0 0 0 0 0 0 0 0 0 0 0 0 0 0 0 0 15 15 0
  0 0 0 0 0 0 0 0 0 0 0 0 0 0 0 15 15 0 0 0 0 0 0 0 0 0 0 0 0 0 0 0 0 0 0 0 0 0
  0 0 0 0 0 0 0 0 0 15 0 0 0 0 0 0 0 0 0 0 0 0 0 0 0 0 0 0 0 0 0 0 0 0 0 0 0 0
  0 0 0 0 0 0 0 0 0 0 0 0 0 0 0 0 0 0 0 0 0 0 0 0 0 0 0 0 0 0 0 0 0 0 0 0 0 0 0
  0 0 0 0 0 0 0 0 0 0 0 0 0 0 0 0 0 0 0 0 0 0 0 0 0 0 0 0 0 0 0 0 0 0 0 0 0 0 0
  0 0 0 0 0 0 0 0 0 0 0 0 0 0 0 0 0 0 0 0 0 0 0 0 0 0 0 0 0 0 0 0 0 15 0 15 0 0
  0 0 0 0 0 0 0 0 0 0 0 15 15 15 15 0 0 0 0 0 0 0 0 0 0 0 0 0 0 15 15 0 0 0 0 0
  0 0 0 0 0 0 0 0 15 0 0 0 0 0 0 0 0 0 0 0 0 0 0 0 0 15 0 0 0 0 0 0 0 0 0 0 0 0
  0 0 0 0 15 0 0 0 0 0 0 0 0 0 0 0 0 0 0 0 15 15 0 15 0 0 0 0 0 0 0 0 0 0 0 0 0
  15 15 15 0 0 0 0 0 0 0 0 0 0 0 0 15 15 15 15 0 0 0 0 0 0 0 0 0 0 0 0 0 0 0 0
  0 0 0 0 0 0 0 0 0 0 0 0 0 0 0 0 0 0 0 0 0 0 0 0 0 0 0 0 0 0 0 0 0 0 0 0 0 0 0
  0 0 0 0 0 0 0 0 0 0 0 0 0 0 0 0 0 15 0 0 0 0 0 0 0 0 0 0 0 0 0 0 0 15 15 0 0
  0 0 0 0 0 0 0 0 0 0 0 0 15 15 15 0 0 0 0 0 0 0 0 0 0 0 0 0 15 15 15 15 0 0 0
  0 0 0 0 0 0 0 0 0 15 15 15 15 15 0 0 0 0 0 0 0 0 0 0 0 0 0 15 15 15 0 0 0 0 0
  0 0 0 0 0 0 0 0 0 0 0 0 0 0 0 0 0 0 0 0 0 0 0 0 0 0 15 15 0 0 0 0 0 0 0 0 0 0
  0 0 0 0 15 15 0 0 0 0 0 0 0 0 0 0 0 0 0 0 0 0 15 0 0 0 0 0 0 0 0 0 0 0 0 0 15
  15 15 0 0 0 0 0 0 0 0 0 0 0 0 0 0 0 15 15 0 0 0 0 0 0 0 0 0 0 0 0 0 0 0 0 0 0
  0 0 0 0 0 0 0 0 0 0 0 0 0 0 0 0 0 0 0 0 0 15 0 0 0 0 0 0 0 0 0 0 0 0 0 0 0 15
  15 0 0 0 0 0 0 0 0 0 0 0 0 0 0 15 15 15 0 0 0 0 0 0 0 0 0 0 0 0 0 15 15 15 0
  0 0 0 0 0 0 0 0 0 0 0 0 15 15 15 15 0 0 0 0 0 0 0 0 0 0 0 0 0 15 15 15 0 0 0
  0 0 0 0 0 0 0 0 0 0 0 0 15 0 0 0 0 0 0 0 0 0 0 0 0 0 0 0 0 0 0 0 0 0 0 0 0 0
  0 0 0 0 0 0 0 0 0 0 0 0 0 0 0 0 0 0 0 0 0 0 0 0 0 0 0 0 0 0 0 0 0 0 0 0 0 0 0
  0 0 0 0 0 0 0 0 0 0 0 0 0 0 0 0 0 0 0 0 0 0 0 0 0 0 0 0 0 0 0 0 0 0 0 0 0 0 0
  0 0 0 0 0 0 0 0 0 0 0 0 0 0 0 0 0 0 0 0 0 0 0 0 0 0 0 0 0 0 0 0 0 0 0 0 15 15
  0 0 0 0 0 0 0 0 0 0 0 0 0 0 15 15 15 0 0 0 0 0 0 0 0 0 0 0 0 0 15 15 15 0 0 0
  0 0 0 0 0 0 0 0 0 0 15 15 15 0 0 0 0 0 0 0 0 0 0 0 0 0 0 15 15 0 0 0 0 0 0 0
  0 0 0 0 0 0 0 0 15 0 0 0 0 0 0 0 0 0 0 0 0 0 0 0 0 0 0 0 0 0 0 0 0 0 0 0 0 0
  0 0 0 0 0 0 0 0 0 0 0 0 0 0 0 0 0 0 0 0 0 0 0 0 0 0 0 0 0 0 0 0 0 0 0 0 0 0 0
  0 0 0 0 0 0 0 0 0 0 0 0 0 0 0 0 0 0 0 0 0 0 0 0 0 0 0 0 0 0 0 0 0 0 0 0 0 0 0
  0 0 0 0 0 0 0 0 0 0 0 0 0 0 0 0 0 0 0 0 0 0 0 0 0 0 0 0 0 0 0 0 0 0 0 0 0 0 0
  0 0 0 0 0 0 0 0 0 0 15 15 15 0 0 0 0 0 0 0 0 0 0 0 0 0 15 15 15 0 0 0 0 0 0 0
  0 0 0 0 0 0 15 15 15 0 0 0 0 0 0 0 0 0 0 0 0 0 0 15 15 15 0 0 0 0 0 0 0 0 0 0
  0 0 0 15 15 0 0 0 0 0 0 0 0 0 0 0 0 0 0 0 0 0 0 0 0 0 0 0 0 0 0 0 0 0 0 0 0 0
  0 0 0 0 0 0 0 0 0 0 0 0 0 0 0 0 0 0 0 0 0 0 0 0 0 0 0 0 0 0 0 0 0 0 0 0 0 0 0
  0 0 0 0 0 0 0 0 0 0 0 0 0 0 0 0 0 0 0 0 0 0 0 0 0 0 0 0 0 0 0 0 0 0 0 0 0 0 0
  0 0 0 0 0 0 0 0 0 0 0 0 0 0 0 0 0 0 0 0 0 0 0 0 0 0 0 0 0 0 0 0 0 0 0 0 0 0 0
  0 0 0 0 0 0 0 0 0 0 0 0 0 0 0 0 0 0 0 0 0 0 0 0 0 0 0 0 0 0 0 0 0 0 0 0 0 0 0
  15 15 15 15 0 0 0 0 0 0 0 0 0 0 0 0 15 15 15 0 0 0 0 0 0 0 0 0 0 0 0 0 0 15
  15 0 0 0 0 0 0 0 0 0 0 0 0 0 0 0 0 0 0 0 0 0 0 0 0 0 0 0 0 0 0 0 0 0 0 0 0 0
  0 0 0 0 0 0 0 0 0 0 0 0 0 0 0 0 0 0 0 0 0 0 0 0 0 0 0 0 0 0 0 0 0 0 0 0 0 0 0
  0 0 0 0 0 0 0 0 0 0 0 0 0 0 0 0 0 0 0 0 0 0 0 0 0 0 0 0 0 0 0 0 0 0 0 0 0 0 0
  0 0 0 0 0 0 0 0 0 0 0 0 0 0 0 0 0 0 0 0 0 0 0 0 0 0 0 0 0 0 0 0 0 0 0 0 0 0 0
  0 0 0 0 0 0 0 0 0 0 0 0 0 0 0 0 0 0 0 0 0 0 0 0 0 0 0 0 0 0 0 0 0 0 0 0 0 0 0
  0 0 0 0 0 0 0 0 0 0 0 0 0 0 0 0 0 0 0 0 0 0 0 0 0 0 0 0 0 15 15 15 0 0 0 0 0
  0 0 0 0 0 0 0 0 15 15 0 0 0 0 0 0 0 0 0 0 0 0 0 0 0 0 0 0 0 0 0 0 0 0 0 0 0 0
  0 0 0 0 0 0 0 0 0 0 0 0 0 0 0 0 0 0 0 0 0 0 0 0 0 0 0 0 0 0 0 0 0 0 0 0 0 0 0
  0 0 0 0 0 0 0 0 0 0 0 0 0 0 0 0 0 0 0 0 0 0 0 0 0 0 0 0 0 0 0 0 0 0 0 0 0 0 0
  0 0 0 0 0 0 0 0 0 0 0 0 0 0 0 0 0 0 0 0 0 0 0 0 0 0 0 0 0 0 0 0 0 0 0 0 0 0 0
  0 0 0 0 0 0 0 0 0 0 0 0 0 0 0 0 0 0 0 0 0 0 0 0 0 0 0 0 0 0 0 0 0 0 0 0 0 0 0
  0 0 0 0 0 0 0 0 0 0 0 0 0 0 0 0 0 0 0 0 0 0 0 0 0 0 0 0 0 0 0 0 0 0 0 0 0 0 0
  0 0 0 0 0 0 0 0 0 0 0 0 0 0 0 0 0 0 0 0 0 0 0 0 0 0 0 0 0 0 0 0 0 0 0 0 0 0 0
  0 0 0 0 0 0 0 0 0 0 0 0 0 0 0 0 0 0 0 0 0 0 0 0 0 0 0 0 0 0 0 0 0 0 0 0 0 0 0
  0 0 0 0 0 0 0 0 0 0 0 0 0 0 0 0 0 0 0 0 0 0 0 0 0 0 0 0 0 0 0 0 0 0 0 0 0 0 0
  0 0 0 0 0 0 0 0 0 0 0 0 0 0 0 0 0 0 0 0 0 0 0 0 0 0 0 0 0 0 0 0 0 0 0 0 0 0 0
  0 0 0 0 0 0 0 0 0 0 0 0 0 0 0 0 0 0 0 0 0 0 0 0 0 0 0 0 0 0 0 0 0 0 0 0 0 0 0
  0 0 0 0 0 0 0 0 0 0 0 0 0 0 0 0 0 0 0 0 0 0 0 0 0 0 0 0 0 0 0 0 0 0 0 0 0 0 0
  0 0 0 0 0 0 0 0 0 0 0 0 0 0 0 0 0 0 0 0 0 0 0 0 0 0 0 0 0 0 0 0 0 0 0 0 0 0 0
  0 0 0 0 0 0 0 0 0 0 0 0 0 0 0 0 0 0 0 0 0 0 0 0 0 0 0 0 0 0 0 0 0 0 0 0 0 0 0
  0 0 0 0 0 0 0 0 0 0 0 0 0 0 0 0 0 0 0 0 0 0 0 0 0 0 0 0 0 0 0 0 0 0 0 0 0 0 0
  0 0 0 0 0 0 0 0 0 0 0 0 0 0 0 0 0 0 0 0 0 0 0 0 0 0 0 0 0 0 0 0 0 0 0 0 0 0 0
  0 0 0 0 0 0 0 0 0 0 0 0 0 0 0 0 0 0 0 0 0 0 0 0 0 0 0 0 0 0 0 0 0 0 0 0 0 0 0
  0 0 0 0 0 0 0 0 0 0 0 0 0 0 0 0 0 0 0 0 0 0 0 0 0 0 0 0 0 0 0 0 0 0 0 0 0 0 0
  0 0 0 0 0 0 0 0 0 0 0 0 0 0 0 0 0 0 0 0 0 0 0 0 0 0 0 0 0 0 0 0 0 0 0 0 0 0 0
  0 0 0 0 0 0 0 0 0 0 0 0 0 0 0 0 0 0 0 0 0 0 0 0 0 0 0 0 0 0 0 0 0 0 0 0 0 0 0
  0 0 0 0 0 0 0 0 0 0 0 0 0 0 0 0 0 0 0 0 0 0 0 0 0 0 0 0 0 0 0 0 0 0 0 0 0 0 0
  0 0 0 0 0 0 0 0 0 0 0 0 0 0 0 0 0 0 0 0 0 0 0 0 0 0 0 0 0 0 0 0 0 0 0 0 0 0 0
  0 0 0 0 0 0 0 0 0 0 0 0 0 0 0 0 0 0 0 0 0 0 0 0 0 0 0 0 0 0 0 0 0 0 0 0 0 0 0
  0 0 0 0 0 0 0 0 0 0 0 0 0 0 0 0 0 0 0 0 0 0 0 0 0 0 0 0 0 0 0 0 0 0 0 0 0 0 0
  0 0 0 0 0 0 0 0 0 0 0 0 0 0 0 0 0 0 0 0 0 0 0 0 0 0 0 0 0 0 0 0 0 0 0 0 0 0 0
  0 0 0 0 0 0 0 0 0 0 0 0 0 0 0 0 0 0 0 0 0 0 0 0 0 0 0 0 0 0 0 0 0 0 0 0 0 0 0
  0 0 0 0 0 0 0 0 0 0 0 0 0 0 0 0 0 0 0 0 0 0 0 0 0 0 0 0 0 0 0 0 0 0 0 0 0 0 0
  0 0 0 0 0 0 0 0 0 0 0 0 0 0 0 0 0 0 0 0 0 0 0 0 0 0 0 0 0 0 0 0 0 0 0 0 0 0 0
  0 0 0 0 0 0 0 0 0 0 0 0 0 0 0 0 0 0 0 0 0 0 0 0 0 0 0 0 0 0 0 0 0 0 0 0 0 0 0
  0 0 0 0 0 0 0 0 0 0 0 0 0 0 0 0 0 0 0 0 0 0 0 0 0 0 0 0 0 0 0 0 0 0 0 0 0 0 0
  0 0 0 0 0 0 0 0 0 0 0 0 0 0 0 0 0 0 0 0 0 0 0 0 0 0 0 0 0 0 0 0 0 0 0 0 0 0 0
  0 0 0 0 0 0 0 0 0 0 0 0 0 0 0 0 0 0 0 0 0 0 0 0 0 0 0 0 0 0 0 0 0 0 0 0 0 0 0
  0 0 0 0 0 0 0 0 0 0 0 0 0 0 0 0 0 0 0 0 0 0 0 0 0 0 0 0 0 0 0 0 0 0 0 0 0 0 0
  0 0 0 0 0 0 0 0 0 0 0 0 0 0 0 0 0 0 0 0 0 0 0 0 0 0 0 0 0 0 0 0 0 0 0 0 0 0 0
  0 0 0 0 0 0 0 0 0 0 0 0 0 0 0 0 0 0 0 0 0 0 0 0 0 0 0 0 0 0 0 0 0 0 0 0 0 0 0
  0 0 0 0 0 0 0 0 0 0 0 0 0 0 0 0 0 0 0 0 0 0 0 0 0 0 0 0 0 0 0 0 0 0 0 0 0 0 0
  0 0 0 0 0 0 0 0 0 0 0 0 0 0 0 0 0 0 0 0 0 0 0 0 0 0 0 0 0 0 0 0 0 0 0 0 0 0 0
  0 0 0 0 0 0 0 0 0 0 0 0 0 0 0 0 0 0 0 0 0 0 0 0 0 0 0 0 0 0 0 0 0 0 0 0 0 0 0
  0 0 0 0 0 0 0 0 0 0 0 0 0 0 0 0 0 0 0 0 0 0 0 0 0 0 0 0 0 0 0 0 0 0 0 0 0 0 0
  0 0 0 0 0 0 0 0 0 0 0 0 0 0 0 0 0 0 0 0 0 0 0 0 0 0 0 0 0 0 0 0 0 0 0 0 0 0 0
  0 0 0 0 0 0 0 0 0 0 0 0 0 0 0 0 0 0 0 0 0 0 0 0 0 0 0 0 0 0 0 0 0 0 0 0 0 0 0
  0 0 0 0 0 0 0 0 0 0 0 0 0 0 0 0 0 0 0 0 0 0 0 0 0 0 0 0 0 0 0 0 0 0 0 0 0 0 0
  0 0 0 0 0 0 0 0 0 0 0 0 0 0 0 0 0 0 0 0 0 0 0 0 0 0 0 0 0 0 0 0 0 0 0 0 0 0 0
  0 0 0 0 0 0 0 0 0 0 0 0 0 0 0 0 0 0 0 0 0 0 0 0 0 0 0 0 0 0 0 0 0 0 0 0 0 0 0
  0 0 0 0 0 0 0 0 0 0 0 0 0 0 0 0 0 0 0 0 0 0 0 0 0 0 0 0 0 0 0 0 0 0 0 0 0 0 0
  0 0 0 0 0 0 0 0 0 0 0 0 0 0 0 0 0 0 0 0 0 0 0 0 0 0) 
#(7 6 5 4 3 2 1 0 0 0 0 0 0 0 0 0 7 6 5 4 3 2 1 0 0 0 0 0 0 0 0 0 7 6 5 4 3 2 1
  0 0 0 0 0 0 0 0 0 7 6 5 4 3 2 1 0 0 0 0 0 0 0 0 0 7 6 5 4 3 2 1 0 0 0 0 0 0 0
  0 0 7 6 5 4 3 2 1 0 0 0 0 0 0 0 0 0 7 6 5 4 3 2 1 0 0 0 0 0 0 0 0 0 7 6 5 4 3
  2 1 0 0 0 0 0 0 0 0 0 7 6 5 4 3 2 1 0 0 0 0 0 0 0 0 0 7 6 5 4 3 2 1 0 0 0 0 0
  0 0 0 0 7 6 5 4 3 2 1 0 0 0 0 0 0 0 0 0 7 6 5 4 3 2 1 0 0 0 0 0 0 0 0 0 7 6 5
  4 3 2 1 0 0 0 0 0 0 0 0 0 6 5 4 3 2 1 0 0 0 0 0 0 0 0 0 0 6 5 4 3 2 1 0 0 0 0
  0 0 0 0 0 0 5 4 3 2 1 0 0 0 0 0 0 0 0 0 0 0 8 7 6 5 4 3 2 1 0 0 0 0 0 0 0 0 8
  7 6 5 4 3 2 1 0 0 0 0 0 0 0 0 8 7 6 5 4 3 2 1 0 0 0 0 0 0 0 0 8 7 6 5 4 3 2 1
  0 0 0 0 0 0 0 0 8 7 6 5 4 3 2 1 0 0 0 0 0 0 0 0 8 7 6 5 4 3 2 1 0 0 0 0 0 0 0
  0 8 7 6 5 4 3 2 1 0 0 0 0 0 0 0 0 8 7 6 5 4 3 2 1 0 0 0 0 0 0 0 0 8 7 6 5 4 3
  2 1 0 0 0 0 0 0 0 0 8 7 6 5 4 3 2 1 0 0 0 0 0 0 0 0 8 7 6 5 4 3 2 1 0 0 0 0 0
  0 0 0 8 7 6 5 4 3 2 1 0 0 0 0 0 0 0 0 8 7 6 5 4 3 2 1 0 0 0 0 0 0 0 0 7 6 5 4
  3 2 1 0 0 0 0 0 0 0 0 0 7 6 5 4 3 2 1 0 0 0 0 0 0 0 0 0 6 5 4 3 2 1 0 0 0 0 0
  0 0 0 0 0 8 7 6 5 4 3 2 1 0 0 0 0 0 0 0 0 8 7 6 5 4 3 2 1 0 0 0 0 0 0 0 0 8 7
  6 5 4 3 2 1 0 0 0 0 0 0 0 0 8 7 6 5 4 3 2 1 0 0 0 0 0 0 0 0 8 7 6 5 4 3 2 1 0
  0 0 0 0 0 0 0 8 7 6 5 4 3 2 1 0 0 0 0 0 0 0 0 8 7 6 5 4 3 2 1 0 0 0 0 0 0 0 0
  8 7 6 5 4 3 2 1 0 0 0 0 0 0 0 0 8 7 6 5 4 3 2 1 0 0 0 0 0 0 0 0 8 7 6 5 4 3 2
  1 0 0 0 0 0 0 0 0 8 7 6 5 4 3 2 1 0 0 0 0 0 0 0 0 8 7 6 5 4 3 2 1 0 0 0 0 0 0
  0 0 8 7 6 5 4 3 2 1 0 0 0 0 0 0 0 0 7 6 5 4 3 2 1 0 0 0 0 0 0 0 0 0 7 6 5 4 3
  2 1 0 0 0 0 0 0 0 0 0 6 5 4 3 2 1 0 0 0 0 0 0 0 0 0 0 8 7 6 5 4 3 2 0 0 0 0 0
  0 0 0 0 8 7 6 5 4 3 2 0 0 0 0 0 0 0 0 0 8 7 6 5 4 3 2 0 0 0 0 0 0 0 0 0 8 7 6
  5 4 3 2 0 0 0 0 0 0 0 0 0 8 7 6 5 4 3 2 0 0 0 0 0 0 0 0 0 8 7 6 5 4 3 2 0 0 0
  0 0 0 0 0 0 8 7 6 5 4 3 2 0 0 0 0 0 0 0 0 0 8 7 6 5 4 3 2 1 0 0 0 0 0 0 0 0 8
  7 6 5 4 3 2 1 0 0 0 0 0 0 0 0 8 7 6 5 4 3 2 0 0 0 0 0 0 0 0 0 8 7 6 5 4 3 2 0
  0 0 0 0 0 0 0 0 8 7 6 5 4 3 2 0 0 0 0 0 0 0 0 0 8 7 6 5 4 3 2 0 0 0 0 0 0 0 0
  0 7 6 5 4 3 2 1 0 0 0 0 0 0 0 0 0 7 6 5 4 3 2 1 0 0 0 0 0 0 0 0 0 6 5 4 3 2 1
  0 0 0 0 0 0 0 0 0 0 8 7 6 5 4 3 0 0 0 0 0 0 0 0 0 0 8 7 6 5 4 3 0 0 0 0 0 0 0
  0 0 0 8 7 6 5 4 3 0 0 0 0 0 0 0 0 0 0 8 7 6 5 4 3 0 0 0 0 0 0 0 0 0 0 8 7 6 5
  4 3 2 0 0 0 0 0 0 0 0 0 8 7 6 5 4 3 2 1 0 0 0 0 0 0 0 0 8 7 6 5 4 3 2 1 0 0 0
  0 0 0 0 0 8 7 6 5 4 3 2 1 0 0 0 0 0 0 0 0 8 7 6 5 4 3 2 1 0 0 0 0 0 0 0 0 8 7
  6 5 4 3 0 0 0 0 0 0 0 0 0 0 8 7 6 5 4 3 0 0 0 0 0 0 0 0 0 0 8 7 6 5 4 3 0 0 0
  0 0 0 0 0 0 0 8 7 6 5 4 3 0 0 0 0 0 0 0 0 0 0 7 6 5 4 3 2 0 0 0 0 0 0 0 0 0 0
  7 6 5 4 3 2 0 0 0 0 0 0 0 0 0 0 6 5 4 3 2 1 0 0 0 0 0 0 0 0 0 0 8 7 6 5 4 0 0
  0 0 0 0 0 0 0 0 0 8 7 6 5 4 0 0 0 0 0 0 0 0 0 0 0 8 7 6 5 4 3 0 0 0 0 0 0 0 0
  0 0 8 7 6 5 4 3 2 0 0 0 0 0 0 0 0 0 8 7 6 5 4 3 2 1 0 0 0 0 0 0 0 0 8 7 6 5 4
  3 2 1 0 0 0 0 0 0 0 0 8 7 6 5 4 3 2 1 0 0 0 0 0 0 0 0 8 7 6 5 4 0 1 0 0 0 0 0
  0 0 0 0 8 7 6 5 4 0 0 0 0 0 0 0 0 0 0 0 8 7 6 5 4 0 0 0 0 0 0 0 0 0 0 0 8 7 6
  5 4 0 0 0 0 0 0 0 0 0 0 0 8 7 6 5 4 0 0 0 0 0 0 0 0 0 0 0 8 7 6 5 4 0 0 0 0 0
  0 0 0 0 0 0 7 6 5 4 3 0 0 0 0 0 0 0 0 0 0 0 7 6 5 4 3 0 0 0 0 0 0 0 0 0 0 0 6
  5 4 3 2 0 0 0 0 0 0 0 0 0 0 0 8 7 6 5 0 0 0 0 0 0 0 0 0 0 0 0 8 7 6 5 4 3 0 0
  0 0 0 0 0 0 0 0 8 7 6 5 4 3 2 0 0 0 0 0 0 0 0 0 8 7 6 5 4 3 2 0 0 0 0 0 0 0 0
  0 8 7 6 5 4 3 2 0 0 0 0 0 0 0 0 0 8 7 6 5 0 2 1 0 0 0 0 0 0 0 0 0 8 7 6 5 0 0
  1 0 0 0 0 0 0 0 0 0 8 7 6 5 0 0 0 0 0 0 0 0 0 0 0 0 8 7 6 5 0 0 0 0 0 0 0 0 0
  0 0 0 8 7 6 5 0 0 0 0 0 0 0 0 0 0 0 0 8 7 6 5 0 0 0 0 0 0 0 0 0 0 0 0 8 7 6 5
  0 0 0 0 0 0 0 0 0 0 0 0 8 7 6 5 0 0 0 0 0 0 0 0 0 0 0 0 7 6 5 4 0 0 0 0 0 0 0
  0 0 0 0 0 7 6 5 4 0 0 0 0 0 0 0 0 0 0 0 0 6 5 4 3 0 0 0 0 0 0 0 0 0 0 0 0 8 7
  6 5 4 3 0 0 0 0 0 0 0 0 0 0 8 7 6 5 4 3 0 0 0 0 0 0 0 0 0 0 8 7 6 5 4 3 0 0 0
  0 0 0 0 0 0 0 8 7 6 0 3 2 1 0 0 0 0 0 0 0 0 0 8 7 6 0 3 2 0 0 0 0 0 0 0 0 0 0
  8 7 6 0 0 0 0 0 0 0 0 0 0 0 0 0 8 7 6 0 0 0 0 0 0 0 0 0 0 0 0 0 8 7 6 0 0 0 0
  0 0 0 0 0 0 0 0 0 8 7 6 0 0 0 0 0 0 0 0 0 0 0 0 0 8 7 6 0 0 0 0 0 0 0 0 0 0 0
  0 0 8 7 6 0 0 0 0 0 0 0 0 0 0 0 0 0 8 7 6 0 0 0 0 0 0 0 0 0 0 0 0 0 8 7 6 0 0
  0 0 0 0 0 0 0 0 0 0 0 7 6 5 0 0 0 0 0 0 0 0 0 0 0 0 0 7 6 5 0 0 0 0 0 0 0 0 0
  0 0 0 0 6 5 4 0 0 0 0 0 0 0 0 0 0 0 0 0 8 7 0 4 3 2 1 0 0 0 0 0 0 0 0 0 8 7 0
  4 3 2 0 0 0 0 0 0 0 0 0 0 8 7 0 0 3 2 0 0 0 0 0 0 0 0 0 0 8 7 0 0 0 0 0 0 0 0
  0 0 0 0 0 0 8 7 0 0 0 0 0 0 0 0 0 0 0 0 0 0 8 7 0 0 0 0 0 0 0 0 0 0 0 0 0 0 8
  7 0 0 0 0 0 0 0 0 0 0 0 0 0 0 8 7 0 0 0 0 0 0 0 0 0 0 0 0 0 0 8 7 0 0 0 0 0 0
  0 0 0 0 0 0 0 0 8 7 0 0 0 0 0 0 0 0 0 0 0 0 0 0 8 7 0 0 0 0 0 0 0 0 0 0 0 0 0
  0 8 7 0 0 0 0 0 0 0 0 0 0 0 0 0 0 8 7 0 0 0 0 0 0 0 0 0 0 0 0 0 0 7 6 0 0 0 0
  0 0 0 0 0 0 0 0 0 0 7 6 0 0 0 0 0 0 0 0 0 0 0 0 0 0 6 5 0 0 0 0 0 0 0 0 0 0 0
  0 0 0 8 0 0 0 2 1 0 0 0 0 0 0 0 0 0 0 8 0 0 0 2 1 0 0 0 0 0 0 0 0 0 0 8 0 0 0
  0 0 0 0 0 0 0 0 0 0 0 0 8 0 0 0 0 0 0 0 0 0 0 0 0 0 0 0 8 0 0 0 0 0 0 0 0 0 0
  0 0 0 0 0 8 0 0 0 0 0 0 0 0 0 0 0 0 0 0 0 8 0 0 0 0 0 0 0 0 0 0 0 0 0 0 0 8 0
  0 0 0 0 0 0 0 0 0 0 0 0 0 0 8 0 0 0 0 0 0 0 0 0 0 0 0 0 0 0 8 0 0 0 0 0 0 0 0
  0 0 0 0 0 0 0 8 0 0 0 0 0 0 0 0 0 0 0 0 0 0 0 8 0 0 0 0 0 0 0 0 0 0 0 0 0 0 0
  8 0 0 0 0 0 0 0 0 0 0 0 0 0 0 0 7 0 0 0 0 0 0 0 0 0 0 0 0 0 0 0 7 0 0 0 0 0 0
  0 0 0 0 0 0 0 0 0 6 0 0 0 0 0 0 0 0 0 0 0 0 0 0 0 0 0 0 0 0 0 0 0 0 0 0 0 0 0
  0 0 0 0 0 0 0 0 0 0 0 0 0 0 0 0 0 0 0 0 0 0 0 0 0 0 0 0 0 0 0 0 0 0 0 0 0 0 0
  0 0 0 0 0 0 0 0 0 0 0 0 0 0 0 0 0 0 0 0 0 0 0 0 0 0 0 0 0 0 0 0 0 0 0 0 0 0 0
  0 0 0 0 0 0 0 0 0 0 0 0 0 0 0 0 0 0 0 0 0 0 0 0 0 0 0 0 0 0 0 0 0 0 0 0 0 0 0
  0 0 0 0 0 0 0 0 0 0 0 0 0 0 0 0 0 0 0 0 0 0 0 0 0 0 0 0 0 0 0 0 0 0 0 0 0 0 0
  0 0 0 0 0 0 0 0 0 0 0 0 0 0 0 0 0 0 0 0 0 0 0 0 0 0 0 0 0 0 0 0 0 0 0 0 0 0 0
  0 0 0 0 0 0 0 0 0 0 0 0 0 0 0 0 0 0 0 0 0 0 0 0 0 0 0 0 0 0 0 0 0 0 0 0 0 0 0
  0 0 0 0 0 0 0 0 0 0 0 0 0 0 0 0 0 0 0 0 0 0 0 0 0 0 0 0 0 0 0 0 0 0 0 0 0 0 0
  0 0 0 0 0 0 0 0 0 0 0 0 0 0 0 0 0 0 0 0 0 0 0 0 0 0 0 0 0 0 0 0 0 0 0 0 0 0 0
  0 0 0 0 0 0 0 0 0 0 0 0 0 0 0 0 0 0 0 0 0 0 0 0 0 0 0 0 0 0 0 0 0 0 0 0 0 0 0
  0 0 0 0 0 0 0 0 0 0 0 0 0 0 0 0 0 0 0 0 0 0 0 0 0 0 0 0 0 0 0 0 0 0 0 0 0 0 0
  0 0 0 0 0 0 0 0 0 0 0 0 0 0 0 0 0 0 0 0 0 0 0 0 0 0 0 0 0 0 0 0 0 0 0 0 0 0 0
  0 0 0 0 0 0 0 0 0 0 0 0 0 0 0 0 0 0 0 0 0 0 0 0 0 0 0 0 0 0 0 0 0 0 0 0 0 0 0
  0 0 0 0 0 0 0 0 0 0 0 0 0 0 0 0 0 0 0 0 0 0 0 0 0 0 0 0 0 0 0 0 0 0 0 0 0 0 0
  0 0 0 0 0 0 0 0 0 0 0 0 0 0 0 0 0 0 0 0 0 0 0 0 0 0 0 0 0 0 0 0 0 0 0 0 0 0 0
  0 0 0 0 0 0 0 0 0 0 0 0 0 0 0 0 0 0 0 0 0 0 0 0 0 0 0 0 0 0 0 0 0 0 0 0 0 0 0
  0 0 0 0 0 0 0 0 0 0 0 0 0 0 0 0 0 0 0 0 0 0 0 0 0 0 0 0 0 0 0 0 0 0 0 0 0 0 0
  0 0 0 0 0 0 0 0 0 0 0 0 0 0 0 0 0 0 0 0 0 0 0 0 0 0 0 0 0 0 0 0 0 0 0 0 0 0 0
  0 0 0 0 0 0 0 0 0 0 0 0 0 0 0 0 0 0 0 0 0 0 0 0 0 0 0 0 0 0 0 0 0 0 0 0 0 0 0
  0 0 0 0 0 0 0 0 0 0 0 0 0 0 0 0 0 0 0 0 0 0 0 0 0 0 0 0 0 0 0 0 0 0 0 0 0 0 0
  0 0 0 0 0 0 0 0 0 0 0 0 0 0 0 0 0 0 0 0 0 0 0 0 0 0 0 0 0 0 0 0 0 0 0 0 0 0 0
  0 0 0 0 0 0 0 0 0 0 0 0 0 0 0 0 0 0 0 0 0 0 0 0 0 0 0 0 0 0 0 0 0 0 0 0 0 0 0
  0 0 0 0 0 0 0 0 0 0 0 0 0 0 0 0 0 0 0 0 0 0 0 0 0 0 0 0 0 0 0 0 0 0 0 0 0 0 0
  0 0 0 0 0 0 0 0 0 0 0 0 0 0 0 0 0 0 0 0 0 0 0 0 0 0 0 0 0 0 0 0 0 0 0 0 0 0 0
  0 0 0 0 0 0 0 0 0 0 0 0 0 0 0 0 0 0 0 0 0 0 0 0 0 0 0 0 0 0 0 0 0 0 0 0 0 0 0
  0 0 0 0 0 0 0 0 0 0 0 0 0 0 0 0 0 0 0 0 0 0 0 0 0 0 0 0 0 0 0 0 0 0 0 0 0 0 0
  0 0 0 0 0 0 0 0 0 0 0 0 0 0 0 0 0 0 0 0 0 0 0 0 0 0 0 0 0 0 0 0 0 0 0 0 0 0 0
  0 0 0 0 0 0 0 0 0 0 0 0 0 0 0 0 0 0 0 0 0 0 0 0 0 0 0 0 0 0 0 0 0 0 0 0 0 0 0
  0 0 0 0 0 0 0 0 0 0 0 0 0 0 0 0 0 0 0 0 0 0 0 0 0 0 0 0 0 0 0 0 0 0 0 0 0 0 0
  0 0 0 0 0 0 0 0 0 0 0 0 0 0 0 0 0 0 0 0 0 0 0 0 0 0 0 0 0 0 0 0 0 0 0 0 0 0 0
  0 0 0 0 0 0 0 0 0 0 0 0 0 0 0 0 0 0 0 0 0 0 0 0 0 0 0 0 0 0 0 0 0 0 0 0 0 0 0
  0 0 0 0 0 0 0 0 0 0 0 0 0 0 0 0 0 0 0 0 0 0 0 0 0 0 0 0 0 0 0 0 0 0 0 0 0 0 0
  0 0 0 0 0 0 0 0 0 0 0 0 0 0 0 0 0 0 0 0 0 0 0 0 0 0 0 0 0 0 0 0 0 0 0 0 0 0 0
  0 0 0 0 0 0 0 0 0 0 0 0 0 0 0 0 0 0 0 0 0 0 0 0 0 0 0 0 0 0 0 0 0 0 0 0 0 0 0
  0 0 0 0 0 0 0 0 0 0 0 0 0 0 0 0 0 0 0 0 0 0 0 0 0 0 0 0 0 0 0 0 0 0 0 0 0 0 0
  0 0 0 0 0 0 0 0 0 0 0 0 0 0 0 0 0 0 0 0 0 0 0 0 0 0 0 0 0 0 0 0 0 0 0 0 0 0 0
  0 0 0 0 0 0 0 0 0 0 0 0 0 0 0 0 0 0 0 0 0 0 0 0 0 0 0 0 0 0 0 0 0 0 0 0 0 0 0
  0 0 0 0 0 0 0 0 0 0 0 0 0 0 0 0 0 0 0 0 0 0 0 0 0 0 0 0 0 0 0 0 0 0 0 0 0 0 0
  0 0 0 0 0 0 0 0 0 0 0 0 0 0 0 0 0 0 0 0 0 0 0 0 0 0 0 0 0 0 0 0 0 0 0 0 0 0 0
  0 0 0 0 0 0 0 0 0 0 0 0 0 0 0 0 0 0 0 0 0 0 0 0 0 0 0 0 0 0 0 0 0 0 0 0 0 0 0
  0) 