
#(1 1 1 1 1 1 1 1 1 1 1 1 1 3 3 2 1 1 1 1 1 1 1 1 1 1 1 1 1 3 2 0 1 1 1 1 1 1 1
  1 1 1 1 1 1 2 0 0 1 1 1 1 1 1 1 1 1 1 1 1 1 0 0 0 1 1 1 1 1 1 1 1 1 1 1 1 0 0
  0 0 1 1 1 1 1 1 1 1 1 1 0 0 0 0 0 0 0 0 0 0 0 0 0 0 0 0 0 0 0 0 0 0 0 0 0 0 0
  0 0 0 0 0 0 0 0 0 0 0 0 0 0 0 0 0 0 0 0 0 0 0 0 0 0 0 0 0 0 0 0 0 0 0 0 0 0 0
  0 0 0 0 0 0 0 0 0 0 0 0 0 0 0 0 0 0 0 0 0 0 0 0 0 0 0 0 0 0 0 0 0 0 0 0 0 0 0
  0 0 0 0 0 0 0 0 0 0 0 0 0 0 0 0 0 0 0 0 0 0 0 0 0 0 0 0 0 0 0 0 0 0 0 0 0 0 0
  0 0 0 0 0 0 0 0 0 0 0 0 0 0 0 0 0 0 0 0 0 0 1 1 1 1 1 1 1 1 1 1 1 1 1 3 2 0 1
  1 1 1 1 1 1 1 1 1 1 1 1 2 0 0 1 1 1 1 1 1 1 1 1 1 1 1 1 0 0 0 1 1 1 1 1 1 1 1
  1 1 1 1 0 0 0 0 3 1 1 1 1 1 1 1 1 1 1 0 0 0 0 0 1 1 1 1 1 1 1 1 1 1 0 0 0 0 0
  0 1 1 1 1 1 1 1 1 0 0 0 0 0 0 0 0 0 0 0 0 0 0 0 0 0 0 0 0 0 0 0 0 0 0 0 0 0 0
  0 0 0 0 0 0 0 0 0 0 0 0 0 0 0 0 0 0 0 0 0 0 0 0 0 0 0 0 0 0 0 0 0 0 0 0 0 0 0
  0 0 0 0 0 0 0 0 0 0 0 0 0 0 0 0 0 0 0 0 0 0 0 0 0 0 0 0 0 0 0 0 0 0 0 0 0 0 0
  0 0 0 0 0 0 0 0 0 0 0 0 0 0 0 0 0 0 0 0 0 0 0 0 0 0 0 0 0 0 0 0 0 0 0 0 0 0 0
  0 0 0 0 0 1 1 1 1 1 14 14 1 1 1 1 1 1 1 0 0 1 1 1 1 1 1 1 1 1 1 1 1 1 0 0 0 1
  1 1 1 1 1 1 1 1 1 1 1 0 0 0 0 1 1 1 1 1 1 1 1 1 1 1 0 0 0 0 0 3 1 1 1 1 1 1 1
  1 1 0 0 0 0 0 0 1 1 1 1 1 1 1 1 1 0 0 0 0 0 0 0 1 1 1 1 1 1 1 1 0 0 0 0 0 0 0
  0 1 3 1 1 1 1 0 0 0 0 0 0 0 0 0 0 0 0 0 0 0 0 0 0 0 0 0 0 0 0 0 0 0 0 0 0 0 0
  0 0 0 0 0 0 0 0 0 0 0 0 0 0 0 0 0 0 0 0 0 0 0 0 0 0 0 0 0 0 0 0 0 0 0 0 0 0 0
  0 0 0 0 0 0 0 0 0 0 0 0 0 0 0 0 0 0 0 0 0 0 0 0 0 0 0 0 0 0 0 0 0 0 0 0 0 0 0
  0 0 0 0 0 0 0 0 0 0 0 0 0 0 0 0 0 0 0 0 0 0 0 0 0 0 0 0 1 1 1 1 1 14 14 1 1 1
  1 1 1 0 0 0 1 1 1 1 1 1 1 1 1 1 1 1 0 0 0 0 1 1 1 1 1 1 1 1 1 1 1 0 0 0 0 0 1
  1 1 1 1 1 1 21 1 1 0 0 0 0 0 0 1 1 1 1 1 1 1 1 1 0 0 0 0 0 0 0 1 1 1 1 1 1 1
  1 0 0 0 0 0 0 0 0 1 1 1 1 1 1 1 0 0 0 0 0 0 0 0 0 1 1 1 1 1 1 0 0 0 0 0 0 0 0
  0 0 1 1 1 1 0 0 0 0 0 0 0 0 0 0 0 0 0 0 0 0 0 0 0 0 0 0 0 0 0 0 0 0 0 0 0 0 0
  0 0 0 0 0 0 0 0 0 0 0 0 0 0 0 0 0 0 0 0 0 0 0 0 0 0 0 0 0 0 0 0 0 0 0 0 0 0 0
  0 0 0 0 0 0 0 0 0 0 0 0 0 0 0 0 0 0 0 0 0 0 0 0 0 0 0 0 0 0 0 0 0 0 0 0 0 0 0
  0 0 0 0 0 0 0 0 0 0 0 0 0 1 1 1 1 1 1 1 1 1 1 1 1 0 0 0 0 1 1 1 1 1 1 1 1 1 1
  1 0 0 0 0 0 1 1 1 1 1 1 1 1 1 1 0 0 0 0 0 0 1 1 1 1 1 1 1 21 1 0 0 0 0 0 0 0
  1 1 1 1 1 1 21 1 0 0 0 0 0 0 0 0 1 1 1 1 1 1 1 0 0 0 0 0 0 0 0 0 1 1 1 1 1 1
  0 0 0 0 0 0 0 0 0 0 1 1 1 15 1 0 0 0 0 0 0 0 0 0 0 0 1 1 1 1 0 0 0 0 0 0 0 0
  0 0 0 0 1 1 0 0 0 0 0 0 0 0 0 0 0 0 0 0 0 0 0 0 0 0 0 0 0 0 0 0 0 0 0 0 0 0 0
  0 0 0 0 0 0 0 0 0 0 0 0 0 0 0 0 0 0 0 0 0 0 0 0 0 0 0 0 0 0 0 0 0 0 0 0 0 0 0
  0 0 0 0 0 0 0 0 0 0 0 0 0 0 0 0 0 0 0 0 0 0 0 0 0 0 0 0 0 0 0 0 0 0 0 0 0 0 1
  1 1 1 1 1 1 1 1 1 1 0 0 0 0 0 1 1 1 1 1 1 1 1 1 1 0 0 0 0 0 0 1 1 1 1 1 1 1 1
  1 0 0 0 0 0 0 0 1 1 1 1 1 1 1 1 0 0 0 0 0 0 0 0 1 1 1 1 1 1 21 0 0 0 0 0 0 0
  0 0 1 1 1 1 1 1 0 0 0 0 0 0 0 0 0 0 1 1 1 15 15 0 0 0 0 0 0 0 0 0 0 0 1 1 1
  15 0 0 0 0 0 0 0 0 0 0 0 0 1 1 1 0 0 0 0 0 0 0 0 0 0 0 0 0 1 1 0 0 0 0 0 0 0
  0 0 0 0 0 0 0 0 0 0 0 0 0 0 0 0 0 0 0 0 0 0 0 0 0 0 0 0 0 0 0 0 0 0 0 0 0 0 0
  0 0 0 0 0 0 0 0 0 0 0 0 0 0 0 0 0 0 0 0 0 0 0 0 0 0 0 0 0 0 0 0 0 0 0 0 0 0 0
  0 0 0 0 0 0 0 0 0 0 0 0 0 0 0 0 0 0 0 0 0 0 0 0 0 1 1 1 1 1 1 1 1 1 1 0 0 0 0
  0 0 1 1 1 1 1 1 1 1 1 0 0 0 0 0 0 0 1 1 1 1 1 1 1 1 0 0 0 0 0 0 0 0 1 1 1 1 1
  1 1 0 0 0 0 0 0 0 0 0 1 1 1 1 1 1 0 0 0 0 0 0 0 0 0 0 1 1 1 1 1 0 0 0 0 0 0 0
  0 0 0 0 1 1 1 1 0 0 0 0 0 0 0 0 0 0 0 0 1 1 1 0 0 0 0 0 0 0 0 0 0 0 0 0 1 1 0
  0 0 0 0 0 0 0 0 0 0 0 0 0 1 0 0 0 0 0 0 0 0 0 0 0 0 0 0 0 0 0 0 0 0 0 0 0 0 0
  0 0 0 0 0 0 0 0 0 0 0 0 0 0 0 0 0 0 0 0 0 0 0 0 0 0 0 0 0 0 0 0 0 0 0 0 0 0 0
  0 0 0 0 0 0 0 0 0 0 0 0 0 0 0 0 0 0 0 0 0 0 0 0 0 0 0 0 0 0 0 0 0 0 0 0 0 0 0
  0 0 0 0 0 0 0 0 1 1 1 0 0 0 0 0 0 0 0 0 0 0 0 0 1 1 1 1 0 0 0 0 0 0 0 0 0 0 0
  0 1 1 1 1 1 0 0 0 0 0 0 0 0 0 0 0 1 1 1 1 1 0 0 0 0 0 0 0 0 0 0 0 1 1 1 1 1 0
  0 0 0 0 0 0 0 0 0 0 1 1 1 1 0 0 0 0 0 0 0 0 0 0 0 0 1 1 1 0 0 0 0 0 0 0 0 0 0
  0 0 0 1 1 0 0 0 0 0 0 0 0 0 0 0 0 0 0 1 0 0 0 0 0 0 0 0 0 0 0 0 0 0 0 0 0 0 0
  0 0 0 0 0 0 0 0 0 0 0 0 0 0 0 0 0 0 0 0 0 0 0 0 0 0 0 0 0 0 0 0 0 0 0 0 0 0 0
  0 0 0 0 0 0 0 0 0 0 0 0 0 0 0 0 0 0 0 0 0 0 0 0 0 0 0 0 0 0 0 0 0 0 0 0 0 0 0
  0 0 0 0 0 0 0 0 0 0 0 0 0 0 0 0 0 0 0 0 0 0 0 0 0 0 0 0 0 0 1 1 0 0 0 0 0 0 0
  0 0 0 0 0 0 0 1 1 1 0 0 0 0 0 0 0 0 0 0 0 0 0 1 1 1 1 0 0 0 0 0 0 0 0 0 0 0 0
  1 1 1 1 1 0 0 0 0 0 0 0 0 0 0 0 1 1 1 1 1 0 0 0 0 0 0 0 0 0 0 0 1 1 1 1 0 0 0
  0 0 0 0 0 0 0 0 0 1 1 1 0 0 0 0 0 0 0 0 0 0 0 0 0 1 0 0 0 0 0 0 0 0 0 0 0 0 0
  0 0 0 0 0 0 0 0 0 0 0 0 0 0 0 0 0 0 0 0 0 0 0 0 0 0 0 0 0 0 0 0 0 0 0 0 0 0 0
  0 0 0 0 0 0 0 0 0 0 0 0 0 0 0 0 0 0 0 0 0 0 0 0 0 0 0 0 0 0 0 0 0 0 0 0 0 0 0
  0 0 0 0 0 0 0 0 0 0 0 0 0 0 0 0 0 0 0 0 0 0 0 0 0 0 0 0 0 0 0 0 0 0 0 0 0 0 0
  0 0 0 0 0 0 0 0 0 0 0 0 0 0 0 0 0 0 0 0 0 0 0 0 0 0 0 0 0 0 0 0 0 0 0 0 0 0 0
  0 0 0 0 0 0 1 0 0 0 0 0 0 0 0 0 0 0 0 0 0 0 1 1 0 0 0 0 0 0 0 0 0 0 0 0 0 0 1
  1 1 0 0 0 0 0 0 0 0 0 0 0 0 0 1 1 1 0 0 0 0 0 0 0 0 0 0 0 0 0 1 1 0 0 0 0 0 0
  0 0 0 0 0 0 0 0 1 0 0 0 0 0 0 0 0 0 0 0 0 0 0 0 0 0 0 0 0 0 0 0 0 0 0 0 0 0 0
  0 0 0 0 0 0 0 0 0 0 0 0 0 0 0 0 0 0 0 0 0 0 0 0 0 0 0 0 0 0 0 0 0 0 0 0 0 0 0
  0 0 0 0 0 0 0 0 0 0 0 0 0 0 0 0 0 0 0 0 0 0 0 0 0 0 0 0 0 0 0 0 0 0 0 0 0 0 0
  0 0 0 0 0 0 0 0 0 0 0 0 0 0 0 0 0 0 0 0 0 0 0 0 0 0 0 0 0 0 0 0 0 0 0 0 0 0 0
  0 0 0 0 0 0 0 0 0 0 0 0 0 0 0 0 0 0 0 0 0 0 0 0 0 0 0 0 0 0 0 0 0 0 0 0 0 0 0
  0 0 0 0 0 0 0 0 0 0 0 0 0 0 0 0 0 0 0 0 0 0 0 0 0 0 0 0 0 0 0 0 0 0 0 0 0 0 0
  0 0 0 0 0 0 0 0 0 0 0 0 0 0 0 0 0 0 0 0 0 0 0 0 0 0 0 0 0 0 0 0 0 0 0 0 0 0 0
  0 0 0 0 0 0 0 0 0 0 0 0 0 0 0 0 0 0 0 0 0 0 0 0 0 0 0 0 0 0 0 0 0 0 0 0 0 0 0
  0 0 0 0 0 0 0 0 0 0 0 0 0 0 0 0 0 0 0 0 0 0 0 0 0 0 0 0 0 0 0 0 0 0 0 0 0 0 0
  0 0 0 0 0 0 0 0 0 0 0 0 0 0 0 0 0 0 0 0 0 0 0 0 0 0 0 0 0 0 0 0 0 0 0 0 0 0 0
  0 0 0 0 0 0 0 0 0 0 0 0 0 0 0 0 0 0 0 0 0 0 0 0 0 0 0 0 0 0 0 0 0 0 0 0 0 0 0
  0 0 0 0 0 0 0 0 0 0 0 0 0 0 0 0 0 0 0 0 0 0 0 0 0 0 0 0 0 0 0 0 0 0 0 0 0 0 0
  0 0 0 0 0 0 0 0 0 0 0 0 0 0 0 0 0 0 0 0 0 0 0 0 0 0 0 0 0 0 0 0 0 0 0 0 0 0 0
  0 0 0 0 0 0 0 0 0 0 0 0 0 0 0 0 0 0 0 0 0 0 0 0 0 0 0 0 0 0 0 0 0 0 0 0 0 0 0
  0 0 0 0 0 0 0 0 0 0 0 0 0 0 0 0 0 0 0 0 0 0 0 0 0 0 0 0 0 0 0 0 0 0 0 0 0 0 0
  0 0 0 0 0 0 0 0 0 0 0 0 0 0 0 0 0 0 0 0 0 0 0 0 0 0 0 0 0 0 0 0 0 0 0 0 0 0 0
  0 0 0 0 0 0 0 0 0 0 0 0 0 0 0 0 0 0 0 0 0 0 0 0 0 0 0 0 0 0 0 0 0 0 0 0 0 0 0
  0 0 0 0 0 0 0 0 0 0 0 0 0 0 0 0 0 0 0 0 0 0 0 0 0 0 0 0 0 0 0 0 0 0 0 0 0 0 0
  0 0 0 0 0 0 0 0 0 0 0 0 0 0 0 0 0 0 0 0 0 0 0 0 0 0 0 0 0 0 0 0 0 0 0 0 0 0 0
  0 0 0 0 0 0 0 0 0 0 0 0 0 0 0 0 0 0 0 0 0 0 0 0 0 0 0 0 0 0 0 0 0 0 0 0 0 0 0
  0 0 0 0 0 0 0 0 0 0 0 0 0 0 0 0 0 0 0 0 0 0 0 0 0 0 0 0 0 0 0 0 0 0 0 0 0 0 0
  0 0 0 0 0 0 0 0 0 0 0 0 0 0 0 0 0 0 0 0 0 0 0 0 0 0 0 0 0 0 0 0 0 0 0 0 0 0 0
  0 0 0 0 0 0 0 0 0 0 0 0 0 0 0 0 0 0 0 0 0 0 0 0 0 0 0 0 0 0 0 0 0 0 0 0 0 0 0
  0 0 0 0 0 0 0 0 0 0 0 0 0 0 0 0 0 0 0 0 0 0 0 0 0 0 0 0 0 0 0 0 0 0 0 0 0 0 0
  0 0 0 0 0 0 0 0 0 0 0 0 0 0 0 0 0 0 0 0 0 0 0 0 0 0 0 0 0 0 0 0 0 0 0 0 0 0 0
  0 0 0 0 0 0 0 0 0 0 0 0 0 0 0 0 0 0 0 0 0 0 0 0 0 0 0 0 0 0 0 0 0 0 0 0 0 0 0
  0 0 0 0 0 0 0 0 0 0 0 0 0 0 0 0 0 0 0 0 0 0 0 0 0 0 0 0 0 0 0 0 0 0 0 0 0 0 0
  0 0 0 0 0 0 0 0 0 0 0 0 0 0 0 0 0 0 0 0 0 0 0 0 0 0 0 0 0 0 0 0 0 0 0 0 0 0 0
  0 0 0 0 0 0 0 0 0 0 0 0 0 0 0 0 0 0 0 0 0 0 0 0 0 0 0 0 0 0 0 0 0 0 0 0 0 0 0
  0 0 0 0 0 0 0 0 0 0 0 0 0 0 0 0 0 0 0 0 0 0 0 0 0 0 0 0 0 0 0 0 0 0 0 0 0 0 0
  0 0 0 0 0 0 0 0 0 0 0 0 0 0 0 0 0 0 0 0 0 0 0 0 0 0 0 0 0 0 0 0 0 0 0 0 0 0 0
  0 0 0 0 0 0 0 0 0 0 0 0 0 0 0 0 0 0 0 0 0 0 0 0 0 0 0 0 0 0 0 0 0 0 0 0 0 0 0
  0 0 0 0 0 0 0 0 0 0 0 0 0 0 0 0 0 0 0 0 0 0 0 0 0 0 0 0 0 0 0 0 0 0 0 0 0 0 0
  0 0 0 0 0 0 0 0 0 0 0 0 0 0 0 0 0 0 0 0 0 0 0 0 0 0 0 0 0 0 0 0 0 0 0 0 0 0 0
  0 0 0 0 0 0 0 0 0 0 0 0 0 0 0 0 0 0 0 0 0 0 0 0 0 0 0 0 0 0 0 0 0 0 0 0 0 0 0
  0 0 0 0 0 0 0 0 0 0 0 0 0 0 0 0 0 0 0 0 0 0 0 0 0 0 0 0 0 0 0 0 0 0 0 0 0 0 0
  0 0 0 0 0 0 0 0 0 0 0 0 0 0 0 0 0 0 0 0 0 0 0 0 0 0 0 0 0 0 0 0 0 0 0 0 0 0 0
  0 0 0 0 0 0 0 0 0 0 0 0 0 0 0 0 0 0 0 0 0 0 0 0 0 0 0 0 0 0 0 0 0 0 0 0 0 0 0
  0 0 0 0 0 0 0 0 0 0 0 0 0 0 0 0 0 0 0 0 0 0 0 0 0 0 0 0 0 0 0 0 0 0 0 0 0 0 0
  0 0 0 0 0 0 0 0 0 0 0 0 0 0 0 0 0 0 0 0 0 0 0 0 0 0 0 0 0 0 0 0 0 0 0 0 0 0 0
  0 0 0 0 0 0 0 0 0 0 0 0 0 0 0 0 0 0 0 0 0 0 0 0 0 0 0 0 0 0 0 0 0 0 0 0 0 0 0
  0 0 0 0 0 0 0 0 0 0 0 0 0 0 0 0 0 0 0 0 0 0 0 0 0 0 0 0 0 0 0 0 0 0 0 0 0 0 0
  0 0 0 0 0 0 0 0 0 0 0 0 0 0 0 0 0 0 0 0 0 0 0 0 0 0 0 0 0 0 0 0 0 0 0 0 0 0 0
  0 0 0 0 0 0 0 0 0 0 0) 
#(0 0 0 0 0 0 0 0 0 0 0 0 0 0 0 0 0 0 0 0 0 0 0 0 0 0 0 0 0 0 0 0 0 0 0 0 0 0 0
  0 0 0 0 0 0 0 0 0 0 0 0 0 0 0 0 0 0 0 0 0 0 0 0 0 0 0 0 0 0 0 0 0 0 0 0 0 0 0
  0 0 0 0 0 0 0 0 0 0 0 0 0 0 0 0 0 0 0 0 0 0 0 0 0 0 0 0 0 0 0 0 0 0 0 0 0 0 0
  0 0 0 0 0 0 0 0 0 0 0 0 0 0 0 0 0 0 0 0 0 0 0 0 0 0 0 0 0 0 0 0 0 0 0 0 0 0 0
  0 0 0 0 0 0 0 0 0 0 0 0 0 0 0 0 0 0 0 0 0 0 0 0 0 0 0 0 0 0 0 0 0 0 0 0 0 0 0
  0 0 0 0 0 0 0 0 0 0 0 0 0 0 0 0 0 0 0 0 0 0 0 0 0 0 0 0 0 0 0 0 0 0 0 0 0 0 0
  0 0 0 0 0 0 0 0 0 0 0 0 0 0 0 0 0 0 0 0 0 0 0 0 0 0 0 0 0 0 0 0 0 0 0 0 0 0 0
  0 0 0 0 0 0 0 0 0 0 0 0 0 0 0 0 0 0 0 0 0 0 0 0 0 0 0 0 0 0 0 0 0 0 0 0 0 0 0
  0 0 0 0 0 0 0 0 0 0 0 0 0 0 0 0 0 0 0 0 0 0 0 0 0 0 0 0 0 0 0 0 0 0 0 0 0 0 0
  0 0 0 0 0 0 0 0 0 0 0 0 0 0 0 0 0 0 0 0 0 0 0 0 0 0 0 0 0 0 0 0 0 0 0 0 0 0 0
  0 0 0 0 0 0 0 0 0 0 0 0 0 0 0 0 0 0 0 0 0 0 0 0 0 0 0 0 0 0 0 0 0 0 0 0 0 0 0
  0 0 0 0 0 0 0 0 0 0 0 0 0 0 0 0 0 0 0 0 0 0 0 0 0 0 0 0 0 0 0 0 0 0 0 0 0 0 0
  0 0 0 0 0 0 0 0 0 0 0 0 0 0 0 0 0 0 0 0 0 0 0 0 0 0 0 0 0 0 0 0 0 0 0 0 0 0 0
  0 0 0 0 0 0 0 0 0 0 0 0 0 0 0 0 0 0 0 0 0 0 0 0 0 0 0 0 0 0 0 0 0 0 0 0 0 0 0
  0 0 0 0 0 0 0 0 0 0 0 0 0 0 0 0 0 0 0 0 0 0 0 0 0 0 0 0 0 0 0 0 0 0 0 0 0 0 0
  0 0 0 0 0 0 0 0 0 0 0 0 0 0 0 0 0 0 0 0 0 0 0 0 0 0 0 0 0 0 0 0 0 0 0 0 0 0 0
  0 0 0 0 0 0 0 0 0 0 0 0 0 0 0 0 0 0 0 0 0 0 0 0 0 0 0 0 0 0 0 0 0 0 0 0 0 0 0
  0 0 0 0 0 0 0 0 0 0 0 0 0 0 0 0 0 0 0 0 0 0 0 0 0 0 0 0 0 0 0 0 0 0 0 0 0 0 0
  0 0 0 0 0 0 0 0 0 0 0 0 0 0 0 0 0 0 0 0 0 0 0 0 0 0 0 0 0 0 0 0 0 0 0 0 0 0 0
  0 0 0 0 0 0 0 0 0 0 0 0 0 0 0 0 0 0 0 0 0 0 0 0 0 0 0 0 0 0 0 0 0 0 0 0 0 0 0
  0 0 0 0 0 0 0 0 0 0 0 0 0 0 0 0 0 0 0 0 0 0 0 0 0 0 0 0 0 0 0 0 0 0 0 0 0 0 0
  0 0 0 0 0 0 0 0 0 0 0 0 0 0 0 0 0 0 0 0 0 0 0 0 0 0 0 0 0 0 0 0 0 0 0 0 0 0 0
  0 0 0 0 0 0 0 0 0 0 0 0 0 0 0 0 0 0 0 0 0 0 0 0 0 0 0 0 0 0 0 0 0 0 0 0 0 0 0
  0 0 0 0 0 0 0 0 0 0 0 0 0 0 0 0 0 0 0 0 0 0 0 0 0 0 0 0 0 0 0 0 0 0 0 0 0 0 0
  0 0 0 0 0 0 0 0 0 0 0 0 0 0 0 0 0 0 0 0 0 0 0 0 0 0 0 0 0 0 0 0 0 0 0 0 0 0 0
  0 0 0 0 0 0 0 0 0 0 0 0 0 0 0 0 0 0 0 0 0 0 0 0 0 0 0 0 0 0 0 0 0 0 0 0 0 0 0
  0 0 0 0 0 0 0 0 0 0 0 0 0 0 0 0 0 0 0 0 0 0 0 0 0 0 0 0 0 0 0 0 0 0 0 0 0 0 0
  0 0 0 0 0 0 0 0 0 0 0 0 0 0 0 0 0 0 0 0 0 0 0 0 0 0 0 0 0 0 0 0 0 0 0 0 0 0 0
  0 0 0 0 0 0 0 0 0 0 0 0 0 0 0 0 0 0 0 0 0 0 0 0 0 0 0 0 0 0 0 0 0 0 0 0 0 0 0
  0 0 0 0 0 0 0 0 0 0 0 0 0 0 0 0 0 0 0 0 0 0 0 0 0 0 0 0 0 0 0 0 0 0 0 0 0 0 0
  0 0 0 0 0 0 0 0 0 0 0 0 0 0 0 0 0 0 0 0 0 0 0 0 0 0 0 0 0 0 0 0 0 0 0 0 0 0 0
  0 0 0 0 0 0 0 0 0 0 0 0 0 0 0 0 0 0 0 0 0 0 0 0 0 0 0 0 0 0 0 0 0 0 0 0 0 0 0
  0 0 0 0 0 0 0 0 0 0 0 0 0 0 0 0 0 0 0 0 0 0 0 0 0 0 0 0 0 0 0 0 0 0 0 0 0 0 0
  0 0 0 0 0 0 0 0 0 0 0 0 0 0 0 0 0 0 0 0 0 0 0 0 0 0 0 0 0 0 0 0 0 0 0 0 0 0 0
  0 0 0 0 0 0 0 0 0 0 0 0 0 0 0 0 0 0 0 0 0 0 0 0 0 0 0 0 0 0 0 0 0 0 0 0 0 0 0
  0 0 0 0 0 0 0 0 0 0 0 0 0 0 0 0 0 0 0 0 0 0 0 0 0 0 0 0 0 0 0 0 0 0 0 0 0 0 0
  0 0 0 0 0 0 0 0 0 0 0 0 0 0 0 0 0 0 0 0 0 0 0 0 0 0 0 0 0 0 0 0 0 0 0 0 0 0 0
  0 0 0 0 0 0 0 0 0 0 0 0 0 0 0 0 0 0 0 0 0 0 0 0 0 0 0 0 0 0 0 0 0 0 0 0 0 0 0
  0 0 0 0 0 0 0 0 0 0 0 0 0 0 0 0 0 0 0 0 0 0 0 0 0 0 0 0 0 0 0 0 0 0 0 0 0 0 0
  0 0 0 0 0 0 0 0 0 0 0 0 0 0 0 0 0 0 0 0 0 0 0 0 0 0 0 0 0 0 0 0 0 0 0 0 0 0 0
  0 0 0 0 0 0 0 0 0 0 0 0 0 0 0 0 0 0 0 0 0 0 0 0 0 0 0 0 0 0 0 0 0 0 0 0 0 0 0
  0 0 0 0 0 0 0 0 0 0 0 0 0 0 0 0 0 0 0 0 0 0 0 0 0 0 0 0 0 0 0 0 0 0 0 0 0 0 0
  0 0 0 0 0 0 0 0 0 0 0 0 0 0 0 0 0 0 0 0 0 0 0 0 0 0 0 0 0 0 0 0 0 0 0 0 0 0 0
  0 0 0 0 0 0 0 0 0 0 0 0 0 0 0 0 0 0 0 0 0 0 0 0 0 0 0 0 0 0 0 0 0 0 0 0 0 0 0
  0 0 0 0 0 0 0 0 0 0 0 0 0 0 0 0 0 0 0 0 0 0 0 0 0 0 0 0 0 0 0 0 0 0 0 0 0 0 0
  0 0 0 0 0 0 0 0 0 0 0 0 0 0 0 0 0 0 0 0 0 0 0 0 0 0 0 0 0 0 0 0 0 0 0 0 0 0 0
  0 0 0 0 0 0 0 0 0 0 0 0 0 0 0 0 0 0 0 0 0 0 0 0 0 0 0 0 0 0 0 0 0 0 0 0 0 0 0
  0 0 0 0 0 0 0 0 0 0 0 0 0 0 0 0 0 0 0 0 0 0 0 0 0 0 0 0 0 0 0 0 0 0 0 0 0 0 0
  0 0 0 0 0 0 0 0 0 0 0 0 0 0 0 0 0 0 0 0 0 0 0 0 0 0 0 0 0 0 0 0 0 0 0 0 0 0 0
  0 0 0 0 0 0 0 0 0 0 0 0 0 0 0 0 0 0 0 0 0 0 0 0 0 0 0 0 0 0 0 0 0 0 0 0 0 0 0
  0 0 0 0 0 0 0 0 0 0 0 0 0 0 0 0 0 0 0 0 0 0 0 0 0 0 0 0 0 0 0 0 0 0 0 0 0 0 0
  0 0 0 0 0 0 0 0 0 0 0 0 0 0 0 0 0 0 0 0 0 0 0 0 0 0 0 0 0 0 0 0 0 0 0 0 0 0 0
  0 0 0 0 0 0 0 0 0 0 0 0 0 0 0 0 0 0 0 0 0 0 0 0 0 0 0 0 0 0 0 0 0 0 0 0 0 0 0
  0 0 0 0 0 0 0 0 0 0 0 0 0 0 0 0 0 0 0 0 0 0 0 0 0 0 0 0 0 0 0 0 0 0 0 0 0 0 0
  0 0 0 0 0 0 0 0 0 0 0 0 0 0 0 0 0 0 0 0 0 0 0 0 0 0 0 0 0 0 0 0 0 0 0 0 0 0 0
  0 0 0 0 0 0 0 0 0 0 0 0 0 0 0 0 0 0 0 0 0 0 0 0 0 0 0 0 0 0 0 0 0 0 0 0 0 0 0
  0 0 0 0 0 0 0 0 0 0 0 0 0 0 0 0 0 0 0 0 0 0 0 0 0 0 0 0 0 0 0 0 0 0 0 0 0 0 0
  0 0 0 0 0 0 0 0 0 0 0 0 0 0 0 0 0 0 0 0 0 0 0 0 0 0 0 0 0 0 0 0 0 0 0 0 0 0 0
  0 0 0 0 0 0 0 0 0 0 0 0 0 0 0 0 0 0 0 0 0 0 0 0 0 0 0 0 0 0 0 0 0 0 0 0 0 0 0
  0 0 0 0 0 0 0 0 0 0 0 0 0 0 0 0 0 0 0 0 0 0 0 0 0 0 0 0 0 0 0 0 0 0 0 0 0 0 0
  0 0 0 0 0 0 0 0 0 0 0 0 0 0 0 0 0 0 0 0 0 0 0 0 0 0 0 0 0 0 0 0 0 0 0 0 0 0 0
  0 0 0 0 0 0 0 0 0 0 0 0 0 0 0 0 0 0 0 0 0 0 0 0 0 0 0 0 0 0 0 0 0 0 0 0 0 0 0
  0 0 0 0 0 0 0 0 0 0 0 0 0 0 0 0 0 0 0 0 0 0 0 0 0 0 0 0 0 0 0 0 0 0 0 0 0 0 0
  0 0 0 0 0 0 0 0 0 0 0 0 0 0 0 0 0 0 0 0 0 0 0 0 0 0 0 0 0 0 0 0 0 0 0 0 0 0 0
  0 0 0 0 0 0 0 0 0 0 0 0 0 0 0 0 0 0 0 0 0 0 0 0 0 0 0 0 0 0 0 0 0 0 0 0 0 0 0
  0 0 0 0 0 0 0 0 0 0 0 0 0 0 0 0 0 0 0 0 0 0 0 0 0 0 0 0 0 0 0 0 0 0 0 0 0 0 0
  0 0 0 0 0 0 0 0 0 0 0 0 0 0 0 0 0 0 0 0 0 0 0 0 0 0 0 0 0 0 0 0 0 0 0 0 0 0 0
  0 0 0 0 0 0 0 0 0 0 0 0 0 0 0 0 0 0 0 0 0 0 0 0 0 0 0 0 0 0 0 0 0 0 0 0 0 0 0
  0 0 0 0 0 0 0 0 0 0 0 0 0 0 0 0 0 0 0 0 0 0 0 0 0 0 0 0 0 0 0 0 0 0 0 0 0 0 0
  0 0 0 0 0 0 0 0 0 0 0 0 0 0 0 0 0 0 0 0 0 0 0 0 0 0 0 0 0 0 0 0 0 0 0 0 0 0 0
  0 0 0 0 0 0 0 0 0 0 0 0 0 0 0 0 0 0 0 0 0 0 0 0 0 0 0 0 0 0 0 0 0 0 0 0 0 0 0
  0 0 0 0 0 0 0 0 0 0 0 0 0 0 0 0 0 0 0 0 0 0 0 0 0 0 0 0 0 0 0 0 0 0 0 0 0 0 0
  0 0 0 0 0 0 0 0 0 0 0 0 0 0 0 0 0 0 0 0 0 0 0 0 0 0 0 0 0 0 0 0 0 0 0 0 0 0 0
  0 0 0 0 0 0 0 0 0 0 0 0 0 0 0 0 0 0 0 0 0 0 0 0 0 0 0 0 0 0 0 0 0 0 0 0 0 0 0
  0 0 0 0 0 0 0 0 0 0 0 0 0 0 0 0 0 0 0 0 0 0 0 0 0 0 0 0 0 0 0 0 0 0 0 0 0 0 0
  0 0 0 0 0 0 0 0 0 0 0 0 0 0 0 0 0 0 0 0 0 0 0 0 0 0 0 0 0 0 0 0 0 0 0 0 0 0 0
  0 0 0 0 0 0 0 0 0 0 0 0 0 0 0 0 0 0 0 0 0 0 0 0 0 0 0 0 0 0 0 0 0 0 0 0 0 0 0
  0 0 0 0 0 0 0 0 0 0 0 0 0 0 0 0 0 0 0 0 0 0 0 0 0 0 0 0 0 0 0 0 0 0 0 0 0 0 0
  0 0 0 0 0 0 0 0 0 0 0 0 0 0 0 0 0 0 0 0 0 0 0 0 0 0 0 0 0 0 0 0 0 0 0 0 0 0 0
  0 0 0 0 0 0 0 0 0 0 0 0 0 0 0 0 0 0 0 0 0 0 0 0 0 0 0 0 0 0 0 0 0 0 0 0 0 0 0
  0 0 0 0 0 0 0 0 0 0 0 0 0 0 0 0 0 0 0 0 0 0 0 0 0 0 0 0 0 0 0 0 0 0 0 0 0 0 0
  0 0 0 0 0 0 0 0 0 0 0 0 0 0 0 0 0 0 0 0 0 0 0 0 0 0 0 0 0 0 0 0 0 0 0 0 0 0 0
  0 0 0 0 0 0 0 0 0 0 0 0 0 0 0 0 0 0 0 0 0 0 0 0 0 0 0 0 0 0 0 0 0 0 0 0 0 0 0
  0 0 0 0 0 0 0 0 0 0 0 0 0 0 0 0 0 0 0 0 0 0 0 0 0 0 0 0 0 0 0 0 0 0 0 0 0 0 0
  0 0 0 0 0 0 0 0 0 0 0 0 0 0 0 0 0 0 0 0 0 0 0 0 0 0 0 0 0 0 0 0 0 0 0 0 0 0 0
  0 0 0 0 0 0 0 0 0 0 0 0 0 0 0 0 0 0 0 0 0 0 0 0 0 0 0 0 0 0 0 0 0 0 0 0 0 0 0
  0 0 0 0 0 0 0 0 0 0 0 0 0 0 0 0 0 0 0 0 0 0 0 0 0 0 0 0 0 0 0 0 0 0 0 0 0 0 0
  0 0 0 0 0 0 0 0 0 0 0 0 0 0 0 0 0 0 0 0 0 0 0 0 0 0 0 0 0 0 0 0 0 0 0 0 0 0 0
  0 0 0 0 0 0 0 0 0 0 0 0 0 0 0 0 0 0 0 0 0 0 0 0 0 0 0 0 0 0 0 0 0 0 0 0 0 0 0
  0 0 0 0 0 0 0 0 0 0 0 0 0 0 0 0 0 0 0 0 0 0 0 0 0 0 0 0 0 0 0 0 0 0 0 0 0 0 0
  0 0 0 0 0 0 0 0 0 0 0 0 0 0 0 0 0 0 0 0 0 0 0 0 0 0 0 0 0 0 0 0 0 0 0 0 0 0 0
  0 0 0 0 0 0 0 0 0 0 0 0 0 0 0 0 0 0 0 0 0 0 0 0 0 0 0 0 0 0 0 0 0 0 0 0 0 0 0
  0 0 0 0 0 0 0 0 0 0 0 0 0 0 0 0 0 0 0 0 0 0 0 0 0 0 0 0 0 0 0 0 0 0 0 0 0 0 0
  0 0 0 0 0 0 0 0 0 0 0 0 0 0 0 0 0 0 0 0 0 0 0 0 0 0 0 0 0 0 0 0 0 0 0 0 0 0 0
  0 0 0 0 0 0 0 0 0 0 0 0 0 0 0 0 0 0 0 0 0 0 0 0 0 0 0 0 0 0 0 0 0 0 0 0 0 0 0
  0 0 0 0 0 0 0 0 0 0 0 0 0 0 0 0 0 0 0 0 0 0 0 0 0 0 0 0 0 0 0 0 0 0 0 0 0 0 0
  0 0 0 0 0 0 0 0 0 0 0 0 0 0 0 0 0 0 0 0 0 0 0 0 0 0 0 0 0 0 0 0 0 0 0 0 0 0 0
  0 0 0 0 0 0 0 0 0 0 0 0 0 0 0 0 0 0 0 0 0 0 0 0 0 0 0 0 0 0 0 0 0 0 0 0 0 0 0
  0 0 0 0 0 0 0 0 0 0 0 0 0 0 0 0 0 0 0 0 0 0 0 0 0 0 0 0 0 0 0 0 0 0 0 0 0 0 0
  0 0 0 0 0 0 0 0 0 0 0 0 0 0 0 0 0 0 0 0 0 0 0 0 0 0 0 0 0 0 0 0 0 0 0 0 0 0 0
  0 0 0 0 0 0 0 0 0 0 0 0 0 0 0 0 0 0 0 0 0 0 0 0 0 0 0 0 0 0 0 0 0 0 0 0 0 0 0
  0 0 0 0 0 0 0 0 0 0 0 0 0 0 0 0 0 0 0 0 0 0 0 0 0 0 0 0 0 0 0 0 0 0 0 0 0 0 0
  0 0 0 0 0 0 0 0 0 0 0 0 0 0 0 0 0 0 0 0 0 0 0 0 0 0 0 0 0 0 0 0 0 0 0 0 0 0 0
  0 0 0 0 0 0 0 0 0 0 0 0 0 0 0 0 0 0 0 0 0 0 0 0 0 0 0 0 0 0 0 0 0 0 0 0 0 0 0
  0 0 0 0 0 0 0 0 0 0 0 0 0 0 0 0 0 0 0 0 0 0 0 0 0 0 0 0 0 0 0 0 0 0 0 0 0 0 0
  0) 
#(0 0 0 0 0 0 0 0 0 0 0 0 0 0 0 0 0 0 0 0 0 0 0 0 0 0 0 0 0 0 0 10 0 0 0 0 0 0
  0 0 0 0 0 0 0 0 10 11 0 0 0 0 0 0 0 0 0 0 0 0 0 10 11 12 0 0 0 0 0 0 0 0 0 0
  0 0 10 11 12 13 0 0 0 0 0 0 0 0 0 0 9 10 11 12 13 14 0 1 2 3 4 5 6 7 8 9 10
  11 12 13 14 15 1 2 3 4 5 6 7 8 9 10 11 12 13 14 15 15 2 3 4 5 6 7 8 9 10 11
  12 13 14 15 15 15 3 4 5 6 7 8 9 10 11 12 13 14 15 15 15 15 4 5 6 7 8 9 10 11
  12 13 14 15 15 15 15 15 5 6 7 8 9 10 11 12 13 14 15 15 15 15 15 15 6 7 8 9 10
  11 12 13 14 15 15 15 15 15 15 15 7 8 9 10 11 12 13 14 15 15 15 15 15 15 15 15
  8 9 10 11 12 13 14 15 15 15 15 15 15 15 15 15 9 10 11 12 13 14 15 15 15 15 15
  15 15 15 15 15 0 0 0 0 0 0 0 0 0 0 0 0 0 0 0 9 0 0 0 0 0 0 0 0 0 0 0 0 0 0 9
  10 0 0 0 0 0 0 0 0 0 0 0 0 0 9 10 11 0 0 0 0 0 0 0 0 0 0 0 0 9 10 11 12 0 0 0
  0 0 0 0 0 0 0 0 9 10 11 12 13 0 0 0 0 0 0 0 0 0 0 9 10 11 12 13 14 0 0 0 0 0
  0 0 0 8 9 10 11 12 13 14 15 1 2 3 4 5 6 7 8 9 10 11 12 13 14 15 15 2 3 4 5 6
  7 8 9 10 11 12 13 14 15 15 15 3 4 5 6 7 8 9 10 11 12 13 14 15 15 15 15 4 5 6
  7 8 9 10 11 12 13 14 15 15 15 15 15 5 6 7 8 9 10 11 12 13 14 15 15 15 15 15
  15 6 7 8 9 10 11 12 13 14 15 15 15 15 15 15 15 7 8 9 10 11 12 13 14 15 15 15
  15 15 15 15 15 8 9 10 11 12 13 14 15 15 15 15 15 15 15 15 15 9 10 11 12 13 14
  15 15 15 15 15 15 15 15 15 15 0 0 0 0 0 0 0 0 0 0 0 0 0 0 8 9 0 0 0 0 0 0 0 0
  0 0 0 0 0 8 9 10 0 0 0 0 0 0 0 0 0 0 0 0 8 9 10 11 0 0 0 0 0 0 0 0 0 0 0 8 9
  10 11 12 0 0 0 0 0 0 0 0 0 0 8 9 10 11 12 13 0 0 0 0 0 0 0 0 0 8 9 10 11 12
  13 14 0 0 0 0 0 0 0 0 8 9 10 11 12 13 14 15 0 0 0 0 0 0 7 8 9 10 11 12 13 14
  15 15 2 3 4 5 6 7 8 9 10 11 12 13 14 15 15 15 3 4 5 6 7 8 9 10 11 12 13 14 15
  15 15 15 4 5 6 7 8 9 10 11 12 13 14 15 15 15 15 15 5 6 7 8 9 10 11 12 13 14
  15 15 15 15 15 15 6 7 8 9 10 11 12 13 14 15 15 15 15 15 15 15 7 8 9 10 11 12
  13 14 15 15 15 15 15 15 15 15 8 9 10 11 12 13 14 15 15 15 15 15 15 15 15 15 9
  10 11 12 13 14 15 15 15 15 15 15 15 15 15 15 0 0 0 0 0 0 0 0 0 0 0 0 0 7 8 9
  0 0 0 0 0 0 0 0 0 0 0 0 7 8 9 10 0 0 0 0 0 0 0 0 0 0 0 7 8 9 10 11 0 0 0 0 0
  0 0 0 0 0 7 8 9 10 11 12 0 0 0 0 0 0 0 0 0 7 8 9 10 11 12 13 0 0 0 0 0 0 0 0
  7 8 9 10 11 12 13 14 0 0 0 0 0 0 0 7 8 9 10 11 12 13 14 15 0 0 0 0 0 0 7 8 9
  10 11 12 13 14 15 15 0 0 0 0 6 7 8 9 10 11 12 13 14 15 15 15 3 4 5 6 7 8 9 10
  11 12 13 14 15 15 15 15 4 5 6 7 8 9 10 11 12 13 14 15 15 15 15 15 5 6 7 8 9
  10 11 12 13 14 15 15 15 15 15 15 6 7 8 9 10 11 12 13 14 15 15 15 15 15 15 15
  7 8 9 10 11 12 13 14 15 15 15 15 15 15 15 15 8 9 10 11 12 13 14 15 15 15 15
  15 15 15 15 15 9 10 11 12 13 14 15 15 15 15 15 15 15 15 15 15 0 0 0 0 0 0 0 0
  0 0 0 0 6 7 8 9 0 0 0 0 0 0 0 0 0 0 0 6 7 8 9 10 0 0 0 0 0 0 0 0 0 0 6 7 8 9
  10 11 0 0 0 0 0 0 0 0 0 6 7 8 9 10 11 12 0 0 0 0 0 0 0 0 6 7 8 9 10 11 12 13
  0 0 0 0 0 0 0 6 7 8 9 10 11 12 13 14 0 0 0 0 0 0 6 7 8 9 10 11 12 13 14 15 0
  0 0 0 0 6 7 8 9 10 11 12 13 14 15 15 0 0 0 0 6 7 8 9 10 11 12 13 14 15 15 15
  0 0 5 6 7 8 9 10 11 12 13 14 15 15 15 15 4 5 6 7 8 9 10 11 12 13 14 15 15 15
  15 15 5 6 7 8 9 10 11 12 13 14 15 15 15 15 15 15 6 7 8 9 10 11 12 13 14 15 15
  15 15 15 15 15 7 8 9 10 11 12 13 14 15 15 15 15 15 15 15 15 8 9 10 11 12 13
  14 15 15 15 15 15 15 15 15 15 9 10 11 12 13 14 15 15 15 15 15 15 15 15 15 15
  0 0 0 0 0 0 0 0 0 0 0 5 6 7 8 9 0 0 0 0 0 0 0 0 0 0 5 6 7 8 9 10 0 0 0 0 0 0
  0 0 0 5 6 7 8 9 10 11 0 0 0 0 0 0 0 0 5 6 7 8 9 10 11 12 0 0 0 0 0 0 0 5 6 7
  8 9 10 11 12 13 0 0 0 0 0 0 5 6 7 8 9 10 11 12 13 14 0 0 0 0 0 5 6 7 8 9 10
  11 12 13 14 15 0 0 0 0 5 6 7 8 9 10 11 12 13 14 15 15 0 0 0 5 6 7 8 9 10 11
  12 13 14 15 15 15 0 0 5 6 7 8 9 10 11 12 13 14 15 15 15 15 4 5 6 7 8 9 10 11
  12 13 14 15 15 15 15 15 5 6 7 8 9 10 11 12 13 14 15 15 15 15 15 15 6 7 8 9 10
  11 12 13 14 15 15 15 15 15 15 15 7 8 9 10 11 12 13 14 15 15 15 15 15 15 15 15
  8 9 10 11 12 13 14 15 15 15 15 15 15 15 15 15 9 10 11 12 13 14 15 15 15 15 15
  15 15 15 15 15 0 0 0 0 0 0 0 0 0 0 4 5 6 7 8 9 0 0 0 0 0 0 0 0 0 4 5 6 7 8 9
  10 0 0 0 0 0 0 0 0 4 5 6 7 8 9 10 11 0 0 0 0 0 0 0 4 5 6 7 8 9 10 11 12 0 0 0
  0 0 0 4 5 6 7 8 9 10 11 12 13 0 0 0 0 0 4 5 6 7 8 9 10 11 12 13 14 0 0 0 0 4
  5 6 7 8 9 10 11 12 13 14 15 0 0 0 4 5 6 7 8 9 10 11 12 13 14 15 15 0 0 4 5 6
  7 8 9 10 11 12 13 14 15 15 15 0 4 5 6 7 8 9 10 11 12 13 14 15 15 15 15 4 5 6
  7 8 9 10 11 12 13 14 15 15 15 15 15 5 6 7 8 9 10 11 12 13 14 15 15 15 15 15
  15 6 7 8 9 10 11 12 13 14 15 15 15 15 15 15 15 7 8 9 10 11 12 13 14 15 15 15
  15 15 15 15 15 8 9 10 11 12 13 14 15 15 15 15 15 15 15 15 15 9 10 11 12 13 14
  15 15 15 15 15 15 15 15 15 15 0 0 0 4 3 2 1 1 2 3 4 5 6 7 8 9 0 0 0 0 2 1 1 2
  3 4 5 6 7 8 9 10 0 0 0 0 0 1 2 3 4 5 6 7 8 9 10 11 0 0 0 0 0 2 3 4 5 6 7 8 9
  10 11 12 0 0 0 0 0 3 4 5 6 7 8 9 10 11 12 13 0 0 0 0 3 4 5 6 7 8 9 10 11 12
  13 14 0 0 0 3 4 5 6 7 8 9 10 11 12 13 14 15 0 0 3 4 5 6 7 8 9 10 11 12 13 14
  15 15 0 3 4 5 6 7 8 9 10 11 12 13 14 15 15 15 3 4 5 6 7 8 9 10 11 12 13 14 15
  15 15 15 4 5 6 7 8 9 10 11 12 13 14 15 15 15 15 15 5 6 7 8 9 10 11 12 13 14
  15 15 15 15 15 15 6 7 8 9 10 11 12 13 14 15 15 15 15 15 15 15 7 8 9 10 11 12
  13 14 15 15 15 15 15 15 15 15 8 9 10 11 12 13 14 15 15 15 15 15 15 15 15 15 9
  10 11 12 13 14 15 15 15 15 15 15 15 15 15 15 0 0 5 4 3 2 1 1 2 3 4 5 6 7 8 9
  0 0 0 3 2 1 1 2 3 4 5 6 7 8 9 10 0 0 0 0 1 1 2 3 4 5 6 7 8 9 10 11 0 0 0 0 0
  2 3 4 5 6 7 8 9 10 11 12 0 0 0 0 0 3 4 5 6 7 8 9 10 11 12 13 0 0 0 0 3 4 5 6
  7 8 9 10 11 12 13 14 0 0 0 3 4 5 6 7 8 9 10 11 12 13 14 15 0 2 3 4 5 6 7 8 9
  10 11 12 13 14 15 15 2 3 4 5 6 7 8 9 10 11 12 13 14 15 15 15 3 4 5 6 7 8 9 10
  11 12 13 14 15 15 15 15 4 5 6 7 8 9 10 11 12 13 14 15 15 15 15 15 5 6 7 8 9
  10 11 12 13 14 15 15 15 15 15 15 6 7 8 9 10 11 12 13 14 15 15 15 15 15 15 15
  7 8 9 10 11 12 13 14 15 15 15 15 15 15 15 15 8 9 10 11 12 13 14 15 15 15 15
  15 15 15 15 15 9 10 11 12 13 14 15 15 15 15 15 15 15 15 15 15 7 6 5 4 3 2 1 1
  2 3 4 5 6 7 8 9 6 5 4 3 2 1 1 2 3 4 5 6 7 8 9 10 0 4 3 2 1 1 2 3 4 5 6 7 8 9
  10 11 0 0 2 1 1 2 3 4 5 6 7 8 9 10 11 12 0 0 0 1 2 3 4 5 6 7 8 9 10 11 12 13
  0 0 0 2 3 4 5 6 7 8 9 10 11 12 13 14 0 0 2 3 4 5 6 7 8 9 10 11 12 13 14 15 0
  2 3 4 5 6 7 8 9 10 11 12 13 14 15 15 2 3 4 5 6 7 8 9 10 11 12 13 14 15 15 15
  3 4 5 6 7 8 9 10 11 12 13 14 15 15 15 15 4 5 6 7 8 9 10 11 12 13 14 15 15 15
  15 15 5 6 7 8 9 10 11 12 13 14 15 15 15 15 15 15 6 7 8 9 10 11 12 13 14 15 15
  15 15 15 15 15 7 8 9 10 11 12 13 14 15 15 15 15 15 15 15 15 8 9 10 11 12 13
  14 15 15 15 15 15 15 15 15 15 9 10 11 12 13 14 15 15 15 15 15 15 15 15 15 15
  7 6 5 4 3 2 1 1 2 3 4 5 6 7 8 9 6 5 4 3 2 1 1 2 3 4 5 6 7 8 9 10 5 4 3 2 1 1
  2 3 4 5 6 7 8 9 10 11 4 3 2 1 1 2 3 4 5 6 7 8 9 10 11 12 3 2 1 1 2 3 4 5 6 7
  8 9 10 11 12 13 2 1 1 2 3 4 5 6 7 8 9 10 11 12 13 14 1 1 2 3 4 5 6 7 8 9 10
  11 12 13 14 15 1 2 3 4 5 6 7 8 9 10 11 12 13 14 15 15 2 3 4 5 6 7 8 9 10 11
  12 13 14 15 15 15 3 4 5 6 7 8 9 10 11 12 13 14 15 15 15 15 4 5 6 7 8 9 10 11
  12 13 14 15 15 15 15 15 5 6 7 8 9 10 11 12 13 14 15 15 15 15 15 15 6 7 8 9 10
  11 12 13 14 15 15 15 15 15 15 15 7 8 9 10 11 12 13 14 15 15 15 15 15 15 15 15
  8 9 10 11 12 13 14 15 15 15 15 15 15 15 15 15 9 10 11 12 13 14 15 15 15 15 15
  15 15 15 15 15 7 6 5 4 3 2 1 1 2 3 4 5 6 7 8 9 6 5 4 3 2 1 1 2 3 4 5 6 7 8 9
  10 5 4 3 2 1 1 2 3 4 5 6 7 8 9 10 11 4 3 2 1 1 2 3 4 5 6 7 8 9 10 11 12 3 2 1
  1 2 3 4 5 6 7 8 9 10 11 12 13 2 1 1 2 3 4 5 6 7 8 9 10 11 12 13 14 1 1 2 3 4
  5 6 7 8 9 10 11 12 13 14 15 1 2 3 4 5 6 7 8 9 10 11 12 13 14 15 15 2 3 4 5 6
  7 8 9 10 11 12 13 14 15 15 15 3 4 5 6 7 8 9 10 11 12 13 14 15 15 15 15 4 5 6
  7 8 9 10 11 12 13 14 15 15 15 15 15 5 6 7 8 9 10 11 12 13 14 15 15 15 15 15
  15 6 7 8 9 10 11 12 13 14 15 15 15 15 15 15 15 7 8 9 10 11 12 13 14 15 15 15
  15 15 15 15 15 8 9 10 11 12 13 14 15 15 15 15 15 15 15 15 15 9 10 11 12 13 14
  15 15 15 15 15 15 15 15 15 15 7 6 5 4 3 2 1 1 2 3 4 5 6 7 8 9 6 5 4 3 2 1 1 2
  3 4 5 6 7 8 9 10 5 4 3 2 1 1 2 3 4 5 6 7 8 9 10 11 4 3 2 1 1 2 3 4 5 6 7 8 9
  10 11 12 3 2 1 1 2 3 4 5 6 7 8 9 10 11 12 13 2 1 1 2 3 4 5 6 7 8 9 10 11 12
  13 14 1 1 2 3 4 5 6 7 8 9 10 11 12 13 14 15 1 2 3 4 5 6 7 8 9 10 11 12 13 14
  15 15 2 3 4 5 6 7 8 9 10 11 12 13 14 15 15 15 3 4 5 6 7 8 9 10 11 12 13 14 15
  15 15 15 4 5 6 7 8 9 10 11 12 13 14 15 15 15 15 15 5 6 7 8 9 10 11 12 13 14
  15 15 15 15 15 15 6 7 8 9 10 11 12 13 14 15 15 15 15 15 15 15 7 8 9 10 11 12
  13 14 15 15 15 15 15 15 15 15 8 9 10 11 12 13 14 15 15 15 15 15 15 15 15 15 9
  10 11 12 13 14 15 15 15 15 15 15 15 15 15 15 7 6 5 4 3 2 1 1 2 3 4 5 6 7 8 9
  6 5 4 3 2 1 1 2 3 4 5 6 7 8 9 10 5 4 3 2 1 1 2 3 4 5 6 7 8 9 10 11 4 3 2 1 1
  2 3 4 5 6 7 8 9 10 11 12 3 2 1 1 2 3 4 5 6 7 8 9 10 11 12 13 2 1 1 2 3 4 5 6
  7 8 9 10 11 12 13 14 1 1 2 3 4 5 6 7 8 9 10 11 12 13 14 15 1 2 3 4 5 6 7 8 9
  10 11 12 13 14 15 15 2 3 4 5 6 7 8 9 10 11 12 13 14 15 15 15 3 4 5 6 7 8 9 10
  11 12 13 14 15 15 15 15 4 5 6 7 8 9 10 11 12 13 14 15 15 15 15 15 5 6 7 8 9
  10 11 12 13 14 15 15 15 15 15 15 6 7 8 9 10 11 12 13 14 15 15 15 15 15 15 15
  7 8 9 10 11 12 13 14 15 15 15 15 15 15 15 15 8 9 10 11 12 13 14 15 15 15 15
  15 15 15 15 15 9 10 11 12 13 14 15 15 15 15 15 15 15 15 15 15 7 6 5 4 3 2 1 1
  2 3 4 5 6 7 8 9 6 5 4 3 2 1 1 2 3 4 5 6 7 8 9 10 5 4 3 2 1 1 2 3 4 5 6 7 8 9
  10 11 4 3 2 1 1 2 3 4 5 6 7 8 9 10 11 12 3 2 1 1 2 3 4 5 6 7 8 9 10 11 12 13
  2 1 1 2 3 4 5 6 7 8 9 10 11 12 13 14 1 1 2 3 4 5 6 7 8 9 10 11 12 13 14 15 1
  2 3 4 5 6 7 8 9 10 11 12 13 14 15 15 2 3 4 5 6 7 8 9 10 11 12 13 14 15 15 15
  3 4 5 6 7 8 9 10 11 12 13 14 15 15 15 15 4 5 6 7 8 9 10 11 12 13 14 15 15 15
  15 15 5 6 7 8 9 10 11 12 13 14 15 15 15 15 15 15 6 7 8 9 10 11 12 13 14 15 15
  15 15 15 15 15 7 8 9 10 11 12 13 14 15 15 15 15 15 15 15 15 8 9 10 11 12 13
  14 15 15 15 15 15 15 15 15 15 9 10 11 12 13 14 15 15 15 15 15 15 15 15 15 15
  7 6 5 4 3 2 1 1 2 3 4 5 6 7 8 9 6 5 4 3 2 1 1 2 3 4 5 6 7 8 9 10 5 4 3 2 1 1
  2 3 4 5 6 7 8 9 10 11 4 3 2 1 1 2 3 4 5 6 7 8 9 10 11 12 3 2 1 1 2 3 4 5 6 7
  8 9 10 11 12 13 2 1 1 2 3 4 5 6 7 8 9 10 11 12 13 14 1 1 2 3 4 5 6 7 8 9 10
  11 12 13 14 15 1 2 3 4 5 6 7 8 9 10 11 12 13 14 15 15 2 3 4 5 6 7 8 9 10 11
  12 13 14 15 15 15 3 4 5 6 7 8 9 10 11 12 13 14 15 15 15 15 4 5 6 7 8 9 10 11
  12 13 14 15 15 15 15 15 5 6 7 8 9 10 11 12 13 14 15 15 15 15 15 15 6 7 8 9 10
  11 12 13 14 15 15 15 15 15 15 15 7 8 9 10 11 12 13 14 15 15 15 15 15 15 15 15
  8 9 10 11 12 13 14 15 15 15 15 15 15 15 15 15 9 10 11 12 13 14 15 15 15 15 15
  15 15 15 15 15) 