
#(0 0 0 0 0 0 0 0 0 0 0 0 0 0 0 0 0 0 0 0 0 0 0 0 0 0 0 0 0 0 0 0 0 0 0 0 0 0 0
  0 0 0 0 0 0 0 0 0 0 0 0 0 0 0 0 0 0 0 0 0 0 0 0 0 0 0 0 0 0 0 0 0 0 0 0 0 0 0
  0 0 0 0 0 0 0 0 0 0 0 0 0 0 0 0 0 0 0 0 0 0 0 0 0 0 0 0 0 0 0 0 0 0 0 0 0 0 0
  0 0 0 0 0 0 0 0 0 0 0 0 0 0 0 0 0 0 0 0 0 0 0 0 0 0 0 0 0 0 0 0 0 0 0 0 0 0 0
  0 0 0 0 0 0 0 0 0 0 0 0 0 0 0 0 0 0 0 0 0 0 0 0 0 0 0 0 0 0 0 0 0 0 0 0 0 0 0
  0 0 0 0 0 0 0 0 0 0 0 0 0 0 0 0 0 0 0 0 0 0 0 0 0 0 0 0 0 0 0 0 0 0 0 0 0 0 0
  0 0 0 0 0 0 0 0 0 0 0 0 0 0 0 0 0 0 0 0 0 0 0 0 0 0 0 0 0 0 0 0 0 0 0 0 0 0 0
  0 0 0 0 0 0 0 0 0 0 0 0 0 0 0 0 0 0 0 0 0 0 0 0 0 0 0 0 0 0 0 0 0 0 0 0 0 0 0
  0 0 0 0 0 0 0 0 0 0 0 0 0 0 0 0 0 0 0 0 0 0 0 0 0 0 0 0 0 0 0 0 0 0 0 0 0 0 0
  0 0 0 0 0 0 0 0 0 0 0 0 0 0 0 0 0 0 0 0 0 0 0 0 0 0 0 0 0 0 0 0 0 0 0 0 0 0 0
  0 0 0 0 0 0 0 0 0 0 0 0 0 0 0 0 0 0 0 0 0 0 0 0 0 0 0 0 0 0 0 0 0 0 0 0 0 0 0
  0 0 0 0 0 0 0 0 0 0 0 0 0 0 0 0 0 0 0 0 0 0 0 0 0 0 0 0 0 0 0 0 0 0 0 0 0 0 0
  0 0 0 0 0 0 0 0 0 0 0 0 0 0 0 0 0 0 0 0 0 0 0 0 0 0 0 0 0 0 0 0 0 0 0 0 0 0 0
  0 0 0 0 0 0 0 0 0 0 0 0 0 0 0 0 0 0 0 0 0 0 0 0 0 0 0 0 0 0 0 0 0 0 0 0 0 0 0
  0 0 0 0 0 0 0 0 0 0 0 0 0 0 0 0 0 0 0 0 0 0 0 0 0 0 0 0 0 0 0 0 0 0 0 0 0 0 0
  0 0 0 0 0 0 0 0 0 0 0 0 0 0 0 0 0 0 0 0 0 0 0 0 0 0 0 0 0 0 0 0 0 0 0 0 0 0 0
  0 0 0 0 0 0 0 0 0 0 0 0 0 0 0 0 0 0 0 0 0 0 0 0 0 0 0 0 0 0 0 0 0 0 0 0 0 0 0
  0 0 0 0 0 0 0 0 0 0 0 0 0 0 0 0 0 0 0 0 0 0 0 0 0 0 0 0 0 0 0 0 0 0 0 0 0 0 0
  0 0 0 0 0 0 0 0 0 0 0 0 0 0 0 0 0 0 0 0 0 0 0 0 0 0 0 0 0 0 0 0 0 0 0 0 0 0 0
  0 0 0 0 0 0 0 0 0 0 0 0 0 0 0 0 0 0 0 0 0 0 0 0 0 0 0 0 0 0 0 0 0 0 0 0 0 0 0
  0 0 0 0 0 0 0 0 0 0 0 0 0 0 0 0 0 0 0 0 0 0 0 0 0 0 0 0 0 0 0 0 0 0 0 0 0 0 0
  0 0 0 0 0 0 0 0 0 0 0 0 0 0 0 0 0 0 0 0 0 0 0 0 0 0 0 0 0 0 0 0 0 0 0 0 0 0 0
  0 0 0 0 0 0 0 0 0 0 0 0 0 0 0 0 0 0 0 0 0 0 0 0 0 0 0 0 0 0 0 0 0 0 0 0 0 0 0
  0 0 0 0 0 0 0 0 0 0 0 0 0 0 0 0 0 0 0 0 0 0 0 0 0 0 0 0 0 0 0 0 0 0 0 0 0 0 0
  0 0 0 0 0 0 0 0 0 0 0 0 0 0 0 0 0 0 0 0 0 0 0 0 0 0 0 0 0 0 0 0 0 0 0 0 0 0 0
  0 0 0 0 0 0 0 0 0 0 0 0 0 0 0 0 0 0 0 0 0 0 0 0 0 0 0 0 0 0 0 0 0 0 0 0 0 0 0
  0 0 0 0 0 0 0 0 0 0 0 0 0 0 0 0 0 0 0 0 0 0 0 0 0 0 0 0 0 0 0 0 0 0 0 0 0 0 0
  0 0 0 0 0 0 0 0 0 0 0 0 0 0 0 0 0 0 0 0 0 0 0 0 0 0 0 0 0 0 0 0 0 0 0 0 0 0 0
  0 0 0 0 0 0 0 0 0 0 0 0 0 0 0 0 0 0 0 0 0 0 0 0 0 0 0 0 0 0 0 0 0 0 0 0 0 0 0
  0 0 0 0 0 0 0 0 0 0 0 0 0 0 0 0 0 0 0 0 0 0 0 0 0 0 0 0 0 0 0 0 0 0 0 0 0 0 0
  0 0 0 0 0 0 0 0 0 0 0 0 0 0 0 0 0 0 0 0 0 0 0 0 0 0 0 0 0 0 0 0 0 0 0 0 0 0 0
  0 0 0 0 0 0 0 0 0 0 0 0 0 0 0 0 0 0 0 0 0 0 0 0 0 0 0 0 0 0 0 0 0 0 0 0 0 0 0
  0 0 0 0 0 0 0 0 0 0 0 0 0 0 0 0 0 0 0 0 0 0 0 0 0 0 0 0 0 0 0 0 0 0 0 0 0 0 0
  0 0 0 0 0 0 0 0 0 0 0 0 0 0 0 0 0 0 0 0 0 0 0 0 0 0 0 0 0 0 0 0 0 0 0 0 0 0 0
  0 0 0 0 0 0 0 0 0 0 0 0 0 0 0 0 0 0 0 0 0 0 0 0 0 0 0 0 0 0 0 0 0 0 0 0 0 0 0
  0 0 0 0 0 0 0 0 0 0 0 0 0 0 0 0 0 0 0 0 0 0 0 0 0 0 0 0 0 0 0 0 0 0 0 0 0 0 0
  0 0 0 0 0 0 0 0 0 0 0 0 0 0 0 0 0 0 0 0 0 0 0 0 0 0 0 0 0 0 0 0 0 0 0 0 0 0 0
  0 0 0 0 0 0 0 0 0 0 0 0 0 0 0 0 0 0 0 0 0 0 0 0 0 0 0 0 0 0 0 0 0 0 0 0 0 0 0
  0 0 0 0 0 0 0 0 0 0 0 0 0 0 0 0 0 0 0 0 0 0 0 0 0 0 0 0 0 0 0 0 0 0 0 0 0 0 0
  0 0 0 0 0 0 0 0 0 0 0 0 0 0 0 0 0 0 0 0 0 0 0 0 0 0 0 0 0 0 0 0 0 0 0 0 0 0 0
  0 0 0 0 0 0 0 0 0 0 0 0 0 0 0 0 0 0 0 0 0 0 0 0 0 0 0 0 0 0 0 0 0 0 0 0 0 0 0
  0 0 0 0 0 0 0 0 0 0 0 0 0 0 0 0 0 0 0 0 0 0 0 0 0 0 0 0 0 0 0 0 0 0 0 0 0 0 0
  0 0 0 0 0 0 0 0 0 0 0 0 0 0 0 0 0 0 0 0 0 0 0 0 0 0 0 0 0 0 0 0 0 0 0 0 0 0 0
  0 0 0 0 0 0 0 0 0 0 0 0 0 0 0 0 0 0 0 0 0 0 0 0 0 0 0 0 0 0 0 0 0 0 0 0 0 0 0
  0 0 0 0 0 0 0 0 0 0 0 0 0 0 0 0 0 0 0 0 0 0 0 0 0 0 0 0 0 0 0 0 0 0 0 0 0 0 0
  0 0 0 0 0 0 0 0 0 0 0 0 0 0 0 0 0 0 0 0 0 0 0 0 0 0 0 0 0 0 0 0 0 0 0 0 0 0 0
  0 0 0 0 0 0 0 0 0 0 0 0 0 0 0 0 0 0 0 0 0 0 0 0 0 0 0 0 0 0 0 0 0 0 0 0 0 0 0
  0 0 0 0 0 0 0 0 0 0 0 0 0 0 0 0 0 0 0 0 0 0 0 0 0 0 0 0 0 0 0 0 0 0 0 0 0 0 0
  0 0 0 0 0 0 0 0 0 0 0 0 0 0 0 0 0 0 0 0 0 0 0 0 0 0 0 0 0 0 0 0 0 0 0 0 0 0 0
  0 0 0 0 0 0 0 0 0 0 0 0 0 0 0 0 0 0 0 0 0 0 0 0 0 0 0 0 0 0 0 0 0 0 0 0 0 0 0
  0 0 0 0 0 0 0 0 0 0 0 0 0 0 0 0 0 0 0 0 0 0 0 0 0 0 0 0 0 0 0 0 0 0 0 0 0 0 0
  0 0 0 0 0 0 0 0 0 0 0 0 0 0 0 0 0 0 0 0 0 0 0 0 0 0 0 0 0 0 0 0 0 0 0 0 0 0 0
  0 0 0 0 0 0 0 0 0 0 0 0 0 0 0 0 0 0 0 0 0 0 0 0 0 0 0 0 0 0 0 0 0 0 0 0 0 0 0
  0 0 0 0 0 0 0 0 0 0 0 0 0 0 0 0 0 0 0 0 0 0 0 0 0 0 0 0 0 0 0 0 0 0 0 0 0 0 0
  0 0 0 0 0 0 0 0 0 0 0 0 0 0 0 0 0 0 0 0 0 0 0 0 0 0 0 0 0 0 0 0 0 0 0 0 0 0 0
  0 0 0 0 0 0 0 0 0 0 0 0 0 0 0 0 0 0 0 0 0 0 0 0 0 0 0 0 0 0 0 0 0 0 0 0 0 0 0
  0 0 0 0 0 0 0 0 0 0 0 0 0 0 0 0 0 0 0 0 0 0 0 0 0 0 0 0 0 0 0 0 0 0 0 0 0 0 0
  0 0 0 0 0 0 0 0 0 0 0 0 0 0 0 0 0 0 0 0 0 0 0 0 0 0 0 0 0 0 0 0 0 0 0 0 0 0 0
  0 0 0 0 0 0 0 0 0 0 0 0 0 0 0 0 0 0 0 0 0 0 0 0 0 0 0 0 0 0 0 0 0 0 0 0 0 0 0
  0 0 0 0 0 0 0 0 0 0 0 0 0 0 0 0 0 0 0 0 0 0 0 0 0 0 0 0 0 0 0 0 0 0 0 0 0 0 0
  0 0 0 0 0 0 0 0 0 0 0 0 0 0 0 0 0 0 0 0 0 0 0 0 0 0 0 0 0 0 0 0 0 0 0 0 0 0 0
  0 0 0 0 0 0 0 0 0 0 0 0 0 0 0 0 0 0 0 0 0 0 0 0 0 0 0 0 0 0 0 0 0 0 0 0 0 0 0
  0 0 0 0 0 0 0 0 0 0 0 0 0 0 0 0 0 0 0 0 0 0 0 0 0 0 0 0 0 0 0 0 0 0 0 0 0 0 0
  0 0 0 0 0 0 0 0 0 0 0 0 0 0 0 0 0 0 0 0 0 0 0 0 0 0 0 0 0 0 0 0 0 0 0 0 0 0 0
  0 0 0 0 0 0 0 0 0 0 0 0 0 0 0 0 0 0 0 0 0 0 0 0 0 0 0 0 0 0 0 0 0 0 0 0 0 0 0
  0 0 0 0 0 0 0 0 0 0 0 0 0 0 0 0 0 0 0 0 0 0 0 0 0 0 0 0 0 0 0 0 0 0 0 0 0 0 0
  0 0 0 0 0 0 0 0 0 0 0 0 0 0 0 0 0 0 0 0 0 0 0 0 0 0 0 0 0 0 0 0 0 0 0 0 0 0 0
  0 0 0 0 0 0 0 0 0 0 0 0 0 0 0 0 0 0 0 0 0 0 0 0 0 0 0 0 0 0 0 0 0 0 0 0 0 0 0
  0 0 0 0 0 0 0 0 0 0 0 0 0 0 0 0 0 0 0 0 0 0 0 0 0 0 0 0 0 0 0 0 0 0 0 0 0 0 0
  0 0 0 0 0 0 0 0 0 0 0 0 0 0 0 0 0 0 0 0 0 0 0 0 0 0 0 0 0 0 0 0 0 0 0 0 0 0 0
  0 0 0 0 0 0 0 0 0 0 0 0 0 0 0 0 0 0 0 0 0 0 0 0 0 0 0 0 0 0 0 0 0 0 0 0 0 0 0
  0 0 0 0 0 0 0 0 0 0 0 0 0 0 0 0 0 0 0 0 0 0 0 0 0 0 0 0 0 0 0 0 0 0 0 0 0 0 0
  0 0 0 0 0 0 0 0 0 0 0 0 0 0 0 0 0 0 0 0 0 0 0 0 0 0 0 0 0 0 0 0 0 0 0 0 0 0 0
  0 0 0 0 0 0 0 0 0 0 0 0 0 0 0 0 0 0 0 0 0 0 0 0 0 0 0 0 0 0 0 0 0 0 0 0 0 0 0
  0 0 0 0 0 0 0 0 0 0 0 0 0 0 0 0 0 0 0 0 0 0 0 0 0 0 0 0 0 0 0 0 0 0 0 0 0 0 0
  0 0 0 0 0 0 0 0 0 0 0 0 0 0 0 0 0 0 0 0 0 0 0 0 0 0 0 0 0 0 0 0 0 0 0 0 0 0 0
  0 0 0 0 0 0 0 0 0 0 0 0 0 0 0 0 0 0 0 0 0 0 0 0 0 0 0 0 0 0 0 0 0 0 0 0 0 0 0
  0 0 0 0 0 0 0 0 0 0 0 0 0 0 0 0 0 0 0 0 0 0 0 0 0 0 0 0 0 0 0 0 0 0 0 0 0 0 0
  0 0 0 0 0 0 0 0 0 0 0 0 0 0 0 0 0 0 0 0 0 0 0 0 0 0 0 0 0 0 0 0 0 0 0 0 0 0 0
  0 0 0 0 0 0 0 0 0 0 0 0 0 0 0 0 0 0 0 0 0 0 0 0 0 0 0 0 0 0 0 0 0 0 0 0 0 0 0
  0 0 0 0 0 0 0 0 0 0 0 0 0 0 0 0 0 0 0 0 0 0 0 0 0 0 0 0 0 0 0 0 0 0 0 0 0 0 0
  0 0 0 0 0 0 0 0 0 0 0 0 0 0 0 0 0 0 0 0 0 0 0 0 0 0 0 0 0 0 0 0 0 0 0 0 0 0 0
  0 0 0 0 0 0 0 0 0 0 0 0 0 0 0 0 0 0 0 0 0 0 0 0 0 0 0 0 0 0 0 0 0 0 0 0 0 0 0
  0 0 0 0 0 0 0 0 0 0 0 0 0 0 0 0 0 0 0 0 0 0 0 0 0 0 0 0 0 0 0 0 0 0 0 0 0 0 0
  0 0 0 0 0 0 0 0 0 0 0 0 0 0 0 0 0 0 0 0 0 0 0 0 0 0 0 0 0 0 0 0 0 0 0 0 0 0 0
  0 0 0 0 0 0 0 0 0 0 0 0 0 0 0 0 0 0 0 0 0 0 0 0 0 0 0 0 0 0 0 0 0 0 0 0 0 0 0
  0 0 0 0 0 0 0 0 0 0 0 0 0 0 0 0 0 0 0 0 0 0 0 0 0 0 0 0 0 0 0 0 0 0 0 0 0 0 0
  0 0 0 0 0 0 0 0 0 0 0 0 0 0 0 0 0 0 0 0 0 0 0 0 0 0 0 0 0 0 0 0 0 0 0 0 0 0 0
  0 0 0 0 0 0 0 0 0 0 0 0 0 0 0 0 0 0 0 0 0 0 0 0 0 0 0 0 0 0 0 0 0 0 0 0 0 0 0
  0 0 0 0 0 0 0 0 0 0 0 0 0 0 0 0 0 0 0 0 0 0 0 0 0 0 0 0 0 0 0 0 0 0 0 0 0 0 0
  0 0 0 0 0 0 0 0 0 0 0 0 0 0 0 0 0 0 0 0 0 0 0 0 0 0 0 0 0 0 0 0 0 0 0 0 0 0 0
  0 0 0 0 0 0 0 0 0 0 0 0 0 0 0 0 0 0 0 0 0 0 0 0 0 0 0 0 0 0 0 0 0 0 0 0 0 0 0
  0 0 0 0 0 0 0 0 0 0 0 0 0 0 0 0 0 0 0 0 0 0 0 0 0 0 0 0 0 0 0 0 0 0 0 0 0 0 0
  0 0 0 0 0 0 0 0 0 0 0 0 0 0 0 0 0 0 0 0 0 0 0 0 0 0 0 0 0 0 0 0 0 0 0 0 0 0 0
  0 0 0 0 0 0 0 0 0 0 0 0 0 0 0 0 0 0 0 0 0 0 0 0 0 0 0 0 0 0 0 0 0 0 0 0 0 0 0
  0 0 0 0 0 0 0 0 0 0 0 0 0 0 0 0 0 0 0 0 0 0 0 0 0 0 0 0 0 0 0 0 0 0 0 0 0 0 0
  0 0 0 0 0 0 0 0 0 0 0 0 0 0 0 0 0 0 0 0 0 0 0 0 0 0 0 0 0 0 0 0 0 0 0 0 0 0 0
  0 0 0 0 0 0 0 0 0 0 0 0 0 0 0 0 0 0 0 0 0 0 0 0 0 0 0 0 0 0 0 0 0 0 0 0 0 0 0
  0 0 0 0 0 0 0 0 0 0 0 0 0 0 0 0 0 0 0 0 0 0 0 0 0 0 0 0 0 0 0 0 0 0 0 0 0 0 0
  0 0 0 0 0 0 0 0 0 0 0 0 0 0 0 0 0 0 0 0 0 0 0 0 0 0 0 0 0 0 0 0 0 0 0 0 0 0 0
  0 0 0 0 0 0 0 0 0 0 0 0 0 0 0 0 0 0 0 0 0 0 0 0 0 0 0 0 0 0 0 0 0 0 0 0 0 0 0
  0 0 0 0 0 0 0 0 0 0 0 0 0 0 0 0 0 0 0 0 0 0 0 0 0 0 0 0 0 0 0 0 0 0 0 0 0 0 0
  0 0 0 0 0 0 0 0 0 0 0 0 0 0 0 0 0 0 0 0 0 0 0 0 0 0 0 0 0 0 0 0 0 0 0 0 0 0 0
  0 0 0 0 0 0 0 0 0 0 0 0 0 0 0 0 0 0 0 0 0 0 0 0 0 0 0 0 0 0 0 0 0 0 0 0 0 0 0
  0 0 0 0 0 0 0 0 0 0 0 0 0 0 0 0 0 0 0 0 0 0 0 0 0 0 0 0 0 0 0 0 0 0 0 0 0 0 0
  0) 
#(0 0 0 0 0 0 0 0 0 0 0 0 0 0 0 0 0 0 0 0 0 0 0 0 0 0 0 0 0 0 0 0 0 0 0 0 0 0 0
  0 0 0 0 0 0 0 0 0 0 0 0 0 0 0 0 0 0 0 0 0 0 0 0 0 0 0 0 0 0 0 0 0 0 0 0 0 0 0
  0 0 0 0 0 0 0 0 0 0 0 0 0 0 0 0 0 0 0 0 0 0 0 0 0 0 0 0 0 0 0 0 0 0 0 0 0 0 0
  0 0 0 0 0 0 0 0 0 0 0 0 0 0 0 0 0 0 0 0 0 0 0 0 0 0 0 0 0 0 0 0 0 0 0 0 0 0 0
  0 0 0 0 0 0 0 0 0 0 0 0 0 0 0 0 0 0 0 0 0 0 0 0 0 0 0 0 0 0 0 0 0 0 0 0 0 0 0
  0 0 0 0 0 0 0 0 0 0 0 0 0 0 0 0 0 0 0 0 0 0 0 0 0 0 0 0 0 0 0 0 0 0 0 0 0 0 0
  0 0 0 0 0 0 0 0 0 0 0 0 0 0 0 0 0 0 0 0 0 0 0 0 0 0 0 0 0 0 0 0 0 0 0 0 0 0 0
  0 0 0 0 0 0 0 0 0 0 0 0 0 0 0 0 0 0 0 0 0 0 0 0 0 0 0 0 0 0 0 0 0 0 0 0 0 0 0
  0 0 0 0 0 0 0 0 0 0 0 0 0 0 0 0 0 0 0 0 0 0 0 0 0 0 0 0 0 0 0 0 0 0 0 0 0 0 0
  0 0 0 0 0 0 0 0 0 0 0 0 0 0 0 0 0 0 0 0 0 0 0 0 0 0 0 0 0 0 0 0 0 0 0 0 0 0 0
  0 0 0 0 0 0 0 0 0 0 0 0 0 0 0 0 0 0 0 0 0 0 0 0 0 0 0 0 0 0 0 0 0 0 0 0 0 0 0
  0 0 0 0 0 0 0 0 0 0 0 0 0 0 0 0 0 0 0 0 0 0 0 0 0 0 0 0 0 0 0 0 0 0 0 0 0 0 0
  0 0 0 0 0 0 0 0 0 0 0 0 0 0 0 0 0 0 0 0 0 0 0 0 0 0 0 0 0 0 0 0 0 0 0 0 0 0 0
  0 0 0 0 0 0 0 0 0 0 0 0 0 0 0 0 0 0 0 0 0 0 0 0 0 0 0 0 0 0 0 0 0 0 0 0 0 0 0
  0 0 0 0 0 0 0 0 0 0 0 0 0 0 0 0 0 0 0 0 0 0 0 0 0 0 0 0 0 0 0 0 0 0 0 0 0 0 0
  0 0 0 0 0 0 0 0 0 0 0 0 0 0 0 0 0 0 0 0 0 0 0 0 0 0 0 0 0 0 0 0 0 0 0 0 0 0 0
  0 0 0 0 0 0 0 0 0 0 0 0 0 0 0 0 0 0 0 0 0 0 0 0 0 0 0 0 0 0 0 0 0 0 0 0 0 0 0
  0 0 0 0 0 0 0 0 0 0 0 0 0 0 0 0 0 0 0 0 0 0 0 0 0 0 0 0 0 0 0 0 0 0 0 0 0 0 0
  0 0 0 0 0 0 0 0 0 0 0 0 0 0 0 0 0 0 0 0 0 0 0 0 0 0 0 0 0 0 0 0 0 0 0 0 0 0 0
  0 0 0 0 0 0 0 0 0 0 0 0 0 0 0 0 0 0 0 0 0 0 0 0 0 0 0 0 0 0 0 0 0 0 0 0 0 0 0
  0 0 0 0 0 0 0 0 0 0 0 0 0 0 0 0 0 0 0 0 0 0 0 0 0 0 0 0 0 0 0 0 0 0 0 0 0 0 0
  0 0 0 0 0 0 0 0 0 0 0 0 0 0 0 0 0 0 0 0 0 0 0 0 0 0 0 0 0 0 0 0 0 0 0 0 0 0 0
  0 0 0 0 0 0 0 0 0 0 0 0 0 0 0 0 0 0 0 0 0 0 0 0 0 0 0 0 0 0 0 0 0 0 0 0 0 0 0
  0 0 0 0 0 0 0 0 0 0 0 0 0 0 0 0 0 0 0 0 0 0 0 0 0 0 0 0 0 0 0 0 0 0 0 0 0 0 0
  0 0 0 0 0 0 0 0 0 0 0 0 0 0 0 0 0 0 0 0 0 0 0 0 0 0 0 0 0 0 0 0 0 0 0 0 0 0 0
  0 0 0 0 0 0 0 0 0 0 0 0 0 0 0 0 0 0 0 0 0 0 0 0 0 0 0 0 0 0 0 0 0 0 0 0 0 0 0
  0 0 0 0 0 0 0 0 0 0 0 0 0 0 0 0 0 0 0 0 0 0 0 0 0 0 0 0 0 0 0 0 0 0 0 0 0 0 0
  0 0 0 0 0 0 0 0 0 0 0 0 0 0 0 0 0 0 0 0 0 0 0 0 0 0 0 0 0 0 0 0 0 0 0 0 0 0 0
  0 0 0 0 0 0 0 0 0 0 0 0 0 0 0 0 0 0 0 0 0 0 0 0 0 0 0 0 0 0 0 0 0 0 0 0 0 0 0
  0 0 0 0 0 0 0 0 0 0 0 0 0 0 0 0 0 0 0 0 0 0 0 0 0 0 0 0 0 0 0 0 0 0 0 0 0 0 0
  0 0 0 0 0 0 0 0 0 0 0 0 0 0 0 0 0 0 0 0 0 0 0 0 0 0 0 0 0 0 0 0 0 0 0 0 0 0 0
  0 0 0 0 0 0 0 0 0 0 0 0 0 0 0 0 0 0 0 0 0 0 0 0 0 0 0 0 0 0 0 0 0 0 0 0 0 0 0
  0 0 0 0 0 0 0 0 0 0 0 0 0 0 0 0 0 0 0 0 0 0 0 0 0 0 0 0 0 0 0 0 0 0 0 0 0 0 0
  0 0 0 0 0 0 0 0 0 0 0 0 0 0 0 0 0 0 0 0 0 0 0 0 0 0 0 0 0 0 0 0 0 0 0 0 0 0 0
  0 0 0 0 0 0 0 0 0 0 0 0 0 0 0 0 0 0 0 0 0 0 0 0 0 0 0 0 0 0 0 0 0 0 0 0 0 0 0
  0 0 0 0 0 0 0 0 0 0 0 0 0 0 0 0 0 0 0 0 0 0 0 0 0 0 0 0 0 0 0 0 0 0 0 0 0 0 0
  0 0 0 0 0 0 0 0 0 0 0 0 0 0 0 0 0 0 0 0 0 0 0 0 0 0 0 0 0 0 0 0 0 0 0 0 0 0 0
  0 0 0 0 0 0 0 0 0 0 0 0 0 0 0 0 0 0 0 0 0 0 0 0 0 0 0 0 0 0 0 0 0 0 0 0 0 0 0
  0 0 0 0 0 0 0 0 0 0 0 0 0 0 0 0 0 0 0 0 0 0 0 0 0 0 0 0 0 0 0 0 0 0 0 0 0 0 0
  0 0 0 0 0 0 0 0 0 0 0 0 0 0 0 0 0 0 0 0 0 0 0 0 0 0 0 0 0 0 0 0 0 0 0 0 0 0 0
  0 0 0 0 0 0 0 0 0 0 0 0 0 0 0 0 0 0 0 0 0 0 0 0 0 0 0 0 0 0 0 0 0 0 0 0 0 0 0
  0 0 0 0 0 0 0 0 0 0 0 0 0 0 0 0 0 0 0 0 0 0 0 0 0 0 0 0 0 0 0 0 0 0 0 0 0 0 0
  0 0 0 0 0 0 0 0 0 0 0 0 0 0 0 0 0 0 0 0 0 0 0 0 0 0 0 0 0 0 0 0 0 0 0 0 0 0 0
  0 0 0 0 0 0 0 0 0 0 0 0 0 0 0 0 0 0 0 0 0 0 0 0 0 0 0 0 0 0 0 0 0 0 0 0 0 0 0
  0 0 0 0 0 0 0 0 0 0 0 0 0 0 0 0 0 0 0 0 0 0 0 0 0 0 0 0 0 0 0 0 0 0 0 0 0 0 0
  0 0 0 0 0 0 0 0 0 0 0 0 0 0 0 0 0 0 0 0 0 0 0 0 0 0 0 0 0 0 0 0 0 0 0 0 0 0 0
  0 0 0 0 0 0 0 0 0 0 0 0 0 0 0 0 0 0 0 0 0 0 0 0 0 0 0 0 0 0 0 0 0 0 0 0 0 0 0
  0 0 0 0 0 0 0 0 0 0 0 0 0 0 0 0 0 0 0 0 0 0 0 0 0 0 0 0 0 0 0 0 0 0 0 0 0 0 0
  0 0 0 0 0 0 0 0 0 0 0 0 0 0 0 0 0 0 0 0 0 0 0 0 0 0 0 0 0 0 0 0 0 0 0 0 0 0 0
  0 0 0 0 0 0 0 0 0 0 0 0 0 0 0 0 0 0 0 0 0 0 0 0 0 0 0 0 0 0 0 0 0 0 0 0 0 0 0
  0 0 0 0 0 0 0 0 0 0 0 0 0 0 0 0 0 0 0 0 0 0 0 0 0 0 0 0 0 0 0 0 0 0 0 0 0 0 0
  0 0 0 0 0 0 0 0 0 0 0 0 0 0 0 0 0 0 0 0 0 0 0 0 0 0 0 0 0 0 0 0 0 0 0 0 0 0 0
  0 0 0 0 0 0 0 0 0 0 0 0 0 0 0 0 0 0 0 0 0 0 0 0 0 0 0 0 0 0 0 0 0 0 0 0 0 0 0
  0 0 0 0 0 0 0 0 0 0 0 0 0 0 0 0 0 0 0 0 0 0 0 0 0 0 0 0 0 0 0 0 0 0 0 0 0 0 0
  0 0 0 0 0 0 0 0 0 0 0 0 0 0 0 0 0 0 0 0 0 0 0 0 0 0 0 0 0 0 0 0 0 0 0 0 0 0 0
  0 0 0 0 0 0 0 0 0 0 0 0 0 0 0 0 0 0 0 0 0 0 0 0 0 0 0 0 0 0 0 0 0 0 0 0 0 0 0
  0 0 0 0 0 0 0 0 0 0 0 0 0 0 0 0 0 0 0 0 0 0 0 0 0 0 0 0 0 0 0 0 0 0 0 0 0 0 0
  0 0 0 0 0 0 0 0 0 0 0 0 0 0 0 0 0 0 0 0 0 0 0 0 0 0 0 0 0 0 0 0 0 0 0 0 0 0 0
  0 0 0 0 0 0 0 0 0 0 0 0 0 0 0 0 0 0 0 0 0 0 0 0 0 0 0 0 0 0 0 0 0 0 0 0 0 0 0
  0 0 0 0 0 0 0 0 0 0 0 0 0 0 0 0 0 0 0 0 0 0 0 0 0 0 0 0 0 0 0 0 0 0 0 0 0 0 0
  0 0 0 0 0 0 0 0 0 0 0 0 0 0 0 0 0 0 0 0 0 0 0 0 0 0 0 0 0 0 0 0 0 0 0 0 0 0 0
  0 0 0 0 0 0 0 0 0 0 0 0 0 0 0 0 0 0 0 0 0 0 0 0 0 0 0 0 0 0 0 0 0 0 0 0 0 0 0
  0 0 0 0 0 0 0 0 0 0 0 0 0 0 0 0 0 0 0 0 0 0 0 0 0 0 0 0 0 0 0 0 0 0 0 0 0 0 0
  0 0 0 0 0 0 0 0 0 0 0 0 0 0 0 0 0 0 0 0 0 0 0 0 0 0 0 0 0 0 0 0 0 0 0 0 0 0 0
  0 0 0 0 0 0 0 0 0 0 0 0 0 0 0 0 0 0 0 0 0 0 0 0 0 0 0 0 0 0 0 0 0 0 0 0 0 0 0
  0 0 0 0 0 0 0 0 0 0 0 0 0 0 0 0 0 0 0 0 0 0 0 0 0 0 0 0 0 0 0 0 0 0 0 0 0 0 0
  0 0 0 0 0 0 0 0 0 0 0 0 0 0 0 0 0 0 0 0 0 0 0 0 0 0 0 0 0 0 0 0 0 0 0 0 0 0 0
  0 0 0 0 0 0 0 0 0 0 0 0 0 0 0 0 0 0 0 0 0 0 0 0 0 0 0 0 0 0 0 0 0 0 0 0 0 0 0
  0 0 0 0 0 0 0 0 0 0 0 0 0 0 0 0 0 0 0 0 0 0 0 0 0 0 0 0 0 0 0 0 0 0 0 0 0 0 0
  0 0 0 0 0 0 0 0 0 0 0 0 0 0 0 0 0 0 0 0 0 0 0 0 0 0 0 0 0 0 0 0 0 0 0 0 0 0 0
  0 0 0 0 0 0 0 0 0 0 0 0 0 0 0 0 0 0 0 0 0 0 0 0 0 0 0 0 0 0 0 0 0 0 0 0 0 0 0
  0 0 0 0 0 0 0 0 0 0 0 0 0 0 0 0 0 0 0 0 0 0 0 0 0 0 0 0 0 0 0 0 0 0 0 0 0 0 0
  0 0 0 0 0 0 0 0 0 0 0 0 0 0 0 0 0 0 0 0 0 0 0 0 0 0 0 0 0 0 0 0 0 0 0 0 0 0 0
  0 0 0 0 0 0 0 0 0 0 0 0 0 0 0 0 0 0 0 0 0 0 0 0 0 0 0 0 0 0 0 0 0 0 0 0 0 0 0
  0 0 0 0 0 0 0 0 0 0 0 0 0 0 0 0 0 0 0 0 0 0 0 0 0 0 0 0 0 0 0 0 0 0 0 0 0 0 0
  0 0 0 0 0 0 0 0 0 0 0 0 0 0 0 0 0 0 0 0 0 0 0 0 0 0 0 0 0 0 0 0 0 0 0 0 0 0 0
  0 0 0 0 0 0 0 0 0 0 0 0 0 0 0 0 0 0 0 0 0 0 0 0 0 0 0 0 0 0 0 0 0 0 0 0 0 0 0
  0 0 0 0 0 0 0 0 0 0 0 0 0 0 0 0 0 0 0 0 0 0 0 0 0 0 0 0 0 0 0 0 0 0 0 0 0 0 0
  0 0 0 0 0 0 0 0 0 0 0 0 0 0 0 0 0 0 0 0 0 0 0 0 0 0 0 0 0 0 0 0 0 0 0 0 0 0 0
  0 0 0 0 0 0 0 0 0 0 0 0 0 0 0 0 0 0 0 0 0 0 0 0 0 0 0 0 0 0 0 0 0 0 0 0 0 0 0
  0 0 0 0 0 0 0 0 0 0 0 0 0 0 0 0 0 0 0 0 0 0 0 0 0 0 0 0 0 0 0 0 0 0 0 0 0 0 0
  0 0 0 0 0 0 0 0 0 0 0 0 0 0 0 0 0 0 0 0 0 0 0 0 0 0 0 0 0 0 0 0 0 0 0 0 0 0 0
  0 0 0 0 0 0 0 0 0 0 0 0 0 0 0 0 0 0 0 0 0 0 0 0 0 0 0 0 0 0 0 0 0 0 0 0 0 0 0
  0 0 0 0 0 0 0 0 0 0 0 0 0 0 0 0 0 0 0 0 0 0 0 0 0 0 0 0 0 0 0 0 0 0 0 0 0 0 0
  0 0 0 0 0 0 0 0 0 0 0 0 0 0 0 0 0 0 0 0 0 0 0 0 0 0 0 0 0 0 0 0 0 0 0 0 0 0 0
  0 0 0 0 0 0 0 0 0 0 0 0 0 0 0 0 0 0 0 0 0 0 0 0 0 0 0 0 0 0 0 0 0 0 0 0 0 0 0
  0 0 0 0 0 0 0 0 0 0 0 0 0 0 0 0 0 0 0 0 0 0 0 0 0 0 0 0 0 0 0 0 0 0 0 0 0 0 0
  0 0 0 0 0 0 0 0 0 0 0 0 0 0 0 0 0 0 0 0 0 0 0 0 0 0 0 0 0 0 0 0 0 0 0 0 0 0 0
  0 0 0 0 0 0 0 0 0 0 0 0 0 0 0 0 0 0 0 0 0 0 0 0 0 0 0 0 0 0 0 0 0 0 0 0 0 0 0
  0 0 0 0 0 0 0 0 0 0 0 0 0 0 0 0 0 0 0 0 0 0 0 0 0 0 0 0 0 0 0 0 0 0 0 0 0 0 0
  0 0 0 0 0 0 0 0 0 0 0 0 0 0 0 0 0 0 0 0 0 0 0 0 0 0 0 0 0 0 0 0 0 0 0 0 0 0 0
  0 0 0 0 0 0 0 0 0 0 0 0 0 0 0 0 0 0 0 0 0 0 0 0 0 0 0 0 0 0 0 0 0 0 0 0 0 0 0
  0 0 0 0 0 0 0 0 0 0 0 0 0 0 0 0 0 0 0 0 0 0 0 0 0 0 0 0 0 0 0 0 0 0 0 0 0 0 0
  0 0 0 0 0 0 0 0 0 0 0 0 0 0 0 0 0 0 0 0 0 0 0 0 0 0 0 0 0 0 0 0 0 0 0 0 0 0 0
  0 0 0 0 0 0 0 0 0 0 0 0 0 0 0 0 0 0 0 0 0 0 0 0 0 0 0 0 0 0 0 0 0 0 0 0 0 0 0
  0 0 0 0 0 0 0 0 0 0 0 0 0 0 0 0 0 0 0 0 0 0 0 0 0 0 0 0 0 0 0 0 0 0 0 0 0 0 0
  0 0 0 0 0 0 0 0 0 0 0 0 0 0 0 0 0 0 0 0 0 0 0 0 0 0 0 0 0 0 0 0 0 0 0 0 0 0 0
  0 0 0 0 0 0 0 0 0 0 0 0 0 0 0 0 0 0 0 0 0 0 0 0 0 0 0 0 0 0 0 0 0 0 0 0 0 0 0
  0 0 0 0 0 0 0 0 0 0 0 0 0 0 0 0 0 0 0 0 0 0 0 0 0 0 0 0 0 0 0 0 0 0 0 0 0 0 0
  0 0 0 0 0 0 0 0 0 0 0 0 0 0 0 0 0 0 0 0 0 0 0 0 0 0 0 0 0 0 0 0 0 0 0 0 0 0 0
  0 0 0 0 0 0 0 0 0 0 0 0 0 0 0 0 0 0 0 0 0 0 0 0 0 0 0 0 0 0 0 0 0 0 0 0 0 0 0
  0 0 0 0 0 0 0 0 0 0 0 0 0 0 0 0 0 0 0 0 0 0 0 0 0 0 0 0 0 0 0 0 0 0 0 0 0 0 0
  0 0 0 0 0 0 0 0 0 0 0 0 0 0 0 0 0 0 0 0 0 0 0 0 0 0 0 0 0 0 0 0 0 0 0 0 0 0 0
  0 0 0 0 0 0 0 0 0 0 0 0 0 0 0 0 0 0 0 0 0 0 0 0 0 0 0 0 0 0 0 0 0 0 0 0 0 0 0
  0 0 0 0 0 0 0 0 0 0 0 0 0 0 0 0 0 0 0 0 0 0 0 0 0 0 0 0 0 0 0 0 0 0 0 0 0 0 0
  0) 
#(14 14 13 14 13 14 13 14 13 14 13 14 13 14 13 14 15 14 13 13 12 13 12 13 12 13
  12 13 12 13 12 13 14 13 12 12 11 12 11 12 11 12 11 12 11 12 12 13 15 14 13 12
  11 11 10 11 10 11 10 11 10 11 12 13 14 13 12 11 10 10 9 10 9 10 9 10 10 11 12
  13 13 12 11 10 9 9 8 9 8 9 8 9 10 11 12 13 12 11 10 9 8 8 7 8 7 8 8 9 10 11
  12 13 13 12 11 10 9 8 7 7 6 7 8 9 10 11 12 13 14 13 12 11 10 9 8 7 6 7 8 9 10
  11 12 13 15 14 13 12 11 10 9 8 7 7 8 9 10 11 12 13 14 14 13 12 11 10 9 8 7 7
  8 9 10 11 12 13 14 15 14 13 12 11 10 9 8 8 9 10 11 12 12 13 14 14 13 12 11 10
  9 8 8 9 10 11 12 13 12 13 15 14 13 12 11 10 9 8 9 10 11 12 13 14 13 13 14 14
  13 12 11 10 9 9 10 11 12 13 14 15 14 13 14 15 14 13 12 11 10 9 9 10 11 12 13
  14 13 13 14 14 13 14 13 14 13 14 13 14 13 14 13 14 13 14 15 14 13 13 12 13 12
  13 12 13 12 13 12 13 12 13 14 13 12 12 11 12 11 12 11 12 11 12 11 12 11 12 15
  14 13 12 11 11 10 11 10 11 10 11 10 11 11 12 14 13 12 11 10 10 9 10 9 10 9 10
  9 10 11 12 13 12 11 10 9 9 8 9 8 9 8 9 9 10 11 12 12 11 10 9 8 8 7 8 7 8 7 8
  9 10 11 12 13 12 11 10 9 8 7 7 6 7 7 8 9 10 11 12 14 13 12 11 10 9 8 7 6 6 7
  8 9 10 11 12 15 14 13 12 11 10 9 8 7 6 7 8 9 10 11 12 14 14 13 12 11 10 9 8 7
  7 8 9 10 11 11 12 14 15 14 13 12 11 10 9 8 8 9 10 11 12 11 12 14 14 13 12 11
  10 9 8 8 9 10 11 12 13 12 12 15 14 13 12 11 10 9 8 9 10 11 12 13 14 13 12 14
  14 13 12 11 10 9 9 10 11 12 13 14 15 14 13 14 15 14 13 12 11 10 9 9 10 11 12
  13 14 13 13 14 14 13 14 13 14 13 14 13 14 13 14 13 14 13 14 15 14 13 13 12 13
  12 13 12 13 12 13 12 13 12 13 14 13 12 12 11 12 11 12 11 12 11 12 11 12 11 12
  15 14 13 12 11 11 10 11 10 11 10 11 10 11 10 11 14 13 12 11 10 10 9 10 9 10 9
  10 9 10 10 11 13 12 11 10 9 9 8 9 8 9 8 9 8 9 10 11 12 11 10 9 8 8 7 8 7 8 7
  8 8 9 10 11 13 12 11 10 9 8 7 7 6 7 6 7 8 9 10 11 14 13 12 11 10 9 8 7 6 6 6
  7 8 9 10 11 15 14 13 12 11 10 9 8 7 6 7 8 9 10 10 11 14 14 13 12 11 10 9 8 7
  7 8 9 10 11 10 11 14 15 14 13 12 11 10 9 8 8 9 10 11 12 11 11 14 14 13 12 11
  10 9 8 8 9 10 11 12 13 12 11 15 14 13 12 11 10 9 8 9 10 11 12 13 14 13 12 14
  14 13 12 11 10 9 9 10 11 12 13 14 15 14 13 14 15 14 13 12 11 10 9 9 10 11 12
  13 14 13 13 14 14 13 14 13 14 13 14 13 14 13 14 13 14 13 14 15 14 13 13 12 13
  12 13 12 13 12 13 12 13 12 13 14 13 12 12 11 12 11 12 11 12 11 12 11 12 11 12
  15 14 13 12 11 11 10 11 10 11 10 11 10 11 10 11 14 13 12 11 10 10 9 10 9 10 9
  10 9 10 9 10 13 12 11 10 9 9 8 9 8 9 8 9 8 9 9 10 12 11 10 9 8 8 7 8 7 8 7 8
  7 8 9 10 13 12 11 10 9 8 7 7 6 7 6 7 7 8 9 10 14 13 12 11 10 9 8 7 6 6 6 7 8
  9 9 10 15 14 13 12 11 10 9 8 7 6 7 8 9 10 9 10 14 14 13 12 11 10 9 8 7 7 8 9
  10 11 10 10 14 15 14 13 12 11 10 9 8 8 9 10 11 12 11 10 14 14 13 12 11 10 9 8
  8 9 10 11 12 13 12 11 15 14 13 12 11 10 9 8 9 10 11 12 13 14 13 12 14 14 13
  12 11 10 9 9 10 11 12 13 14 15 14 13 14 15 14 13 12 11 10 9 9 10 11 12 13 14
  13 13 14 14 13 14 13 14 13 14 13 14 13 14 13 14 13 14 15 14 13 13 12 13 12 13
  12 13 12 13 12 13 12 13 14 13 12 12 11 12 11 12 11 12 11 12 11 12 11 12 15 14
  13 12 11 11 10 11 10 11 10 11 10 11 10 11 14 13 12 11 10 10 9 10 9 10 9 10 9
  10 9 10 13 12 11 10 9 9 8 9 8 9 8 9 8 9 8 9 12 11 10 9 8 8 7 8 7 8 7 8 7 8 8
  9 13 12 11 10 9 8 7 7 6 7 6 7 7 8 8 9 14 13 12 11 10 9 8 7 6 6 6 7 8 9 8 9 15
  14 13 12 11 10 9 8 7 6 7 8 9 10 9 9 14 14 13 12 11 10 9 8 7 7 8 9 10 11 10 9
  14 15 14 13 12 11 10 9 8 8 9 10 11 12 11 10 14 14 13 12 11 10 9 8 8 9 10 11
  12 13 12 11 15 14 13 12 11 10 9 8 9 10 11 12 13 14 13 12 14 14 13 12 11 10 9
  9 10 11 12 13 14 15 14 13 14 15 14 13 12 11 10 9 9 10 11 12 13 14 13 13 14 14
  13 14 13 14 13 14 13 14 13 14 13 14 13 14 15 14 13 13 12 13 12 13 12 13 12 13
  12 13 12 13 14 13 12 12 11 12 11 12 11 12 11 12 11 12 11 12 15 14 13 12 11 11
  10 11 10 11 10 11 10 11 10 11 14 13 12 11 10 10 9 10 9 10 9 10 9 10 9 10 13
  12 11 10 9 9 8 9 8 9 8 9 8 9 8 9 12 11 10 9 8 8 7 8 7 8 7 8 7 8 7 8 13 12 11
  10 9 8 7 7 6 7 6 7 7 8 7 8 14 13 12 11 10 9 8 7 6 6 6 7 8 9 8 8 15 14 13 12
  11 10 9 8 7 6 7 8 9 10 9 8 14 14 13 12 11 10 9 8 7 7 8 9 10 11 10 9 14 15 14
  13 12 11 10 9 8 8 9 10 11 12 11 10 14 14 13 12 11 10 9 8 8 9 10 11 12 13 12
  11 15 14 13 12 11 10 9 8 9 10 11 12 13 14 13 12 14 14 13 12 11 10 9 9 10 11
  12 13 14 15 14 13 14 15 14 13 12 11 10 9 9 10 11 12 13 14 13 12 14 14 13 14
  13 14 13 14 13 14 13 14 13 14 13 14 15 14 13 13 12 13 12 13 12 13 12 13 12 13
  12 13 14 13 12 12 11 12 11 12 11 12 11 12 11 12 11 12 15 14 13 12 11 11 10 11
  10 11 10 11 10 11 10 11 14 13 12 11 10 10 9 10 9 10 9 10 9 10 9 10 13 12 11
  10 9 9 8 9 8 9 8 9 8 9 8 9 12 11 10 9 8 8 7 8 7 8 7 8 7 8 7 8 13 12 11 10 9 8
  7 7 6 7 6 7 7 8 7 7 14 13 12 11 10 9 8 7 6 6 6 7 8 9 8 7 15 14 13 12 11 10 9
  8 7 6 7 8 9 10 9 8 14 14 13 12 11 10 9 8 7 7 8 9 10 11 10 9 14 15 14 13 12 11
  10 9 8 8 9 10 11 12 11 10 14 14 13 12 11 10 9 8 8 9 10 11 12 13 12 11 15 14
  13 12 11 10 9 8 9 10 11 12 13 14 13 12 14 14 13 12 11 10 9 9 10 11 12 13 14
  15 14 13 14 15 14 13 12 11 10 9 9 10 11 12 13 14 13 12 14 14 13 14 13 14 13
  14 13 14 13 14 13 14 13 14 15 14 13 13 12 13 12 13 12 13 12 13 12 13 12 13 14
  13 12 12 11 12 11 12 11 12 11 12 11 12 11 12 15 14 13 12 11 11 10 11 10 11 10
  11 10 11 10 11 14 13 12 11 10 10 9 10 9 10 9 10 9 10 9 10 13 12 11 10 9 9 8 9
  8 9 8 9 8 9 8 9 12 11 10 9 8 8 7 8 7 8 7 8 7 8 7 8 13 12 11 10 9 8 7 7 6 7 6
  7 7 8 7 7 14 13 12 11 10 9 8 7 6 6 6 7 8 9 8 7 15 14 13 12 11 10 9 8 7 6 7 8
  9 10 9 8 14 14 13 12 11 10 9 8 7 7 8 9 10 11 10 9 14 15 14 13 12 11 10 9 8 8
  9 10 11 12 11 10 14 14 13 12 11 10 9 8 8 9 10 11 12 13 12 11 15 14 13 12 11
  10 9 8 9 10 11 12 13 14 13 12 14 14 13 12 11 10 9 9 10 11 12 13 14 15 14 13
  14 15 14 13 12 11 10 9 9 10 11 12 13 14 13 12 14 14 13 14 13 14 13 14 13 14
  13 14 13 14 13 14 15 14 13 13 12 13 12 13 12 13 12 13 12 13 12 13 14 13 12 12
  11 12 11 12 11 12 11 12 11 12 11 12 15 14 13 12 11 11 10 11 10 11 10 11 10 11
  10 11 14 13 12 11 10 10 9 10 9 10 9 10 9 10 9 10 13 12 11 10 9 9 8 9 8 9 8 9
  8 9 8 9 12 11 10 9 8 8 7 8 7 8 7 8 7 8 7 8 13 12 11 10 9 8 7 7 6 7 6 7 7 8 7
  7 14 13 12 11 10 9 8 7 6 6 6 7 8 9 8 7 15 14 13 12 11 10 9 8 7 6 7 8 9 10 9 8
  14 14 13 12 11 10 9 8 7 7 8 9 10 11 10 9 14 15 14 13 12 11 10 9 8 8 9 10 11
  12 11 10 14 14 13 12 11 10 9 8 8 9 10 11 12 13 12 11 15 14 13 12 11 10 9 8 9
  10 11 12 13 14 13 12 14 14 13 12 11 10 9 9 10 11 12 13 14 15 14 13 14 15 14
  13 12 11 10 9 9 10 11 12 13 14 13 12 14 14 13 14 13 14 13 14 13 14 13 14 13
  14 13 14 15 14 13 13 12 13 12 13 12 13 12 13 12 13 12 13 14 13 12 12 11 12 11
  12 11 12 11 12 11 12 11 12 15 14 13 12 11 11 10 11 10 11 10 11 10 11 10 11 14
  13 12 11 10 10 9 10 9 10 9 10 9 10 9 10 13 12 11 10 9 9 8 9 8 9 8 9 8 9 8 9
  12 11 10 9 8 8 7 8 7 8 7 8 7 8 7 8 13 12 11 10 9 8 7 7 6 7 6 7 7 8 7 7 14 13
  12 11 10 9 8 7 6 6 6 7 8 9 8 7 15 14 13 12 11 10 9 8 7 6 7 8 9 10 9 8 14 14
  13 12 11 10 9 8 7 7 8 9 10 11 10 9 14 15 14 13 12 11 10 9 8 8 9 10 11 12 11
  10 14 14 13 12 11 10 9 8 8 9 10 11 12 13 12 11 15 14 13 12 11 10 9 8 9 10 11
  12 13 14 13 12 14 14 13 12 11 10 9 9 10 11 12 13 14 15 14 13 14 15 14 13 12
  11 10 9 10 11 11 12 13 14 13 12 14 14 13 14 13 14 13 14 13 14 13 14 13 14 13
  14 15 14 13 13 12 13 12 13 12 13 12 13 12 13 12 13 14 13 12 12 11 12 11 12 11
  12 11 12 11 12 11 12 15 14 13 12 11 11 10 11 10 11 10 11 10 11 10 11 14 13 12
  11 10 10 9 10 9 10 9 10 9 10 9 10 13 12 11 10 9 9 8 9 8 9 8 9 8 9 8 9 12 11
  10 9 8 8 7 8 7 8 7 8 7 8 7 8 13 12 11 10 9 8 7 7 6 7 6 7 7 8 7 8 14 13 12 11
  10 9 8 7 6 6 6 7 8 9 8 8 15 14 13 12 11 10 9 8 7 6 7 8 9 10 9 8 14 14 13 12
  11 10 9 8 7 7 8 9 10 11 10 9 14 15 14 13 12 11 10 9 8 8 9 10 11 12 11 10 14
  14 13 12 11 10 9 8 8 9 10 11 12 13 12 11 15 14 13 12 11 10 9 8 9 10 11 12 13
  14 13 12 14 14 13 12 11 10 9 9 10 11 12 13 14 15 14 13 14 15 14 13 12 11 10 9
  10 11 12 12 13 14 13 12 14 14 13 14 13 14 13 14 13 14 13 14 13 14 13 14 15 14
  13 13 12 13 12 13 12 13 12 13 12 13 12 13 14 13 12 12 11 12 11 12 11 12 11 12
  11 12 11 12 15 14 13 12 11 11 10 11 10 11 10 11 10 11 10 11 14 13 12 11 10 10
  9 10 9 10 9 10 9 10 9 10 13 12 11 10 9 9 8 9 8 9 8 9 8 9 8 9 12 11 10 9 8 8 7
  8 7 8 7 8 7 8 8 9 13 12 11 10 9 8 7 7 6 7 6 7 7 8 8 9 14 13 12 11 10 9 8 7 6
  6 6 7 8 9 8 9 15 14 13 12 11 10 9 8 7 6 7 8 9 10 9 9 14 14 13 12 11 10 9 8 7
  7 8 9 10 11 10 9 14 15 14 13 12 11 10 9 8 8 9 10 11 12 11 10 14 14 13 12 11
  10 9 8 8 9 10 11 12 13 12 11 15 14 13 12 11 10 9 8 9 10 11 12 13 14 13 12 14
  14 13 12 11 10 9 9 10 11 12 13 14 15 14 13 14 15 14 13 12 11 10 9 10 11 12 13
  14 14 13 12 14 14 13 14 13 14 13 14 13 14 13 14 13 14 13 14 15 14 13 13 12 13
  12 13 12 13 12 13 12 13 12 13 14 13 12 12 11 12 11 12 11 12 11 12 11 12 11 12
  15 14 13 12 11 11 10 11 10 11 10 11 10 11 10 11 14 13 12 11 10 10 9 10 9 10 9
  10 9 10 9 10 13 12 11 10 9 9 8 9 8 9 8 9 8 9 9 10 12 11 10 9 8 8 7 8 7 8 7 8
  7 8 9 10 13 12 11 10 9 8 7 7 6 7 6 7 7 8 9 10 14 13 12 11 10 9 8 7 6 6 6 7 8
  9 9 10 15 14 13 12 11 10 9 8 7 6 7 8 9 10 9 10 14 14 13 12 11 10 9 8 7 7 8 9
  10 11 10 10 14 15 14 13 12 11 10 9 8 8 9 10 11 12 11 10 14 14 13 12 11 10 9 8
  8 9 10 11 12 13 12 11 15 14 13 12 11 10 9 8 9 10 11 12 13 14 13 12 14 14 13
  12 11 10 9 9 10 11 12 13 14 15 14 13 14 15 14 13 12 11 10 9 10 11 12 13 14 14
  13 12 14 14 13 14 13 14 13 14 13 14 13 14 13 14 13 14 15 14 13 13 12 13 12 13
  12 13 12 13 12 13 12 13 14 13 12 12 11 12 11 12 11 12 11 12 11 12 11 12 15 14
  13 12 11 11 10 11 10 11 10 11 10 11 10 11 14 13 12 11 10 10 9 10 9 10 9 10 9
  10 10 11 13 12 11 10 9 9 8 9 8 9 8 9 8 9 10 11 12 11 10 9 8 8 7 8 7 8 7 8 8 9
  10 11 13 12 11 10 9 8 7 7 6 7 6 7 8 9 10 11 14 13 12 11 10 9 8 7 6 6 6 7 8 9
  10 11 15 14 13 12 11 10 9 8 7 6 7 8 9 10 10 11 14 14 13 12 11 10 9 8 7 7 8 9
  10 11 10 11 14 15 14 13 12 11 10 9 8 8 9 10 11 12 11 11 14 14 13 12 11 10 9 8
  8 9 10 11 12 13 12 11 15 14 13 12 11 10 9 8 9 10 11 12 13 14 13 12 14 14 13
  12 11 10 9 9 10 11 12 13 14 15 14 13 14 15 14 13 12 11 10 9 10 11 12 13 14 14
  13 12 14 14 13 14 13 14 13 14 13 14 13 14 13 14 13 14 15 14 13 13 12 13 12 13
  12 13 12 13 12 13 12 13 14 13 12 12 11 12 11 12 11 12 11 12 11 12 11 12 15 14
  13 12 11 11 10 11 10 11 10 11 10 11 11 12 14 13 12 11 10 10 9 10 9 10 9 10 9
  10 11 12 13 12 11 10 9 9 8 9 8 9 8 9 9 10 11 12 12 11 10 9 8 8 7 8 7 8 7 8 9
  10 11 12 13 12 11 10 9 8 7 7 6 7 7 8 9 10 11 12 14 13 12 11 10 9 8 7 6 6 7 8
  9 10 11 12 15 14 13 12 11 10 9 8 7 6 7 8 9 10 11 12 14 14 13 12 11 10 9 8 7 7
  8 9 10 11 11 12 14 15 14 13 12 11 10 9 8 8 9 10 11 12 11 12 14 14 13 12 11 10
  9 8 8 9 10 11 12 13 12 12 15 14 13 12 11 10 9 8 9 10 11 12 13 14 13 12 14 14
  13 12 11 10 9 9 10 11 12 13 14 15 14 13 14 15 14 13 12 11 10 9 10 11 12 13 14
  14 14 13 14 14 13 14 13 14 13 14 13 14 13 14 13 14 13 14 15 14 13 13 12 13 12
  13 12 13 12 13 12 13 12 13 14 13 12 12 11 12 11 12 11 12 11 12 11 12 12 13 15
  14 13 12 11 11 10 11 10 11 10 11 10 11 12 13 14 13 12 11 10 10 9 10 9 10 9 10
  10 11 12 13 13 12 11 10 9 9 8 9 8 9 8 9 10 11 12 13 12 11 10 9 8 8 7 8 7 8 8
  9 10 11 12 13 13 12 11 10 9 8 7 7 6 7 8 9 10 11 12 13 14 13 12 11 10 9 8 7 6
  7 8 9 10 11 12 13 15 14 13 12 11 10 9 8 7 7 8 9 10 11 12 13 14 14 13 12 11 10
  9 8 7 7 8 9 10 11 12 13 14 15 14 13 12 11 10 9 8 8 9 10 11 12 12 13 14 14 13
  12 11 10 9 8 8 9 10 11 12 13 12 13 15 14 13 12 11 10 9 8 9 10 11 12 13 14 13
  13 14 14 13 12 11 10 9 9 10 11 12 13 14 15 14 13 14 15 14 13 12 11 10 10 11
  12 13 13 14 14 14 13) 