
#(2 2 2 2 2 2 2 2 2 2 4 4 1 1 1 1 2 2 2 2 2 2 2 2 2 2 2 4 58 58 58 58 2 2 2 2 2
  2 2 2 2 2 2 2 58 58 58 58 2 2 2 2 2 2 2 2 2 2 2 2 58 58 58 58 2 2 2 2 2 2 2 2
  2 2 2 14 58 58 58 58 2 2 2 2 2 2 2 2 2 2 2 14 58 58 58 58 2 2 2 2 2 2 2 2 2 2
  2 2 58 58 58 58 2 2 2 2 2 2 2 2 2 2 2 2 4 58 58 58 2 2 2 2 2 2 2 2 2 2 2 2 2
  58 58 58 2 2 2 2 2 2 2 2 2 2 2 2 2 4 58 58 2 2 2 2 2 2 2 2 2 2 2 2 2 2 4 4 2
  2 2 2 2 2 2 2 2 2 2 2 2 2 2 17 2 2 2 2 2 2 2 2 2 2 2 2 2 2 2 17 2 2 2 2 2 2 2
  2 2 2 2 2 2 2 2 17 2 2 2 2 2 2 2 2 2 2 2 2 2 2 2 17 2 88 2 2 2 88 2 2 2 88 2
  2 17 88 2 17 88 2 2 2 2 2 2 2 2 2 2 2 58 58 58 58 0 0 0 0 0 0 0 0 0 0 0 0 0 0
  0 0 0 0 0 0 0 0 0 0 0 0 0 0 0 0 0 0 0 0 0 0 0 0 0 0 0 0 0 0 0 0 0 0 0 0 0 0 0
  0 0 0 0 0 0 0 0 0 0 0 0 0 0 0 0 0 0 0 0 0 0 0 0 0 0 0 0 0 0 0 0 0 0 0 0 0 0 0
  0 0 0 0 0 0 0 0 0 0 0 0 0 0 0 0 0 0 0 0 0 0 0 0 0 0 0 0 0 0 0 0 0 0 0 0 0 0 0
  0 0 0 0 0 0 0 0 0 0 0 0 0 0 0 0 0 0 0 0 0 0 0 0 0 0 0 0 0 0 0 0 0 0 0 0 0 0 0
  0 0 0 0 0 0 0 0 0 0 0 0 0 0 0 0 0 0 0 0 0 0 0 0 0 0 0 0 0 0 0 0 0 0 0 0 0 0 0
  0 0 0 0 0 0 0 0 0 0 0 0 0 0 0 88 58 88 57 88 2 88 0 88 2 88 57 88 2 88 0 0 88
  2 2 2 2 2 2 2 2 2 2 58 58 58 88 0 0 0 0 0 0 0 0 0 0 0 0 0 0 0 0 0 0 0 0 0 0 0
  0 0 0 0 0 0 0 0 0 0 0 0 0 0 0 0 0 0 0 0 0 0 0 0 0 0 0 0 0 0 0 0 0 0 0 0 0 0 0
  0 0 0 0 0 0 0 0 0 0 0 0 0 0 0 0 0 0 0 0 0 0 0 0 0 0 0 0 0 0 0 0 0 0 0 0 0 0 0
  0 0 0 0 0 0 0 0 0 0 0 0 0 0 0 0 0 0 0 0 0 0 0 0 0 0 0 0 0 0 0 0 0 0 0 0 0 0 0
  0 0 0 0 0 0 0 0 0 0 0 0 0 0 0 0 0 0 0 0 0 0 0 0 0 0 0 0 0 0 0 0 0 0 0 0 0 0 0
  0 0 0 0 0 0 0 0 0 0 0 0 0 0 0 0 0 0 0 0 0 0 0 0 0 0 0 0 0 0 0 0 0 0 0 0 0 0 0
  0 0 0 0 0 0 49 88 58 88 58 88 2 0 2 88 2 88 2 88 2 0 0 2 88 2 2 2 2 2 2 2 2 2
  58 58 88 49 0 0 0 0 0 0 0 0 0 0 0 0 0 0 0 0 0 0 0 0 0 0 0 0 0 0 0 0 0 0 0 0 0
  0 0 0 0 0 0 0 0 0 0 0 0 0 0 0 0 0 0 0 0 0 0 0 0 0 0 0 0 0 0 0 0 0 0 0 0 0 0 0
  0 0 0 0 0 0 0 0 0 0 0 0 0 0 0 0 0 0 0 0 0 0 0 0 0 0 0 0 0 0 0 0 0 0 0 0 0 0 0
  0 0 0 0 0 0 0 0 0 0 0 0 0 0 0 0 0 0 0 0 0 0 0 0 0 0 0 0 0 0 0 0 0 0 0 0 0 0 0
  0 0 0 0 0 0 0 0 0 0 0 0 0 0 0 0 0 0 0 0 0 0 0 0 0 0 0 0 0 0 0 0 0 0 0 0 0 0 0
  0 0 0 0 0 0 0 0 0 0 0 0 0 0 0 0 0 0 0 0 0 0 0 0 0 0 0 0 0 0 0 0 0 0 0 0 57 88
  58 88 57 57 0 0 57 88 2 88 57 57 0 0 57 57 88 2 2 2 2 2 2 2 2 58 88 57 0 0 0
  0 0 0 0 0 0 0 0 0 0 0 0 0 0 0 0 0 0 0 0 0 0 0 0 0 0 0 0 0 0 0 0 0 0 0 0 0 0 0
  0 0 0 0 0 0 0 0 0 0 0 0 0 0 0 0 0 0 0 0 0 0 0 0 0 0 0 0 0 0 0 0 0 0 0 0 0 0 0
  0 0 0 0 0 0 0 0 0 0 0 0 0 0 0 0 0 0 0 0 0 0 0 0 0 0 0 0 0 0 0 0 0 0 0 0 0 0 0
  0 0 0 0 0 0 0 0 0 0 0 0 0 0 0 0 0 0 0 0 0 0 0 0 0 0 0 0 0 0 0 0 0 0 0 0 0 0 0
  0 0 0 0 0 0 0 0 0 0 0 0 0 0 0 0 0 0 0 0 0 0 0 0 0 0 0 0 0 0 0 0 0 0 0 0 0 0 0
  0 0 0 0 0 0 0 0 0 0 0 0 0 0 0 0 0 0 0 0 0 0 0 0 0 0 0 49 88 58 88 2 88 2 0 2
  88 2 88 2 88 2 0 0 2 88 2 88 2 2 2 2 2 2 2 88 58 88 49 0 0 0 0 0 0 0 0 0 0 0
  0 0 0 0 0 0 0 0 0 0 0 0 0 0 0 0 0 0 0 0 0 0 0 0 0 0 0 0 0 0 0 0 0 0 0 0 0 0 0
  0 0 0 0 0 0 0 0 0 0 0 0 0 0 0 0 0 0 0 0 0 0 0 0 0 0 0 0 0 0 0 0 0 0 0 0 0 0 0
  0 0 0 0 0 0 0 0 0 0 0 0 0 0 0 0 0 0 0 0 0 0 0 0 0 0 0 0 0 0 0 0 0 0 0 0 0 0 0
  0 0 0 0 0 0 0 0 0 0 0 0 0 0 0 0 0 0 0 0 0 0 0 0 0 0 0 0 0 0 0 0 0 0 0 0 0 0 0
  0 0 0 0 0 0 0 0 0 0 0 0 0 0 0 0 0 0 0 0 0 0 0 0 0 0 0 0 0 0 0 0 0 0 0 0 0 0 0
  0 0 0 0 0 0 0 0 0 0 0 0 0 0 0 0 0 0 88 58 88 57 88 2 88 57 88 2 88 57 88 2 88
  0 0 88 2 88 57 88 2 2 2 2 2 88 57 88 58 88 0 0 0 0 0 0 0 0 0 0 0 0 0 0 0 0 0
  0 0 0 0 0 0 0 0 0 0 0 0 0 0 0 0 0 0 0 0 0 0 0 0 0 0 0 0 0 0 0 0 0 0 0 0 0 0 0
  0 0 0 0 0 0 0 0 0 0 0 0 0 0 0 0 0 0 0 0 0 0 0 0 0 0 0 0 0 0 0 0 0 0 0 0 0 0 0
  0 0 0 0 0 0 0 0 0 0 0 0 0 0 0 0 0 0 0 0 0 0 0 0 0 0 0 0 0 0 0 0 0 0 0 0 0 0 0
  0 0 0 0 0 0 0 0 0 0 0 0 0 0 0 0 0 0 0 0 0 0 0 0 0 0 0 0 0 0 0 0 0 0 0 0 0 0 0
  0 0 0 0 0 0 0 0 0 0 0 0 0 0 0 0 0 0 0 0 0 0 0 0 0 0 0 0 0 0 0 0 0 0 0 0 0 0 0
  0 0 0 0 0 0 0 0 0 0 0 0 49 88 49 57 2 88 2 88 2 88 2 57 2 88 2 0 0 2 88 2 0 2
  88 2 2 2 88 2 0 49 88 49 0 0 0 0 0 0 0 0 0 0 0 0 0 0 0 0 0 0 0 0 0 0 0 0 0 0
  0 0 0 0 0 0 0 0 0 0 0 0 0 0 0 0 0 0 0 0 0 0 0 0 0 0 0 0 0 0 0 0 0 0 0 0 0 0 0
  0 0 0 0 0 0 0 0 0 0 0 0 0 0 0 0 0 0 0 0 0 0 0 0 0 0 0 0 0 0 0 0 0 0 0 0 0 0 0
  0 0 0 0 0 0 0 0 0 0 0 0 0 0 0 0 0 0 0 0 0 0 0 0 0 0 0 0 0 0 0 0 0 0 0 0 0 0 0
  0 0 0 0 0 0 0 0 0 0 0 0 0 0 0 0 0 0 0 0 0 0 0 0 0 0 0 0 0 0 0 0 0 0 0 0 0 0 0
  0 0 0 0 0 0 0 0 0 0 0 0 0 0 0 0 0 0 0 0 0 0 0 0 0 0 0 0 0 0 0 0 0 0 0 0 0 0 0
  0 0 0 0 0 0 0 0 57 88 2 88 57 57 0 0 0 0 0 0 0 0 0 0 57 57 88 2 88 57 0 0 0 0
  0 0 0 0 0 0 0 0 0 0 0 0 0 0 0 0 0 0 0 0 0 0 0 0 0 0 0 0 0 0 0 0 0 0 0 0 0 0 0
  0 0 0 0 0 0 0 0 0 0 0 0 0 0 0 0 0 0 0 0 0 0 0 0 0 0 0 0 0 0 0 0 0 0 0 0 0 0 0
  0 0 0 0 0 0 0 0 0 0 0 0 0 0 0 0 0 0 0 0 0 0 0 0 0 0 0 0 0 0 0 0 0 0 0 0 0 0 0
  0 0 0 0 0 0 0 0 0 0 0 0 0 0 0 0 0 0 0 0 0 0 0 0 0 0 0 0 0 0 0 0 0 0 0 0 0 0 0
  0 0 0 0 0 0 0 0 0 0 0 0 0 0 0 0 0 0 0 0 0 0 0 0 0 0 0 0 0 0 0 0 0 0 0 0 0 0 0
  0 0 0 0 0 0 0 0 0 0 0 0 0 0 0 0 0 0 0 0 0 0 0 0 0 0 0 0 0 0 49 88 49 0 2 88 2
  2 2 88 2 0 2 88 2 0 0 2 88 2 57 2 88 2 88 2 88 2 57 49 88 49 0 0 0 0 0 0 0 0
  0 0 0 0 0 0 0 0 0 0 0 0 0 0 0 0 0 0 0 0 0 0 0 0 0 0 0 0 0 0 0 0 0 0 0 0 0 0 0
  0 0 0 0 0 0 0 0 0 0 0 0 0 0 0 0 0 0 0 0 0 0 0 0 0 0 0 0 0 0 0 0 0 0 0 0 0 0 0
  0 0 0 0 0 0 0 0 0 0 0 0 0 0 0 0 0 0 0 0 0 0 0 0 0 0 0 0 0 0 0 0 0 0 0 0 0 0 0
  0 0 0 0 0 0 0 0 0 0 0 0 0 0 0 0 0 0 0 0 0 0 0 0 0 0 0 0 0 0 0 0 0 0 0 0 0 0 0
  0 0 0 0 0 0 0 0 0 0 0 0 0 0 0 0 0 0 0 0 0 0 0 0 0 0 0 0 0 0 0 0 0 0 0 0 0 0 0
  0 0 0 0 0 0 0 0 0 0 0 0 0 0 0 0 0 0 0 0 0 88 58 88 57 88 2 2 2 2 2 88 57 88 2
  88 0 0 88 2 88 57 88 2 88 57 88 2 88 57 88 58 88 0 0 0 0 0 0 0 0 0 0 0 0 0 0
  0 0 0 0 0 0 0 0 0 0 0 0 0 0 0 0 0 0 0 0 0 0 0 0 0 0 0 0 0 0 0 0 0 0 0 0 0 0 0
  0 0 0 0 0 0 0 0 0 0 0 0 0 0 0 0 0 0 0 0 0 0 0 0 0 0 0 0 0 0 0 0 0 0 0 0 0 0 0
  0 0 0 0 0 0 0 0 0 0 0 0 0 0 0 0 0 0 0 0 0 0 0 0 0 0 0 0 0 0 0 0 0 0 0 0 0 0 0
  0 0 0 0 0 0 0 0 0 0 0 0 0 0 0 0 0 0 0 0 0 0 0 0 0 0 0 0 0 0 0 0 0 0 0 0 0 0 0
  0 0 0 0 0 0 0 0 0 0 0 0 0 0 0 0 0 0 0 0 0 0 0 0 0 0 0 0 0 0 0 0 0 0 0 0 0 0 0
  0 0 0 0 0 0 0 0 0 0 0 0 0 0 0 49 88 58 88 2 2 2 2 2 2 2 88 2 88 2 0 0 2 88 2
  88 2 88 2 0 2 88 2 88 58 88 49 0 0 0 0 0 0 0 0 0 0 0 0 0 0 0 0 0 0 0 0 0 0 0
  0 0 0 0 0 0 0 0 0 0 0 0 0 0 0 0 0 0 0 0 0 0 0 0 0 0 0 0 0 0 0 0 0 0 0 0 0 0 0
  0 0 0 0 0 0 0 0 0 0 0 0 0 0 0 0 0 0 0 0 0 0 0 0 0 0 0 0 0 0 0 0 0 0 0 0 0 0 0
  0 0 0 0 0 0 0 0 0 0 0 0 0 0 0 0 0 0 0 0 0 0 0 0 0 0 0 0 0 0 0 0 0 0 0 0 0 0 0
  0 0 0 0 0 0 0 0 0 0 0 0 0 0 0 0 0 0 0 0 0 0 0 0 0 0 0 0 0 0 0 0 0 0 0 0 0 0 0
  0 0 0 0 0 0 0 0 0 0 0 0 0 0 0 0 0 0 0 0 0 0 0 0 0 0 0 0 0 0 0 0 0 0 0 0 0 0 0
  0 0 0 0 0 0 0 57 88 58 2 2 2 2 2 2 2 2 88 57 57 0 0 57 57 88 2 88 57 0 0 57
  57 88 58 88 57 0 0 0 0 0 0 0 0 0 0 0 0 0 0 0 0 0 0 0 0 0 0 0 0 0 0 0 0 0 0 0
  0 0 0 0 0 0 0 0 0 0 0 0 0 0 0 0 0 0 0 0 0 0 0 0 0 0 0 0 0 0 0 0 0 0 0 0 0 0 0
  0 0 0 0 0 0 0 0 0 0 0 0 0 0 0 0 0 0 0 0 0 0 0 0 0 0 0 0 0 0 0 0 0 0 0 0 0 0 0
  0 0 0 0 0 0 0 0 0 0 0 0 0 0 0 0 0 0 0 0 0 0 0 0 0 0 0 0 0 0 0 0 0 0 0 0 0 0 0
  0 0 0 0 0 0 0 0 0 0 0 0 0 0 0 0 0 0 0 0 0 0 0 0 0 0 0 0 0 0 0 0 0 0 0 0 0 0 0
  0 0 0 0 0 0 0 0 0 0 0 0 0 0 0 0 0 0 0 0 0 0 0 0 0 0 0 0 0 0 0 0 0 0 0 0 0 0
  49 88 58 58 2 2 2 2 2 2 2 2 2 88 2 0 0 2 88 2 88 2 88 2 0 2 88 58 88 58 88 49
  0 0 0 0 0 0 0 0 0 0 0 0 0 0 0 0 0 0 0 0 0 0 0 0 0 0 0 0 0 0 0 0 0 0 0 0 0 0 0
  0 0 0 0 0 0 0 0 0 0 0 0 0 0 0 0 0 0 0 0 0 0 0 0 0 0 0 0 0 0 0 0 0 0 0 0 0 0 0
  0 0 0 0 0 0 0 0 0 0 0 0 0 0 0 0 0 0 0 0 0 0 0 0 0 0 0 0 0 0 0 0 0 0 0 0 0 0 0
  0 0 0 0 0 0 0 0 0 0 0 0 0 0 0 0 0 0 0 0 0 0 0 0 0 0 0 0 0 0 0 0 0 0 0 0 0 0 0
  0 0 0 0 0 0 0 0 0 0 0 0 0 0 0 0 0 0 0 0 0 0 0 0 0 0 0 0 0 0 0 0 0 0 0 0 0 0 0
  0 0 0 0 0 0 0 0 0 0 0 0 0 0 0 0 0 0 0 0 0 0 0 0 0 0 0 0 0 88 58 58 58 2 2 2 2
  2 2 2 2 2 2 88 57 0 88 2 88 57 88 2 88 0 88 2 88 57 88 58 88 0 0 0 0 0 0 0 0
  0 0 0 0 0 0 0 0 0 0 0 0 0 0 0 0 0 0 0 0 0 0 0 0 0 0 0 0 0 0 0 0 0 0 0 0 0 0 0
  0 0 0 0 0 0 0 0 0 0 0 0 0 0 0 0 0 0 0 0 0 0 0 0 0 0 0 0 0 0 0 0 0 0 0 0 0 0 0
  0 0 0 0 0 0 0 0 0 0 0 0 0 0 0 0 0 0 0 0 0 0 0 0 0 0 0 0 0 0 0 0 0 0 0 0 0 0 0
  0 0 0 0 0 0 0 0 0 0 0 0 0 0 0 0 0 0 0 0 0 0 0 0 0 0 0 0 0 0 0 0 0 0 0 0 0 0 0
  0 0 0 0 0 0 0 0 0 0 0 0 0 0 0 0 0 0 0 0 0 0 0 0 0 0 0 0 0 0 0 0 0 0 0 0 0 0 0
  0 0 0 0 0 0 0 0 0 0 0 0 0 0 0 0 0 0 0 0 0 58 58 58 58 2 2 2 2 2 2 2 2 2 2 2
  88 17 2 88 17 2 2 88 2 2 2 88 2 2 2 88 2 17 2 2 2 2 2 2 2 2 2 2 2 2 2 2 2 17
  2 2 2 2 2 2 2 2 2 2 2 2 2 2 2 17 2 2 2 2 2 2 2 2 2 2 2 2 2 2 2 17 2 2 2 2 2 2
  2 2 2 2 2 2 2 2 2 4 4 2 2 2 2 2 2 2 2 2 2 2 2 2 2 1 1 4 2 2 2 2 2 2 2 2 2 2 2
  2 2 1 1 1 2 2 2 2 2 2 2 2 2 2 2 2 2 1 1 1 4 2 2 2 2 2 2 2 2 2 2 2 2 1 1 1 1 2
  2 2 2 2 2 2 2 2 2 2 2 1 1 1 1 14 2 2 2 2 2 2 2 2 2 2 2 1 1 1 1 14 2 2 2 2 2 2
  2 2 2 2 2 1 1 1 1 2 2 2 2 2 2 2 2 2 2 2 2 1 1 1 1 2 2 2 2 2 2 2 2 2 2 2 2 1 1
  1 1 4 2 2 2 2 2 2 2 2 2 2 2 1 1 1 1 4 4 2 2 2 2 2 2 2 2 2 2) 
#(0 0 0 0 0 0 0 0 0 0 0 0 0 0 0 0 0 0 0 0 0 0 0 0 0 0 0 0 0 0 0 0 0 0 0 0 0 0 0
  0 0 0 0 0 0 0 0 0 0 0 0 0 0 0 0 0 0 0 0 0 0 0 0 0 0 0 0 0 0 0 0 0 0 0 0 0 0 0
  0 0 0 0 0 0 0 0 0 0 0 0 0 0 0 0 0 0 0 0 0 0 0 0 0 0 0 0 0 0 0 0 0 0 0 0 0 0 0
  0 0 0 0 0 0 0 0 0 0 0 0 0 0 0 0 0 0 0 0 0 0 0 0 0 0 0 0 0 0 0 0 0 0 0 0 0 0 0
  0 0 0 0 0 0 0 0 0 0 0 0 0 0 0 0 0 0 0 0 0 0 0 0 0 0 0 0 0 0 0 0 0 0 0 0 0 0 0
  0 0 0 0 0 0 0 0 0 0 0 0 0 0 0 0 0 0 0 0 0 0 0 0 0 0 0 0 0 0 0 0 0 0 0 0 0 0 0
  0 0 0 0 0 0 0 0 0 0 0 0 0 0 0 0 0 0 0 0 0 0 0 0 0 0 0 0 0 0 0 0 0 0 0 0 0 0 0
  0 0 0 0 0 0 0 0 0 0 0 0 0 0 0 0 0 0 0 0 0 0 0 0 0 0 0 0 0 0 0 0 0 0 0 0 0 0 0
  0 0 0 0 0 0 0 0 0 0 0 0 0 0 0 0 0 0 0 0 0 0 0 0 0 0 0 0 0 0 0 0 0 0 0 0 0 0 0
  0 0 0 0 0 0 0 0 0 0 0 0 0 0 0 0 0 0 0 0 0 0 0 0 0 0 0 0 0 0 0 0 0 0 0 0 0 0 0
  0 0 0 0 0 0 0 0 0 0 0 0 0 0 0 0 0 0 0 0 0 0 0 0 0 0 0 0 0 0 0 0 0 0 0 0 0 0 0
  0 0 0 0 0 0 0 0 0 0 0 0 0 0 0 0 0 0 0 0 0 0 0 0 0 0 0 0 0 0 0 0 0 0 0 0 0 0 0
  0 0 0 0 0 0 0 0 0 0 0 0 0 0 0 0 0 0 0 0 0 0 0 0 0 0 0 0 0 0 0 0 0 0 0 0 0 0 0
  0 0 0 0 0 0 0 0 0 0 0 0 0 0 0 0 0 0 0 0 0 0 0 0 0 0 0 0 0 0 0 0 0 0 0 0 0 0 0
  0 0 0 0 0 0 0 0 0 0 0 0 0 0 0 0 0 0 0 0 0 0 0 0 0 0 0 0 0 0 0 0 0 0 0 0 0 0 0
  0 0 0 0 0 0 0 0 0 0 0 0 0 0 0 0 0 0 0 0 0 0 0 0 0 0 0 0 0 0 0 0 0 0 0 0 0 0 0
  0 0 0 0 0 0 0 0 0 0 0 0 0 0 0 0 0 0 0 0 0 0 0 0 0 0 0 0 0 0 0 0 0 0 0 0 0 0 0
  0 0 0 0 0 0 0 0 0 0 0 0 0 0 0 0 0 0 0 0 0 0 0 0 0 0 0 0 0 0 0 0 0 0 0 0 0 0 0
  0 0 0 0 0 0 0 0 0 0 0 0 0 0 0 0 0 0 0 0 0 0 0 0 0 0 0 0 0 0 0 0 0 0 0 0 0 0 0
  0 0 0 0 0 0 0 0 0 0 0 0 0 0 0 0 0 0 0 0 0 0 0 0 0 0 0 0 0 0 0 0 0 0 0 0 0 0 0
  0 0 0 0 0 0 0 0 0 0 0 0 0 0 0 0 0 0 0 0 0 0 0 0 0 0 0 0 0 0 0 0 0 0 0 0 0 0 0
  0 0 0 0 0 0 0 0 0 0 0 0 0 0 0 0 0 0 0 0 0 0 0 0 0 0 0 0 0 0 0 0 0 0 0 0 0 0 0
  0 0 0 0 0 0 0 0 0 0 0 0 0 0 0 0 0 0 0 0 0 0 0 0 0 0 0 0 0 0 0 0 0 0 0 0 0 0 0
  0 0 0 0 0 0 0 0 0 0 0 0 0 0 0 0 0 0 0 0 0 0 0 0 0 0 0 0 0 0 0 0 0 0 0 0 0 0 0
  0 0 0 0 0 0 0 0 0 0 0 0 0 0 0 0 0 0 0 0 0 0 0 0 0 0 0 0 0 0 0 0 0 0 0 0 0 0 0
  0 0 0 0 0 0 0 0 0 0 0 0 0 0 0 0 0 0 0 0 0 0 0 0 0 0 0 0 0 0 0 0 0 0 0 0 0 0 0
  0 0 0 0 0 0 0 0 0 0 0 0 0 0 0 0 0 0 0 0 0 0 0 0 0 0 0 0 0 0 0 0 0 0 0 0 0 0 0
  0 0 0 0 0 0 0 0 0 0 0 0 0 0 0 0 0 0 0 0 0 0 0 0 0 0 0 0 0 0 0 0 0 0 0 0 0 0 0
  0 0 0 0 0 0 0 0 0 0 0 0 0 0 0 0 0 0 0 0 0 0 0 0 0 0 0 0 0 0 0 0 0 0 0 0 0 0 0
  0 0 0 0 0 0 0 0 0 0 0 0 0 0 0 0 0 0 0 0 0 0 0 0 0 0 0 0 0 0 0 0 0 0 0 0 0 0 0
  0 0 0 0 0 0 0 0 0 0 0 0 0 0 0 0 0 0 0 0 0 0 0 0 0 0 0 0 0 0 0 0 0 0 0 0 0 0 0
  0 0 0 0 0 0 0 0 0 0 0 0 0 0 0 0 0 0 0 0 0 0 0 0 0 0 0 0 0 0 0 0 0 0 0 0 0 0 0
  0 0 0 0 0 0 0 0 0 0 0 0 0 0 0 0 0 0 0 0 0 0 0 0 0 0 0 0 0 0 0 0 0 0 0 0 0 0 0
  0 0 0 0 0 0 0 0 0 0 0 0 0 0 0 0 0 0 0 0 0 0 0 0 0 0 0 0 0 0 0 0 0 0 0 0 0 0 0
  0 0 0 0 0 0 0 0 0 0 0 0 0 0 0 0 0 0 0 0 0 0 0 0 0 0 0 0 0 0 0 0 0 0 0 0 0 0 0
  0 0 0 0 0 0 0 0 0 0 0 0 0 0 0 0 0 0 0 0 0 0 0 0 0 0 0 0 0 0 0 0 0 0 0 0 0 0 0
  0 0 0 0 0 0 0 0 0 0 0 0 0 0 0 0 0 0 0 0 0 0 0 0 0 0 0 0 0 0 0 0 0 0 0 0 0 0 0
  0 0 0 0 0 0 0 0 0 0 0 0 0 0 0 0 0 0 0 0 0 0 0 0 0 0 0 0 0 0 0 0 0 0 0 0 0 0 0
  0 0 0 0 0 0 0 0 0 0 0 0 0 0 0 0 0 0 0 0 0 0 0 0 0 0 0 0 0 0 0 0 0 0 0 0 0 0 0
  0 0 0 0 0 0 0 0 0 0 0 0 0 0 0 0 0 0 0 0 0 0 0 0 0 0 0 0 0 0 0 0 0 0 0 0 0 0 0
  0 0 0 0 0 0 0 0 0 0 0 0 0 0 0 0 0 0 0 0 0 0 0 0 0 0 0 0 0 0 0 0 0 0 0 0 0 0 0
  0 0 0 0 0 0 0 0 0 0 0 0 0 0 0 0 0 0 0 0 0 0 0 0 0 0 0 0 0 0 0 0 0 0 0 0 0 0 0
  0 0 0 0 0 0 0 0 0 0 0 0 0 0 0 0 0 0 0 0 0 0 0 0 0 0 0 0 0 0 0 0 0 0 0 0 0 0 0
  0 0 0 0 0 0 0 0 0 0 0 0 0 0 0 0 0 0 0 0 0 0 0 0 0 0 0 0 0 0 0 0 0 0 0 0 0 0 0
  0 0 0 0 0 0 0 0 0 0 0 0 0 0 0 0 0 0 0 0 0 0 0 0 0 0 0 0 0 0 0 0 0 0 0 0 0 0 0
  0 0 0 0 0 0 0 0 0 0 0 0 0 0 0 0 0 0 0 0 0 0 0 0 0 0 0 0 0 0 0 0 0 0 0 0 0 0 0
  0 0 0 0 0 0 0 0 0 0 0 0 0 0 0 0 0 0 0 0 0 0 0 0 0 0 0 0 0 0 0 0 0 0 0 0 0 0 0
  0 0 0 0 0 0 0 0 0 0 0 0 0 0 0 0 0 0 0 0 0 0 0 0 0 0 0 0 0 0 0 0 0 0 0 0 0 0 0
  0 0 0 0 0 0 0 0 0 0 0 0 0 0 0 0 0 0 0 0 0 0 0 0 0 0 0 0 0 0 0 0 0 0 0 0 0 0 0
  0 0 0 0 0 0 0 0 0 0 0 0 0 0 0 0 0 0 0 0 0 0 0 0 0 0 0 0 0 0 0 0 0 0 0 0 0 0 0
  0 0 0 0 0 0 0 0 0 0 0 0 0 0 0 0 0 0 0 0 0 0 0 0 0 0 0 0 0 0 0 0 0 0 0 0 0 0 0
  0 0 0 0 0 0 0 0 0 0 0 0 0 0 0 0 0 0 0 0 0 0 0 0 0 0 0 0 0 0 0 0 0 0 0 0 0 0 0
  0 0 0 0 0 0 0 0 0 0 0 0 0 0 0 0 0 0 0 0 0 0 0 0 0 0 0 0 0 0 0 0 0 0 0 0 0 0 0
  0 0 0 0 0 0 0 0 0 0 0 0 0 0 0 0 0 0 0 0 0 0 0 0 0 0 0 0 0 0 0 0 0 0 0 0 0 0 0
  0 0 0 0 0 0 0 0 0 0 0 0 0 0 0 0 0 0 0 0 0 0 0 0 0 0 0 0 0 0 0 0 0 0 0 0 0 0 0
  0 0 0 0 0 0 0 0 0 0 0 0 0 0 0 0 0 0 0 0 0 0 0 0 0 0 0 0 0 0 0 0 0 0 0 0 0 0 0
  0 0 0 0 0 0 0 0 0 0 0 0 0 0 0 0 0 0 0 0 0 0 0 0 0 0 0 0 0 0 0 0 0 0 0 0 0 0 0
  0 0 0 0 0 0 0 0 0 0 0 0 0 0 0 0 0 0 0 0 0 0 0 0 0 0 0 0 0 0 0 0 0 0 0 0 0 0 0
  0 0 0 0 0 0 0 0 0 0 0 0 0 0 0 0 0 0 0 0 0 0 0 0 0 0 0 0 0 0 0 0 0 0 0 0 0 0 0
  0 0 0 0 0 0 0 0 0 0 0 0 0 0 0 0 0 0 0 0 0 0 0 0 0 0 0 0 0 0 0 0 0 0 0 0 0 0 0
  0 0 0 0 0 0 0 0 0 0 0 0 0 0 0 0 0 0 0 0 0 0 0 0 0 0 0 0 0 0 0 0 0 0 0 0 0 0 0
  0 0 0 0 0 0 0 0 0 0 0 0 0 0 0 0 0 0 0 0 0 0 0 0 0 0 0 0 0 0 0 0 0 0 0 0 0 0 0
  0 0 0 0 0 0 0 0 0 0 0 0 0 0 0 0 0 0 0 0 0 0 0 0 0 0 0 0 0 0 0 0 0 0 0 0 0 0 0
  0 0 0 0 0 0 0 0 0 0 0 0 0 0 0 0 0 0 0 0 0 0 0 0 0 0 0 0 0 0 0 0 0 0 0 0 0 0 0
  0 0 0 0 0 0 0 0 0 0 0 0 0 0 0 0 0 0 0 0 0 0 0 0 0 0 0 0 0 0 0 0 0 0 0 0 0 0 0
  0 0 0 0 0 0 0 0 0 0 0 0 0 0 0 0 0 0 0 0 0 0 0 0 0 0 0 0 0 0 0 0 0 0 0 0 0 0 0
  0 0 0 0 0 0 0 0 0 0 0 0 0 0 0 0 0 0 0 0 0 0 0 0 0 0 0 0 0 0 0 0 0 0 0 0 0 0 0
  0 0 0 0 0 0 0 0 0 0 0 0 0 0 0 0 0 0 0 0 0 0 0 0 0 0 0 0 0 0 0 0 0 0 0 0 0 0 0
  0 0 0 0 0 0 0 0 0 0 0 0 0 0 0 0 0 0 0 0 0 0 0 0 0 0 0 0 0 0 0 0 0 0 0 0 0 0 0
  0 0 0 0 0 0 0 0 0 0 0 0 0 0 0 0 0 0 0 0 0 0 0 0 0 0 0 0 0 0 0 0 0 0 0 0 0 0 0
  0 0 0 0 0 0 0 0 0 0 0 0 0 0 0 0 0 0 0 0 0 0 0 0 0 0 0 0 0 0 0 0 0 0 0 0 0 0 0
  0 0 0 0 0 0 0 0 0 0 0 0 0 0 0 0 0 0 0 0 0 0 0 0 0 0 0 0 0 0 0 0 0 0 0 0 0 0 0
  0 0 0 0 0 0 0 0 0 0 0 0 0 0 0 0 0 0 0 0 0 0 0 0 0 0 0 0 0 0 0 0 0 0 0 0 0 0 0
  0 0 0 0 0 0 0 0 0 0 0 0 0 0 0 0 0 0 0 0 0 0 0 0 0 0 0 0 0 0 0 0 0 0 0 0 0 0 0
  0 0 0 0 0 0 0 0 0 0 0 0 0 0 0 0 0 0 0 0 0 0 0 0 0 0 0 0 0 0 0 0 0 0 0 0 0 0 0
  0 0 0 0 0 0 0 0 0 0 0 0 0 0 0 0 0 0 0 0 0 0 0 0 0 0 0 0 0 0 0 0 0 0 0 0 0 0 0
  0 0 0 0 0 0 0 0 0 0 0 0 0 0 0 0 0 0 0 0 0 0 0 0 0 0 0 0 0 0 0 0 0 0 0 0 0 0 0
  0 0 0 0 0 0 0 0 0 0 0 0 0 0 0 0 0 0 0 0 0 0 0 0 0 0 0 0 0 0 0 0 0 0 0 0 0 0 0
  0 0 0 0 0 0 0 0 0 0 0 0 0 0 0 0 0 0 0 0 0 0 0 0 0 0 0 0 0 0 0 0 0 0 0 0 0 0 0
  0 0 0 0 0 0 0 0 0 0 0 0 0 0 0 0 0 0 0 0 0 0 0 0 0 0 0 0 0 0 0 0 0 0 0 0 0 0 0
  0 0 0 0 0 0 0 0 0 0 0 0 0 0 0 0 0 0 0 0 0 0 0 0 0 0 0 0 0 0 0 0 0 0 0 0 0 0 0
  0 0 0 0 0 0 0 0 0 0 0 0 0 0 0 0 0 0 0 0 0 0 0 0 0 0 0 0 0 0 0 0 0 0 0 0 0 0 0
  0 0 0 0 0 0 0 0 0 0 0 0 0 0 0 0 0 0 0 0 0 0 0 0 0 0 0 0 0 0 0 0 0 0 0 0 0 0 0
  0 0 0 0 0 0 0 0 0 0 0 0 0 0 0 0 0 0 0 0 0 0 0 0 0 0 0 0 0 0 0 0 0 0 0 0 0 0 0
  0 0 0 0 0 0 0 0 0 0 0 0 0 0 0 0 0 0 0 0 0 0 0 0 0 0 0 0 0 0 0 0 0 0 0 0 0 0 0
  0 0 0 0 0 0 0 0 0 0 0 0 0 0 0 0 0 0 0 0 0 0 0 0 0 0 0 0 0 0 0 0 0 0 0 0 0 0 0
  0 0 0 0 0 0 0 0 0 0 0 0 0 0 0 0 0 0 0 0 0 0 0 0 0 0 0 0 0 0 0 0 0 0 0 0 0 0 0
  0 0 0 0 0 0 0 0 0 0 0 0 0 0 0 0 0 0 0 0 0 0 0 0 0 0 0 0 0 0 0 0 0 0 0 0 0 0 0
  0 0 0 0 0 0 0 0 0 0 0 0 0 0 0 0 0 0 0 0 0 0 0 0 0 0 0 0 0 0 0 0 0 0 0 0 0 0 0
  0 0 0 0 0 0 0 0 0 0 0 0 0 0 0 0 0 0 0 0 0 0 0 0 0 0 0 0 0 0 0 0 0 0 0 0 0 0 0
  0 0 0 0 0 0 0 0 0 0 0 0 0 0 0 0 0 0 0 0 0 0 0 0 0 0 0 0 0 0 0 0 0 0 0 0 0 0 0
  0 0 0 0 0 0 0 0 0 0 0 0 0 0 0 0 0 0 0 0 0 0 0 0 0 0 0 0 0 0 0 0 0 0 0 0 0 0 0
  0 0 0 0 0 0 0 0 0 0 0 0 0 0 0 0 0 0 0 0 0 0 0 0 0 0 0 0 0 0 0 0 0 0 0 0 0 0 0
  0 0 0 0 0 0 0 0 0 0 0 0 0 0 0 0 0 0 0 0 0 0 0 0 0 0 0 0 0 0 0 0 0 0 0 0 0 0 0
  0 0 0 0 0 0 0 0 0 0 0 0 0 0 0 0 0 0 0 0 0 0 0 0 0 0 0 0 0 0 0 0 0 0 0 0 0 0 0
  0 0 0 0 0 0 0 0 0 0 0 0 0 0 0 0 0 0 0 0 0 0 0 0 0 0 0 0 0 0 0 0 0 0 0 0 0 0 0
  0 0 0 0 0 0 0 0 0 0 0 0 0 0 0 0 0 0 0 0 0 0 0 0 0 0 0 0 0 0 0 0 0 0 0 0 0 0 0
  0 0 0 0 0 0 0 0 0 0 0 0 0 0 0 0 0 0 0 0 0 0 0 0 0 0 0 0 0 0 0 0 0 0 0 0 0 0 0
  0 0 0 0 0 0 0 0 0 0 0 0 0 0 0 0 0 0 0 0 0 0 0 0 0 0 0 0 0 0 0 0 0 0 0 0 0 0 0
  0 0 0 0 0 0 0 0 0 0 0 0 0 0 0 0 0 0 0 0 0 0 0 0 0 0 0 0 0 0 0 0 0 0 0 0 0 0 0
  0 0 0 0 0 0 0 0 0 0 0 0 0 0 0 0 0 0 0 0 0 0 0 0 0 0 0 0 0 0 0 0 0 0 0 0 0 0 0
  0 0 0 0 0 0 0 0 0 0 0 0 0 0 0 0 0 0 0 0 0 0 0 0 0 0 0 0 0 0 0 0 0 0 0 0 0 0 0
  0 0 0 0 0 0 0 0 0 0 0 0 0 0 0 0 0 0 0 0 0 0 0 0 0 0 0 0 0 0 0 0 0 0 0 0 0 0 0
  0 0 0 0 0 0 0 0 0 0 0 0 0 0 0 0 0 0 0 0 0 0 0 0 0 0 0 0 0 0 0 0 0 0 0 0 0 0 0
  0 0 0 0 0 0 0 0 0 0 0 0 0 0 0 0 0 0 0 0 0 0 0 0 0 0 0 0 0 0 0 0 0 0 0 0 0 0 0
  0) 
#(0 0 0 0 0 0 0 0 0 0 0 0 0 0 0 0 0 0 0 0 0 0 0 0 0 0 0 0 0 0 0 0 0 0 0 0 0 0 0
  0 0 0 0 0 0 0 0 0 0 0 0 0 0 0 0 0 0 0 0 0 0 0 0 0 0 0 0 0 0 0 0 0 0 0 0 0 0 0
  0 0 0 0 0 0 0 0 0 0 0 0 0 0 0 0 0 0 0 0 0 0 0 0 0 0 0 0 0 0 0 0 0 0 0 0 0 0 0
  0 0 0 0 0 0 0 0 0 0 0 0 0 0 0 0 0 0 0 0 0 0 0 0 0 0 0 0 0 0 0 0 0 0 0 0 0 0 0
  0 0 0 0 0 0 0 0 0 0 0 0 0 0 0 0 0 0 0 0 0 0 0 0 0 0 0 0 0 0 0 0 0 0 0 0 0 0 0
  0 0 0 0 0 0 0 0 0 0 0 0 0 0 0 0 0 0 0 0 0 0 0 0 0 0 0 0 0 0 0 0 0 0 0 0 0 0 0
  0 0 0 0 0 0 0 0 0 0 0 0 0 0 0 0 0 0 0 0 0 0 0 0 0 0 0 0 0 0 0 0 0 0 0 0 0 0 8
  7 6 5 4 3 2 1 0 0 0 0 0 0 0 0 7 6 5 4 3 2 1 1 0 0 0 0 0 0 0 0 6 5 4 3 2 1 1 2
  1 0 0 0 0 0 0 0 6 5 4 3 2 1 2 3 2 1 0 0 0 0 0 0 7 6 5 4 3 2 3 4 3 2 1 0 0 0 0
  0 8 7 6 5 4 3 4 5 4 3 2 1 0 0 0 0 9 8 7 6 5 4 5 6 5 4 3 2 1 0 0 0 10 9 8 7 6
  5 6 7 6 5 4 3 2 1 0 0 11 10 9 8 7 6 7 8 7 6 5 4 3 2 1 0 12 11 10 9 8 7 8 9 8
  7 6 5 4 3 2 1 13 12 11 10 9 8 9 10 9 8 7 6 5 4 3 2 13 13 12 11 10 9 10 11 10
  9 8 7 6 5 4 3 14 14 13 12 11 10 11 12 11 10 9 8 7 6 5 4 15 15 14 13 12 11 12
  13 12 11 10 9 8 7 6 5 0 0 0 0 0 0 0 14 0 0 0 0 0 0 0 4 10 0 0 0 0 0 0 0 0 0 0
  0 0 0 0 0 9 8 7 6 5 4 3 2 1 0 0 0 0 0 0 0 8 7 6 5 4 3 2 1 0 0 0 0 0 0 0 0 7 6
  5 4 3 2 1 2 1 0 0 0 0 0 0 0 7 6 5 4 3 2 2 3 2 1 0 0 0 0 0 0 8 7 6 5 4 3 3 4 3
  2 1 0 0 0 0 0 9 8 7 6 5 4 4 5 4 3 2 1 0 0 0 0 10 9 8 7 6 5 5 6 5 4 3 2 1 0 0
  0 11 10 9 8 7 6 6 7 6 5 4 3 2 1 0 0 12 11 10 9 8 7 7 8 7 6 5 4 3 2 1 0 13 12
  11 10 9 8 8 9 8 7 6 5 4 3 2 1 14 13 12 11 10 9 9 10 9 8 7 6 5 4 3 2 14 13 13
  12 11 10 10 11 10 9 8 7 6 5 4 3 15 14 14 13 12 11 11 12 11 10 9 8 7 6 5 4 15
  15 15 14 13 12 12 13 12 11 10 9 8 7 6 5 0 0 0 0 0 0 0 14 0 0 0 0 0 0 0 4 10 0
  0 0 0 0 0 0 0 0 0 0 0 0 0 0 9 8 7 6 5 4 3 2 1 0 0 0 0 0 0 0 8 7 6 5 4 3 2 1 0
  0 0 0 0 0 0 0 7 6 5 4 3 2 1 1 0 0 0 0 0 0 0 0 7 6 5 4 3 2 1 2 1 0 0 0 0 0 0 0
  8 7 6 5 4 3 2 3 2 1 0 0 0 0 0 0 9 8 7 6 5 4 3 4 3 2 1 0 0 0 0 0 10 9 8 7 6 5
  4 5 4 3 2 1 0 0 0 0 11 10 9 8 7 6 5 6 5 4 3 2 1 0 0 0 12 11 10 9 8 7 6 7 6 5
  4 3 2 1 0 0 13 12 11 10 9 8 7 8 7 6 5 4 3 2 1 0 14 13 12 11 10 9 8 9 8 7 6 5
  4 3 2 1 15 14 13 12 11 10 9 10 9 8 7 6 5 4 3 2 15 15 14 13 12 11 10 11 10 9 8
  7 6 5 4 3 15 15 15 14 13 12 11 12 11 10 9 8 7 6 5 4 15 0 0 0 0 0 0 13 12 0 0
  0 0 0 0 3 10 0 0 0 0 0 0 0 0 0 0 0 0 0 0 0 9 8 7 6 5 4 3 2 1 0 0 0 0 0 0 0 8
  7 6 5 4 3 2 1 0 0 0 0 0 0 0 0 7 6 5 4 3 2 1 0 0 0 0 0 0 0 0 0 8 7 6 5 4 3 2 1
  0 0 0 0 0 0 0 0 9 8 7 6 5 4 3 2 1 0 0 0 0 0 0 0 10 9 8 7 6 5 4 3 2 1 0 0 0 0
  0 0 11 10 9 8 7 6 5 4 3 2 1 0 0 0 0 0 12 11 10 9 8 7 6 5 4 3 2 1 0 0 0 0 13
  12 11 10 9 8 7 6 5 4 3 2 1 0 0 0 14 13 12 11 10 9 8 7 6 5 4 3 2 1 0 0 15 14
  13 12 11 10 9 8 7 6 5 4 3 2 1 0 15 15 14 13 12 11 10 9 8 7 6 5 4 3 2 1 15 15
  15 14 13 12 11 10 9 8 7 6 5 4 3 2 15 15 15 14 13 12 11 11 10 9 8 7 6 5 4 3 0
  0 0 0 0 0 0 12 0 0 0 0 0 0 0 2 10 0 0 0 0 0 0 0 0 0 0 0 0 0 0 0 9 8 7 6 5 4 3
  2 1 0 0 0 0 0 0 0 8 7 6 5 4 3 2 1 0 0 0 0 0 0 0 0 7 7 6 5 4 3 2 1 0 0 0 0 0 0
  0 0 7 8 7 6 5 4 3 2 1 0 0 0 0 0 0 0 8 9 8 7 6 5 4 3 2 1 0 0 0 0 0 0 9 10 9 8
  7 6 5 4 3 2 1 0 0 0 0 0 10 11 10 9 8 7 6 5 4 3 2 1 0 0 0 0 11 12 11 10 9 8 7
  6 5 4 3 2 1 0 0 0 15 13 12 11 10 9 8 7 6 5 4 3 2 1 0 0 15 14 13 12 11 10 9 8
  7 6 5 4 3 2 1 0 15 15 14 13 12 11 10 9 8 7 6 5 4 3 2 1 15 15 14 13 12 11 10 9
  8 7 6 5 4 3 2 1 15 15 15 14 13 12 11 10 9 8 7 6 5 4 3 2 15 15 15 15 14 13 12
  11 10 9 8 7 6 5 4 3 0 0 0 0 0 0 0 0 0 0 0 0 0 0 0 2 10 0 0 0 0 0 0 0 0 0 0 0
  0 0 0 0 9 8 7 6 5 4 3 2 1 0 0 0 0 0 0 0 8 7 6 5 4 3 2 1 0 0 0 0 0 0 0 0 7 6 6
  5 4 3 2 1 0 0 0 0 0 0 0 0 6 7 7 6 5 4 3 2 1 0 0 0 0 0 0 0 7 8 8 7 6 5 4 3 2 1
  0 0 0 0 0 0 8 9 9 8 7 6 5 4 3 2 1 0 0 0 0 0 9 10 10 9 8 7 6 5 4 3 2 1 0 0 0 0
  15 11 11 10 9 8 7 6 5 4 3 2 1 0 0 0 15 15 12 11 10 9 8 7 6 5 4 3 2 1 0 0 15
  15 13 12 11 10 9 8 7 6 5 4 3 2 1 0 15 15 14 13 12 11 10 9 8 7 6 5 4 3 2 1 15
  15 14 13 12 11 10 9 8 7 6 5 4 3 2 1 15 15 15 14 13 12 11 10 9 8 7 6 5 4 3 2
  15 15 15 15 14 13 12 11 10 9 8 7 6 5 4 3 0 0 0 0 0 0 0 0 0 0 0 0 0 0 0 2 10 0
  0 0 6 0 0 0 0 0 0 0 0 0 0 0 9 8 7 6 5 4 3 2 1 0 0 0 0 0 0 0 8 7 6 5 4 3 2 1 0
  0 0 0 0 0 0 0 7 6 7 6 5 4 3 2 1 0 0 0 0 0 0 0 6 7 8 7 6 5 4 3 2 1 0 0 0 0 0 0
  7 8 9 8 7 6 5 4 3 2 1 0 0 0 0 0 8 9 10 9 8 7 6 5 4 3 2 1 0 0 0 0 15 10 11 10
  9 8 7 6 5 4 3 2 1 0 0 0 15 15 12 11 10 9 8 7 6 5 4 3 2 1 0 0 15 15 13 12 11
  10 9 8 7 6 5 4 3 2 1 0 15 15 14 13 12 11 10 9 8 7 6 5 4 3 2 1 15 15 15 14 13
  12 11 10 9 8 7 6 5 4 3 2 15 15 15 14 13 12 11 10 9 8 7 6 5 4 3 2 15 15 15 14
  13 12 11 10 9 8 7 6 5 4 3 2 15 15 15 15 14 13 12 11 10 9 8 7 6 5 4 3 15 15 15
  15 13 0 0 0 0 0 0 6 5 4 3 2 10 9 8 7 6 0 0 0 0 0 0 0 0 0 0 0 9 8 7 6 5 4 3 2
  1 0 0 0 0 0 0 0 8 7 6 5 4 3 2 1 0 0 0 0 0 0 0 0 7 6 6 6 5 4 3 2 1 0 0 0 0 0 0
  0 6 6 7 7 6 5 4 3 2 1 0 0 0 0 0 0 6 7 8 8 7 6 5 4 3 2 1 0 0 0 0 0 15 8 9 9 8
  7 6 5 4 3 2 1 0 0 0 0 15 15 10 10 9 8 7 6 5 4 3 2 1 0 0 0 15 15 11 11 10 9 8
  7 6 5 4 3 2 1 0 0 15 15 15 12 11 10 9 8 7 6 5 4 3 2 1 0 15 15 15 13 12 11 10
  9 8 7 6 5 4 3 2 1 15 15 15 14 13 12 11 10 9 8 7 6 5 4 3 2 15 15 15 14 13 12
  11 10 9 8 7 6 5 4 3 2 15 15 15 14 13 12 11 10 9 8 7 6 5 4 3 2 15 15 15 15 14
  13 12 11 10 9 8 7 6 5 4 3 0 0 0 15 0 0 0 0 0 0 0 6 0 0 0 2 10 0 0 0 0 0 0 0 0
  0 0 0 0 0 0 0 9 8 7 6 5 4 3 2 1 0 0 0 0 0 0 0 8 7 6 5 4 3 2 1 0 0 0 0 0 0 0 0
  7 6 5 6 5 4 3 2 1 0 0 0 0 0 0 0 6 5 6 7 6 5 4 3 2 1 0 0 0 0 0 0 5 6 7 8 7 6 5
  4 3 2 1 0 0 0 0 0 15 7 8 9 8 7 6 5 4 3 2 1 0 0 0 0 15 15 9 10 9 8 7 6 5 4 3 2
  1 0 0 0 15 15 15 11 10 9 8 7 6 5 4 3 2 1 0 0 15 15 15 12 11 10 9 8 7 6 5 4 3
  2 1 0 15 15 15 13 12 11 10 9 8 7 6 5 4 3 2 1 15 15 15 14 13 12 11 10 9 8 7 6
  5 4 3 2 15 15 15 14 13 12 11 10 9 8 7 6 5 4 3 2 15 15 15 13 12 11 10 9 8 7 6
  5 4 3 2 1 15 15 15 15 13 12 11 10 9 8 7 6 5 4 3 2 0 0 0 0 0 0 0 0 0 0 0 0 0 0
  0 1 10 0 0 0 0 0 0 0 0 0 0 0 0 0 0 0 9 8 7 6 5 4 3 2 1 0 0 0 0 0 0 0 8 7 6 5
  4 3 2 1 0 0 0 0 0 0 0 0 7 6 5 6 5 4 3 2 1 0 0 0 0 0 0 0 6 5 6 7 6 5 4 3 2 1 0
  0 0 0 0 0 5 6 7 8 7 6 5 4 3 2 1 0 0 0 0 0 15 7 8 9 8 7 6 5 4 3 2 1 0 0 0 0 15
  15 9 10 9 8 7 6 5 4 3 2 1 0 0 0 15 15 15 11 10 9 8 7 6 5 4 3 2 1 0 0 15 15 15
  12 11 10 9 8 7 6 5 4 3 2 1 0 15 15 15 13 12 11 10 9 8 7 6 5 4 3 2 1 15 15 15
  14 13 12 11 10 9 8 7 6 5 4 3 2 15 15 15 13 12 11 10 9 8 7 6 5 4 3 2 1 15 15
  15 15 11 10 9 8 7 6 5 4 3 2 1 0 15 15 15 15 12 11 10 9 8 7 6 5 4 3 2 1 0 0 0
  0 0 0 0 0 0 0 0 0 0 0 0 0 10 0 0 0 0 0 0 0 2 0 0 0 0 0 0 0 9 8 7 6 5 4 3 2 1
  0 0 0 0 0 0 0 8 7 6 5 4 3 2 1 0 0 0 0 0 0 0 0 7 6 5 5 4 3 2 1 0 0 0 0 0 0 0 0
  6 5 5 6 5 4 3 2 1 0 0 0 0 0 0 0 5 5 6 7 6 5 4 3 2 1 0 0 0 0 0 0 15 6 7 8 7 6
  5 4 3 2 1 0 0 0 0 0 15 15 8 9 8 7 6 5 4 3 2 1 0 0 0 0 15 15 15 10 9 8 7 6 5 4
  3 2 1 0 0 0 15 15 15 11 10 9 8 7 6 5 4 3 2 1 0 0 15 15 15 12 11 10 9 8 7 6 5
  4 3 2 1 0 15 15 15 13 12 11 10 9 8 7 6 5 4 3 2 1 15 15 15 15 11 10 9 8 7 6 5
  4 3 2 1 0 15 15 15 15 10 9 8 7 6 5 4 3 2 1 0 0 15 15 15 15 11 10 9 8 7 6 5 4
  3 2 1 0 15 0 0 0 0 0 0 0 0 0 0 0 0 0 0 0 11 0 0 0 0 0 0 4 3 0 0 0 0 0 0 0 10
  9 8 7 6 5 4 3 2 1 0 0 0 0 0 0 9 8 7 6 5 4 3 2 1 0 0 0 0 0 0 0 8 7 6 5 4 3 2 1
  0 0 0 0 0 0 0 0 7 6 5 5 4 3 2 1 0 0 0 0 0 0 0 0 6 5 5 6 5 4 3 2 1 0 0 0 0 0 0
  0 15 5 6 7 6 5 4 3 2 1 0 0 0 0 0 0 15 15 7 8 7 6 5 4 3 2 1 0 0 0 0 0 15 15 15
  9 8 7 6 5 4 3 2 1 0 0 0 0 15 15 15 10 9 8 7 6 5 4 3 2 1 0 0 0 15 15 15 11 10
  9 8 7 6 5 4 3 2 1 0 0 15 15 15 15 11 10 9 8 7 6 5 4 3 2 1 0 15 15 15 15 10 9
  8 7 6 5 4 3 2 1 0 0 15 15 15 15 9 8 7 6 5 4 3 2 1 0 0 0 15 15 15 15 10 9 8 7
  6 5 4 3 2 1 0 0 0 0 0 0 0 0 0 0 0 0 0 0 0 0 0 0 12 0 0 0 0 0 0 0 4 0 0 0 0 0
  0 0 11 10 9 8 7 6 5 4 3 2 1 0 0 0 0 0 10 9 8 7 6 5 4 3 2 1 0 0 0 0 0 0 9 8 7
  6 5 4 3 2 1 0 0 0 0 0 0 0 8 7 6 5 4 3 2 1 0 0 0 0 0 0 0 0 7 6 5 5 4 3 2 1 0 0
  0 0 0 0 0 0 15 15 5 6 5 4 3 2 1 0 0 0 0 0 0 0 15 15 6 7 6 5 4 3 2 1 0 0 0 0 0
  0 15 15 15 8 7 6 5 4 3 2 1 0 0 0 0 0 15 15 15 9 8 7 6 5 4 3 2 1 0 0 0 0 15 15
  15 15 9 8 7 6 5 4 3 2 1 0 0 0 15 15 15 15 10 9 8 7 6 5 4 3 2 1 0 0 15 15 15
  15 9 8 7 6 5 4 3 2 1 0 0 0 15 15 15 15 8 7 6 5 4 3 2 1 0 0 0 0 15 15 15 15 9
  8 7 6 5 4 3 2 1 0 0 0 0 0 0 0 0 0 0 0 0 0 0 0 0 0 0 0 11 0 0 0 0 0 0 0 3 0 0
  0 0 0 0 0 10 9 8 7 6 5 4 3 2 1 0 0 0 0 0 0 9 8 7 6 5 4 3 2 1 0 0 0 0 0 0 0 8
  7 6 5 4 3 2 1 0 0 0 0 0 0 0 0 7 6 5 4 3 2 1 0 0 0 0 0 0 0 0 0 6 5 4 4 3 2 1 0
  0 0 0 0 0 0 0 0 15 15 4 5 4 3 2 1 0 0 0 0 0 0 0 0 15 15 15 6 5 4 3 2 1 0 0 0
  0 0 0 0 15 15 15 7 6 5 4 3 2 1 0 0 0 0 0 0 15 15 15 8 7 6 5 4 3 2 1 0 0 0 0 0
  15 15 15 15 8 7 6 5 4 3 2 1 0 0 0 0 15 15 15 15 9 8 7 6 5 4 3 2 1 0 0 0 15 15
  15 15 8 7 6 5 4 3 2 1 0 0 0 0 15 15 15 15 7 6 5 4 3 2 1 0 0 0 0 0 15 15 15 15
  8 7 6 5 4 3 2 1 0 0 0 0 0 0 0 0 0 0 0 0 0 0 0 0 0 0 0 0 0 0 0 0 0 0 0 0 0 0 0
  0 0 0 0 0 0 0 0 0 0 0 0 0 0 0 0 0 0 0 0 0 0 0 0 0 0 0 0 0 0 0 0 0 0 0 0 0 0 0
  0 0 0 0 0 0 0 0 0 0 0 0 0 0 0 0 0 0 0 0 0 0 0 0 0 0 0 0 0 0 0 0 0 0 0 0 0 0 0
  0 0 0 0 0 0 0 0 0 0 0 0 0 0 0 0 0 0 0 0 0 0 0 0 0 0 0 0 0 0 0 0 0 0 0 0 0 0 0
  0 0 0 0 0 0 0 0 0 0 0 0 0 0 0 0 0 0 0 0 0 0 0 0 0 0 0 0 0 0 0 0 0 0 0 0 0 0 0
  0 0 0 0 0 0 0 0 0 0 0 0 0 0 0 0 0 0 0 0 0 0 0 0 0 0 0 0 0 0 0 0 0 0 0 0 0 0 0
  0 0 0 0 0 0 0 0 0 0 0 0 0 0 0 0 0 0 0 0 0 0 0 0 0 0 0 0 0 0 0 0 0 0 0 0 0 0 0
  0 0 0 0 0 0 0 0 0 0 0) 