
#(0 0 0 0 0 0 0 0 0 0 0 18 18 18 0 0 0 0 0 0 0 0 0 0 0 0 0 18 17 18 0 0 0 0 0 0
  0 0 0 0 0 0 0 18 18 18 0 0 0 0 0 0 0 0 0 0 0 0 0 0 0 18 0 0 0 0 0 0 0 0 0 0 0
  0 0 0 18 18 18 0 0 0 0 0 0 0 0 0 0 0 0 0 0 18 0 0 0 0 0 0 0 0 0 0 0 0 0 0 0 0
  0 0 0 0 0 0 0 0 0 0 0 0 0 0 0 0 0 0 0 0 0 0 0 0 0 0 0 0 0 0 0 0 0 0 0 0 0 0 0
  0 0 0 0 0 0 0 0 0 0 0 0 0 0 0 0 0 0 0 0 0 0 0 0 0 0 0 0 0 0 0 0 0 0 0 0 0 0 0
  0 0 0 0 0 0 0 0 0 0 0 0 0 0 0 0 0 0 0 0 0 0 0 0 0 0 0 0 0 0 0 0 0 0 0 0 0 0 0
  0 0 0 0 0 0 0 0 0 0 0 0 0 0 0 0 0 0 0 0 0 0 0 0 0 0 0 0 0 0 0 0 0 0 0 0 0 0 0
  0 0 18 0 0 0 0 0 0 0 0 0 0 0 0 0 0 18 18 18 0 0 0 0 0 0 0 0 0 0 0 0 0 0 18 0
  0 0 0 0 0 0 0 0 0 0 0 0 0 0 0 0 0 0 0 0 0 0 0 0 0 0 0 0 0 0 0 0 0 0 0 0 0 0 0
  0 0 0 0 0 0 0 0 0 0 0 0 0 0 0 0 0 0 0 0 0 0 0 0 0 0 0 0 0 0 0 0 0 0 0 0 0 0 0
  0 0 0 0 0 0 0 0 0 0 0 0 0 0 0 0 0 0 0 0 0 0 0 0 0 0 0 0 0 0 0 0 0 0 0 0 0 0 0
  0 0 0 0 0 0 0 0 0 0 0 0 0 0 0 0 0 0 0 0 0 0 0 0 0 0 0 0 0 0 0 0 0 0 0 0 0 0 0
  0 0 0 0 0 0 0 0 0 0 0 0 0 0 0 0 0 0 0 0 0 0 0 0 0 0 0 0 0 0 0 0 0 0 0 0 0 0 0
  0 0 0 0 0 0 0 0 0 0 0 0 0 0 0 0 0 0 0 0 0 0 0 0 0 0 0 0 0 0 0 0 0 0 0 0 0 0 0
  0 0 0 0 0 0 0 0 0 0 0 0 0 0 0 0 0 0 0 0 0 0 0 0 0 0 0 0 0 0 0 0 0 0 0 0 0 0 0
  0 0 0 0 0 0 0 0 0 0 0 0 0 0 0 0 0 0 0 0 0 0 0 0 0 0 0 0 0 0 0 0 0 0 0 0 0 0 0
  0 0 0 0 0 0 0 0 0 0 0 0 0 0 0 0 0 0 0 0 0 0 0 0 0 0 0 0 0 0 0 0 0 0 0 0 0 0 0
  0 0 0 0 0 0 0 0 0 0 0 0 0 0 0 0 0 0 0 0 0 0 0 0 0 0 0 0 0 0 0 0 0 0 0 0 0 0 0
  0 0 0 0 0 0 0 0 0 0 0 0 0 0 0 0 0 0 0 0 0 0 0 0 0 0 0 0 0 0 0 0 0 0 0 0 0 0 0
  0 0 0 0 0 0 0 0 0 0 0 0 0 0 0 0 0 0 0 0 0 0 0 0 0 0 0 0 0 0 0 0 0 0 0 0 0 0 0
  0 0 0 0 0 0 0 0 0 0 0 0 0 0 0 0 0 0 0 0 0 0 0 0 0 0 0 0 0 0 0 0 0 0 0 0 0 0 0
  0 0 0 0 0 0 0 0 0 0 0 0 0 0 0 0 0 0 0 0 0 0 0 0 0 0 0 0 0 0 0 0 0 0 0 0 0 0 0
  0 0 0 0 0 0 0 0 0 0 0 0 0 0 0 0 0 0 0 0 0 0 0 0 0 0 0 0 0 0 0 0 0 0 0 0 0 0 0
  0 0 0 0 0 0 0 0 0 0 0 0 0 0 0 0 0 0 0 0 0 0 0 0 0 0 0 0 0 0 0 0 0 0 0 0 0 0 0
  0 0 0 0 0 0 0 0 0 0 0 0 0 0 0 0 0 0 0 0 0 0 0 0 0 0 0 0 0 0 0 0 0 0 0 0 0 0 0
  0 0 0 0 0 0 0 0 0 0 0 0 0 0 0 0 0 0 0 0 0 0 0 0 0 0 0 0 0 0 0 0 0 0 0 0 0 0 0
  0 0 0 0 0 0 0 0 0 0 0 0 0 0 0 0 0 0 0 0 0 0 0 0 0 0 0 0 0 0 0 0 0 0 0 0 0 0 0
  0 0 0 0 0 0 0 0 0 0 0 0 0 0 0 0 0 0 0 0 0 0 0 0 0 0 0 0 0 0 0 0 0 0 0 0 0 0 0
  0 0 0 0 0 0 0 0 0 0 0 0 0 0 0 0 0 0 0 0 0 0 0 0 0 0 0 0 0 0 0 0 0 0 0 0 0 0 0
  0 0 0 0 0 0 0 0 0 0 0 0 0 0 0 0 0 0 0 0 0 0 0 0 0 0 0 0 0 0 0 0 0 0 0 0 0 0 0
  0 0 0 0 0 0 0 0 0 0 0 0 0 0 0 0 0 0 0 0 0 0 0 0 0 0 0 0 0 0 0 0 0 0 0 0 0 0 0
  0 0 0 0 0 0 0 0 0 0 0 0 0 0 0 0 0 0 0 0 0 0 0 0 0 0 0 0 0 0 0 0 0 0 0 0 0 0 0
  0 0 0 0 0 0 0 0 0 0 0 0 0 0 0 0 0 0 0 0 0 0 0 0 0 0 0 0 0 0 0 0 0 0 0 0 0 0 0
  0 0 0 0 0 0 0 0 0 0 0 0 0 0 0 0 0 0 0 0 0 0 0 0 0 0 0 0 0 0 0 0 0 0 0 0 0 0 0
  0 0 0 0 0 0 0 0 0 0 0 0 0 0 0 0 0 0 0 0 0 0 0 0 0 0 0 0 0 0 0 0 0 0 0 0 0 0 0
  0 0 0 0 0 0 0 0 0 0 0 0 0 0 0 0 0 0 0 0 0 0 0 0 0 0 0 0 0 0 0 0 0 0 0 0 0 0 0
  0 0 0 0 0 0 0 0 0 0 0 0 0 0 0 0 0 0 0 0 0 0 0 0 0 0 0 0 0 0 0 0 0 0 0 0 0 0 0
  0 0 0 0 0 0 0 0 0 0 0 0 0 0 0 0 0 0 0 0 0 0 0 0 0 0 0 0 0 0 0 0 0 0 0 0 0 0 0
  0 0 0 0 0 0 0 0 0 0 0 0 0 0 0 0 0 0 0 0 0 0 0 0 0 0 0 0 0 0 0 0 0 0 0 0 0 0 0
  0 0 0 0 0 0 0 0 0 0 0 0 0 0 0 0 0 0 0 0 0 0 0 0 0 0 0 0 0 0 0 0 0 0 0 0 0 0 0
  0 0 0 0 0 0 0 0 0 0 0 0 0 0 0 0 0 0 0 0 0 0 0 0 0 0 0 0 0 0 0 0 0 0 0 0 0 0 0
  0 0 0 0 0 0 0 0 0 0 0 0 0 0 0 0 0 0 0 0 0 0 0 0 0 0 0 0 0 0 0 0 0 0 0 0 0 0 0
  0 0 0 0 0 0 0 0 0 0 0 0 0 0 0 0 0 0 0 0 0 0 0 0 0 0 0 0 0 0 0 0 0 0 0 0 0 0 0
  0 0 0 0 0 0 0 0 0 0 0 0 0 0 0 0 0 0 0 0 0 0 0 0 0 0 0 0 0 0 0 0 0 0 0 0 0 0 0
  0 0 0 0 0 0 0 0 0 0 0 0 0 0 0 0 0 0 0 0 0 0 0 0 0 0 0 0 0 0 0 0 0 0 0 0 0 0 0
  0 0 0 0 0 0 0 0 0 0 0 0 0 0 0 0 0 0 0 0 0 0 0 0 0 0 0 0 0 0 0 0 0 0 0 0 0 0 0
  0 0 0 0 0 0 0 0 0 0 0 0 0 0 0 0 0 0 0 0 0 0 0 0 0 0 0 0 0 0 0 0 0 0 0 0 0 0 0
  0 0 0 0 0 0 0 0 0 0 0 0 0 0 0 0 0 0 0 0 0 0 0 0 0 0 0 0 0 0 0 0 0 0 0 0 0 0 0
  0 0 0 0 0 0 0 0 0 0 0 0 0 0 0 0 0 0 0 0 0 0 0 0 0 0 0 0 0 0 0 0 0 0 0 0 0 0 0
  0 0 0 0 0 0 0 0 0 0 0 0 0 0 0 0 0 0 0 0 0 0 0 0 0 0 0 0 0 0 0 0 0 0 0 0 0 0 0
  0 0 0 0 0 0 0 0 0 0 0 0 0 0 0 0 0 0 0 0 0 0 0 0 0 0 0 0 0 0 0 0 0 0 0 0 0 0 0
  0 0 0 0 0 0 0 0 0 0 0 0 0 0 0 0 0 0 0 0 0 0 0 0 0 0 0 0 0 0 0 0 0 0 0 0 0 0 0
  0 0 0 0 0 0 0 0 0 0 0 0 0 0 0 0 0 0 0 0 0 0 0 0 0 0 0 0 0 0 0 0 0 0 0 0 0 0 0
  0 0 0 0 0 0 0 0 0 0 0 0 0 0 0 0 0 0 0 0 0 0 0 0 0 0 0 0 0 0 0 0 0 0 0 0 0 0 0
  0 0 0 0 0 0 0 0 0 0 0 0 0 0 0 0 0 0 0 0 0 0 0 0 0 0 0 0 0 0 0 0 0 0 0 0 0 0 0
  0 0 0 0 0 0 0 0 0 0 0 0 0 0 0 0 0 0 0 0 0 0 0 0 0 0 0 0 0 0 0 0 0 0 0 0 0 0 0
  0 0 0 0 0 0 0 0 0 0 0 0 0 0 0 0 0 0 0 0 0 0 0 0 0 0 0 0 0 0 0 0 0 0 0 0 0 0 0
  0 0 0 0 0 0 0 0 0 0 0 0 0 0 0 0 0 0 0 0 0 0 0 0 0 0 0 0 0 0 0 0 0 0 0 0 0 0 0
  0 0 0 0 0 0 0 0 0 0 0 0 0 0 0 0 0 0 0 0 0 0 0 0 0 0 0 0 0 0 0 0 0 0 0 0 0 0 0
  0 0 0 0 0 0 0 0 0 0 0 0 0 0 0 0 0 0 0 0 0 0 0 0 0 0 0 0 0 0 0 0 0 0 0 0 0 0 0
  0 0 0 0 0 0 0 0 0 0 0 0 0 0 0 0 0 0 0 0 0 0 0 0 0 0 0 0 0 0 0 0 0 0 0 0 0 0 0
  0 0 0 0 0 0 0 0 0 0 0 0 0 0 0 0 0 0 0 0 0 0 0 0 0 0 0 0 0 0 0 0 0 0 0 0 0 0 0
  0 0 0 0 0 0 0 0 0 0 0 0 0 0 0 0 0 0 0 0 0 0 0 0 0 0 0 0 0 0 0 0 0 0 0 0 0 0 0
  0 0 0 0 0 0 0 0 0 0 0 0 0 0 0 0 0 0 0 0 0 0 0 0 0 0 0 0 0 0 0 0 0 0 0 0 0 0 0
  0 0 0 0 0 0 0 0 0 0 0 0 0 0 0 0 0 0 0 0 0 0 0 0 0 0 0 0 0 0 0 0 0 0 0 0 0 0 0
  0 0 0 0 0 0 0 0 0 0 0 0 0 0 0 0 0 0 0 0 0 0 0 0 0 0 0 0 0 0 0 0 0 0 0 0 0 0 0
  0 0 0 0 0 0 0 0 0 0 0 0 0 0 0 0 0 0 0 0 0 0 0 0 0 0 0 0 0 0 0 0 0 0 0 0 0 0 0
  0 0 0 0 0 0 0 0 0 0 0 0 0 0 0 0 0 0 0 0 0 0 0 0 0 0 0 0 0 0 0 0 0 0 0 0 0 0 0
  0 0 0 0 0 0 0 0 0 0 0 0 0 0 0 0 0 0 0 0 0 0 0 0 0 0 0 0 0 0 0 0 0 0 0 0 0 0 0
  0 0 0 0 0 0 0 0 0 0 0 0 0 0 0 0 0 0 0 0 0 0 0 0 0 0 0 0 0 0 0 0 0 0 0 0 0 0 0
  0 0 0 0 0 0 0 0 0 0 0 0 0 0 0 0 0 0 0 0 0 0 0 0 0 0 0 0 0 0 0 0 0 0 0 0 0 0 0
  0 0 0 0 0 0 0 0 0 0 0 0 0 0 0 0 0 0 0 0 0 0 0 0 0 0 0 0 0 0 0 0 0 0 0 0 0 0 0
  0 0 0 0 0 0 0 0 0 0 0 0 0 0 0 0 0 0 0 0 0 0 0 0 0 0 0 0 0 0 0 0 0 0 0 0 0 0 0
  0 0 0 0 0 0 0 0 0 0 0 0 0 0 0 0 0 0 0 0 0 0 0 0 0 0 0 0 0 0 0 0 0 0 0 0 0 0 0
  0 0 0 0 0 0 0 0 0 0 0 0 0 0 0 0 0 0 0 0 0 0 0 0 0 0 0 0 0 0 0 0 0 0 0 0 0 0 0
  0 0 0 0 0 0 0 0 0 0 0 0 0 0 0 0 0 0 0 0 0 0 0 0 0 0 0 0 0 0 0 0 0 0 0 0 0 0 0
  0 0 0 0 0 0 0 0 0 0 0 0 0 0 0 0 0 0 0 0 0 0 0 0 0 0 0 0 0 0 0 0 0 0 0 0 0 0 0
  0 0 0 0 0 0 0 0 0 0 0 0 0 0 0 0 0 0 0 0 0 0 0 0 0 0 0 0 0 0 0 0 0 0 0 0 0 0 0
  0 0 0 0 0 0 0 0 0 0 0 0 0 0 0 0 0 0 0 0 0 0 0 0 0 0 0 0 0 0 0 0 0 0 0 0 0 0 0
  0 0 0 0 0 0 0 0 0 0 0 0 0 0 0 0 0 0 0 0 0 0 0 0 0 0 0 0 0 0 0 0 0 0 0 0 0 0 0
  0 0 0 0 0 0 0 0 0 0 0 0 0 0 0 0 0 0 0 0 0 0 0 0 0 0 0 0 0 0 0 0 0 0 0 0 0 0 0
  0 0 0 0 0 0 0 0 0 0 0 0 0 0 0 0 0 0 0 0 0 0 0 0 0 0 0 0 0 0 0 0 0 0 0 0 0 0 0
  0 0 0 0 0 0 0 0 0 0 0 0 0 0 0 0 0 0 0 0 0 0 0 0 0 0 0 0 0 0 0 0 0 0 0 0 0 0 0
  0 0 0 0 0 0 0 0 0 0 0 0 0 0 0 0 0 0 0 0 0 0 0 0 0 0 0 0 0 0 0 0 0 0 0 0 0 0 0
  0 0 0 0 0 0 0 0 0 0 0 0 0 0 0 0 0 0 0 0 0 0 0 0 0 0 0 0 0 0 0 0 0 0 0 0 0 0 0
  0 0 0 0 0 0 0 0 0 0 0 0 0 0 0 0 0 0 0 0 0 0 0 0 0 0 0 0 0 0 0 0 0 0 0 0 0 0 0
  0 0 0 0 0 0 0 0 0 0 0 0 0 0 0 0 0 0 0 0 0 0 0 0 0 0 0 0 0 0 0 0 0 0 0 0 0 0 0
  0 0 0 0 0 0 0 0 0 0 0 0 0 0 0 0 0 0 0 0 0 0 0 0 0 0 0 0 0 0 0 0 0 0 0 0 0 0 0
  0 0 0 0 0 0 0 0 0 0 0 0 0 0 0 0 0 0 0 0 0 0 0 0 0 0 0 0 0 0 0 0 0 0 0 0 0 0 0
  0 0 0 0 0 0 0 0 0 0 0 0 0 0 0 0 0 0 0 0 0 0 0 0 0 0 0 0 0 0 0 0 0 0 0 0 0 0 0
  0 0 0 0 0 0 0 0 0 0 0 0 0 0 0 0 0 0 0 0 0 0 0 0 0 0 0 0 0 0 0 0 0 0 0 0 0 0 0
  0 0 0 0 0 0 0 0 0 0 0 0 0 0 0 0 0 0 0 0 0 0 0 0 0 0 0 0 0 0 0 0 0 0 0 0 0 0 0
  0 0 0 0 0 0 0 0 0 0 0 0 0 0 0 0 0 0 0 0 0 0 0 0 0 0 0 0 0 0 0 0 0 0 0 0 0 0 0
  0 0 0 0 0 0 0 0 0 0 0 0 0 0 0 0 0 0 0 0 0 0 0 0 0 0 0 0 0 0 0 0 0 0 0 0 0 0 0
  0 0 0 0 0 0 0 0 0 0 0 0 0 0 0 0 0 0 0 0 0 0 0 0 0 0 0 0 0 0 0 0 0 0 0 0 0 0 0
  0 0 0 0 0 0 0 0 0 0 0 0 0 0 0 0 0 0 0 0 0 0 0 0 0 0 0 0 0 0 0 0 0 0 0 0 0 0 0
  0 0 0 0 0 0 0 0 0 0 0 0 0 0 0 0 0 0 0 0 0 0 0 0 0 0 0 0 0 0 0 0 0 0 0 0 0 0 0
  0 0 0 0 0 0 0 0 0 0 0 0 0 0 0 0 0 0 0 0 0 0 0 0 0 0 0 0 0 0 0 0 0 0 0 0 0 0 0
  0 0 0 0 0 0 0 0 0 0 0 0 0 0 0 0 0 0 0 0 0 0 0 0 0 0 0 0 0 0 0 0 0 0 0 0 0 0 0
  0 0 0 0 0 0 0 0 0 0 0 0 0 0 0 0 0 0 0 0 0 0 0 0 0 0 0 0 0 0 0 0 0 0 0 0 0 0 0
  0 0 0 0 0 0 0 0 0 0 0 0 0 0 0 0 0 0 0 0 0 0 0 0 0 0 0 0 0 0 0 0 0 0 0 0 0 0 0
  0 0 0 0 0 0 0 0 0 0 0 0 0 0 0 0 0 0 0 0 0 0 0 0 0 0 0 0 0 0 0 0 0 0 0 0 0 0 0
  0 0 0 0 0 0 0 0 0 0 0 0 0 0 0 0 0 0 0 0 0 0 0 0 0 0 0 0 0 0 0 0 0 0 0 0 0 0 0
  0 0 0 0 0 0 0 0 0 0 0 0 0 0 0 0 0 0 0 0 0 0 0 0 0 0 0 0 0 0 0 0 0 0 0 0 0 0 0
  0 0 0 0 0 0 0 0 0 0 0 0 0 0 0 0 0 0 0 0 0 0 0 0 0 0 0 0 0 0 0 0 0 0 0 0 0 0 0
  0 0 0 0 0 0 0 0 0 0 0) 
#(0 0 0 0 0 0 0 0 0 0 0 0 0 0 0 0 0 0 0 0 0 0 0 0 0 0 0 0 0 0 0 0 0 0 0 0 0 0 0
  0 0 0 0 0 0 0 0 0 0 0 0 0 0 0 0 0 0 0 0 0 0 0 0 0 0 0 0 0 0 0 0 0 0 0 0 0 0 0
  0 0 0 0 0 0 0 0 0 0 0 0 0 0 0 0 0 0 0 0 0 0 0 0 0 0 0 0 0 0 0 0 0 0 0 0 0 0 0
  0 0 0 0 0 0 0 0 0 0 0 0 0 0 0 0 0 0 0 0 0 0 0 0 0 0 0 0 0 0 0 0 0 0 0 0 0 0 0
  0 0 0 0 0 0 0 0 0 0 0 0 0 0 0 0 0 0 0 0 0 0 0 0 0 0 0 0 0 0 0 0 0 0 0 0 0 0 0
  0 0 0 0 0 0 0 0 0 0 0 0 0 0 0 0 0 0 0 0 0 0 0 0 0 0 0 0 0 0 0 0 0 0 0 0 0 0 0
  0 0 0 0 0 0 0 0 0 0 0 0 0 0 0 0 0 0 0 0 0 0 0 0 0 0 0 0 0 0 0 0 0 0 0 0 0 0 0
  0 0 0 0 0 0 0 0 0 0 0 0 0 0 0 0 0 0 0 0 0 0 0 0 0 0 0 0 0 0 0 0 0 0 0 0 0 0 0
  0 0 0 0 0 0 0 0 0 0 0 0 0 0 0 0 0 0 0 0 0 0 0 0 0 0 0 0 0 0 0 0 0 0 0 0 0 0 0
  0 0 0 0 0 0 0 0 0 0 0 0 0 0 0 0 0 0 0 0 0 0 0 0 0 0 0 0 0 0 0 0 0 0 0 0 0 0 0
  0 0 0 0 0 0 0 0 0 0 0 0 0 0 0 0 0 0 0 0 0 0 0 0 0 0 0 0 0 0 0 0 0 0 0 0 0 0 0
  0 0 0 0 0 0 0 0 0 0 0 0 0 0 0 0 0 0 0 0 0 0 0 0 0 0 0 0 0 0 0 0 0 0 0 0 0 0 0
  0 0 0 0 0 0 0 0 0 0 0 0 0 0 0 0 0 0 0 0 0 0 0 0 0 0 0 0 0 0 0 0 0 0 0 0 0 0 0
  0 0 0 0 0 0 0 0 0 0 0 0 0 0 0 0 0 0 0 0 0 0 0 0 0 0 0 0 0 0 0 0 0 0 0 0 0 0 0
  0 0 0 0 0 0 0 0 0 0 0 0 0 0 0 0 0 0 0 0 0 0 0 0 0 0 0 0 0 0 0 0 0 0 0 0 0 0 0
  0 0 0 0 0 0 0 0 0 0 0 0 0 0 0 0 0 0 0 0 0 0 0 0 0 0 0 0 0 0 0 0 0 0 0 0 0 0 0
  0 0 0 0 0 0 0 0 0 0 0 0 0 0 0 0 0 0 0 0 0 0 0 0 0 0 0 0 0 0 0 0 0 0 0 0 0 0 0
  0 0 0 0 0 0 0 0 0 0 0 0 0 0 0 0 0 0 0 0 0 0 0 0 0 0 0 0 0 0 0 0 0 0 0 0 0 0 0
  0 0 0 0 0 0 0 0 0 0 0 0 0 0 0 0 0 0 0 0 0 0 0 0 0 0 0 0 0 0 0 0 0 0 0 0 0 0 0
  0 0 0 0 0 0 0 0 0 0 0 0 0 0 0 0 0 0 0 0 0 0 0 0 0 0 0 0 0 0 0 0 0 0 0 0 0 0 0
  0 0 0 0 0 0 0 0 0 0 0 0 0 0 0 0 0 0 0 0 0 0 0 0 0 0 0 0 0 0 0 0 0 0 0 0 0 0 0
  0 0 0 0 0 0 0 0 0 0 0 0 0 0 0 0 0 0 0 0 0 0 0 0 0 0 0 0 0 0 0 0 0 0 0 0 0 0 0
  0 0 0 0 0 0 0 0 0 0 0 0 0 0 0 0 0 0 0 0 0 0 0 0 0 0 0 0 0 0 0 0 0 0 0 0 0 0 0
  0 0 0 0 0 0 0 0 0 0 0 0 0 0 0 0 0 0 0 0 0 0 0 0 0 0 0 0 0 0 0 0 0 0 0 0 0 0 0
  0 0 0 0 0 0 0 0 0 0 0 0 0 0 0 0 0 0 0 0 0 0 0 0 0 0 0 0 0 0 0 0 0 0 0 0 0 0 0
  0 0 0 0 0 0 0 0 0 0 0 0 0 0 0 0 0 0 0 0 0 0 0 0 0 0 0 0 0 0 0 0 0 0 0 0 0 0 0
  0 0 0 0 0 0 0 0 0 0 0 0 0 0 0 0 0 0 0 0 0 0 0 0 0 0 0 0 0 0 0 0 0 0 0 0 0 0 0
  0 0 0 0 0 0 0 0 0 0 0 0 0 0 0 0 0 0 0 0 0 0 0 0 0 0 0 0 0 0 0 0 0 0 0 0 0 0 0
  0 0 0 0 0 0 0 0 0 0 0 0 0 0 0 0 0 0 0 0 0 0 0 0 0 0 0 0 0 0 0 0 0 0 0 0 0 0 0
  0 0 0 0 0 0 0 0 0 0 0 0 0 0 0 0 0 0 0 0 0 0 0 0 0 0 0 0 0 0 0 0 0 0 0 0 0 0 0
  0 0 0 0 0 0 0 0 0 0 0 0 0 0 0 0 0 0 0 0 0 0 0 0 0 0 0 0 0 0 0 0 0 0 0 0 0 0 0
  0 0 0 0 0 0 0 0 0 0 0 0 0 0 0 0 0 0 0 0 0 0 0 0 0 0 0 0 0 0 0 0 0 0 0 0 0 0 0
  0 0 0 0 0 0 0 0 0 0 0 0 0 0 0 0 0 0 0 0 0 0 0 0 0 0 0 0 0 0 0 0 0 0 0 0 0 0 0
  0 0 0 0 0 0 0 0 0 0 0 0 0 0 0 0 0 0 0 0 0 0 0 0 0 0 0 0 0 0 0 0 0 0 0 0 0 0 0
  0 0 0 0 0 0 0 0 0 0 0 0 0 0 0 0 0 0 0 0 0 0 0 0 0 0 0 0 0 0 0 0 0 0 0 0 0 0 0
  0 0 0 0 0 0 0 0 0 0 0 0 0 0 0 0 0 0 0 0 0 0 0 0 0 0 0 0 0 0 0 0 0 0 0 0 0 0 0
  0 0 0 0 0 0 0 0 0 0 0 0 0 0 0 0 0 0 0 0 0 0 0 0 0 0 0 0 0 0 0 0 0 0 0 0 0 0 0
  0 0 0 0 0 0 0 0 0 0 0 0 0 0 0 0 0 0 0 0 0 0 0 0 0 0 0 0 0 0 0 0 0 0 0 0 0 0 0
  0 0 0 0 0 0 0 0 0 0 0 0 0 0 0 0 0 0 0 0 0 0 0 0 0 0 0 0 0 0 0 0 0 0 0 0 0 0 0
  0 0 0 0 0 0 0 0 0 0 0 0 0 0 0 0 0 0 0 0 0 0 0 0 0 0 0 0 0 0 0 0 0 0 0 0 0 0 0
  0 0 0 0 0 0 0 0 0 0 0 0 0 0 0 0 0 0 0 0 0 0 0 0 0 0 0 0 0 0 0 0 0 0 0 0 0 0 0
  0 0 0 0 0 0 0 0 0 0 0 0 0 0 0 0 0 0 0 0 0 0 0 0 0 0 0 0 0 0 0 0 0 0 0 0 0 0 0
  0 0 0 0 0 0 0 0 0 0 0 0 0 0 0 0 0 0 0 0 0 0 0 0 0 0 0 0 0 0 0 0 0 0 0 0 0 0 0
  0 0 0 0 0 0 0 0 0 0 0 0 0 0 0 0 0 0 0 0 0 0 0 0 0 0 0 0 0 0 0 0 0 0 0 0 0 0 0
  0 0 0 0 0 0 0 0 0 0 0 0 0 0 0 0 0 0 0 0 0 0 0 0 0 0 0 0 0 0 0 0 0 0 0 0 0 0 0
  0 0 0 0 0 0 0 0 0 0 0 0 0 0 0 0 0 0 0 0 0 0 0 0 0 0 0 0 0 0 0 0 0 0 0 0 0 0 0
  0 0 0 0 0 0 0 0 0 0 0 0 0 0 0 0 0 0 0 0 0 0 0 0 0 0 0 0 0 0 0 0 0 0 0 0 0 0 0
  0 0 0 0 0 0 0 0 0 0 0 0 0 0 0 0 0 0 0 0 0 0 0 0 0 0 0 0 0 0 0 0 0 0 0 0 0 0 0
  0 0 0 0 0 0 0 0 0 0 0 0 0 0 0 0 0 0 0 0 0 0 0 0 0 0 0 0 0 0 0 0 0 0 0 0 0 0 0
  0 0 0 0 0 0 0 0 0 0 0 0 0 0 0 0 0 0 0 0 0 0 0 0 0 0 0 0 0 0 0 0 0 0 0 0 0 0 0
  0 0 0 0 0 0 0 0 0 0 0 0 0 0 0 0 0 0 0 0 0 0 0 0 0 0 0 0 0 0 0 0 0 0 0 0 0 0 0
  0 0 0 0 0 0 0 0 0 0 0 0 0 0 0 0 0 0 0 0 0 0 0 0 0 0 0 0 0 0 0 0 0 0 0 0 0 0 0
  0 0 0 0 0 0 0 0 0 0 0 0 0 0 0 0 0 0 0 0 0 0 0 0 0 0 0 0 0 0 0 0 0 0 0 0 0 0 0
  0 0 0 0 0 0 0 0 0 0 0 0 0 0 0 0 0 0 0 0 0 0 0 0 0 0 0 0 0 0 0 0 0 0 0 0 0 0 0
  0 0 0 0 0 0 0 0 0 0 0 0 0 0 0 0 0 0 0 0 0 0 0 0 0 0 0 0 0 0 0 0 0 0 0 0 0 0 0
  0 0 0 0 0 0 0 0 0 0 0 0 0 0 0 0 0 0 0 0 0 0 0 0 0 0 0 0 0 0 0 0 0 0 0 0 0 0 0
  0 0 0 0 0 0 0 0 0 0 0 0 0 0 0 0 0 0 0 0 0 0 0 0 0 0 0 0 0 0 0 0 0 0 0 0 0 0 0
  0 0 0 0 0 0 0 0 0 0 0 0 0 0 0 0 0 0 0 0 0 0 0 0 0 0 0 0 0 0 0 0 0 0 0 0 0 0 0
  0 0 0 0 0 0 0 0 0 0 0 0 0 0 0 0 0 0 0 0 0 0 0 0 0 0 0 0 0 0 0 0 0 0 0 0 0 0 0
  0 0 0 0 0 0 0 0 0 0 0 0 0 0 0 0 0 0 0 0 0 0 0 0 0 0 0 0 0 0 0 0 0 0 0 0 0 0 0
  0 0 0 0 0 0 0 0 0 0 0 0 0 0 0 0 0 0 0 0 0 0 0 0 0 0 0 0 0 0 0 0 0 0 0 0 0 0 0
  0 0 0 0 0 0 0 0 0 0 0 0 0 0 0 0 0 0 0 0 0 0 0 0 0 0 0 0 0 0 0 0 0 0 0 0 0 0 0
  0 0 0 0 0 0 0 0 0 0 0 0 0 0 0 0 0 0 0 0 0 0 0 0 0 0 0 0 0 0 0 0 0 0 0 0 0 0 0
  0 0 0 0 0 0 0 0 0 0 0 0 0 0 0 0 0 0 0 0 0 0 0 0 0 0 0 0 0 0 0 0 0 0 0 0 0 0 0
  0 0 0 0 0 0 0 0 0 0 0 0 0 0 0 0 0 0 0 0 0 0 0 0 0 0 0 0 0 0 0 0 0 0 0 0 0 0 0
  0 0 0 0 0 0 0 0 0 0 0 0 0 0 0 0 0 0 0 0 0 0 0 0 0 0 0 0 0 0 0 0 0 0 0 0 0 0 0
  0 0 0 0 0 0 0 0 0 0 0 0 0 0 0 0 0 0 0 0 0 0 0 0 0 0 0 0 0 0 0 0 0 0 0 0 0 0 0
  0 0 0 0 0 0 0 0 0 0 0 0 0 0 0 0 0 0 0 0 0 0 0 0 0 0 0 0 0 0 0 0 0 0 0 0 0 0 0
  0 0 0 0 0 0 0 0 0 0 0 0 0 0 0 0 0 0 0 0 0 0 0 0 0 0 0 0 0 0 0 0 0 0 0 0 0 0 0
  0 0 0 0 0 0 0 0 0 0 0 0 0 0 0 0 0 0 0 0 0 0 0 0 0 0 0 0 0 0 0 0 0 0 0 0 0 0 0
  0 0 0 0 0 0 0 0 0 0 0 0 0 0 0 0 0 0 0 0 0 0 0 0 0 0 0 0 0 0 0 0 0 0 0 0 0 0 0
  0 0 0 0 0 0 0 0 0 0 0 0 0 0 0 0 0 0 0 0 0 0 0 0 0 0 0 0 0 0 0 0 0 0 0 0 0 0 0
  0 0 0 0 0 0 0 0 0 0 0 0 0 0 0 0 0 0 0 0 0 0 0 0 0 0 0 0 0 0 0 0 0 0 0 0 0 0 0
  0 0 0 0 0 0 0 0 0 0 0 0 0 0 0 0 0 0 0 0 0 0 0 0 0 0 0 0 0 0 0 0 0 0 0 0 0 0 0
  0 0 0 0 0 0 0 0 0 0 0 0 0 0 0 0 0 0 0 0 0 0 0 0 0 0 0 0 0 0 0 0 0 0 0 0 0 0 0
  0 0 0 0 0 0 0 0 0 0 0 0 0 0 0 0 0 0 0 0 0 0 0 0 0 0 0 0 0 0 0 0 0 0 0 0 0 0 0
  0 0 0 0 0 0 0 0 0 0 0 0 0 0 0 0 0 0 0 0 0 0 0 0 0 0 0 0 0 0 0 0 0 0 0 0 0 0 0
  0 0 0 0 0 0 0 0 0 0 0 0 0 0 0 0 0 0 0 0 0 0 0 0 0 0 0 0 0 0 0 0 0 0 0 0 0 0 0
  0 0 0 0 0 0 0 0 0 0 0 0 0 0 0 0 0 0 0 0 0 0 0 0 0 0 0 0 0 0 0 0 0 0 0 0 0 0 0
  0 0 0 0 0 0 0 0 0 0 0 0 0 0 0 0 0 0 0 0 0 0 0 0 0 0 0 0 0 0 0 0 0 0 0 0 0 0 0
  0 0 0 0 0 0 0 0 0 0 0 0 0 0 0 0 0 0 0 0 0 0 0 0 0 0 0 0 0 0 0 0 0 0 0 0 0 0 0
  0 0 0 0 0 0 0 0 0 0 0 0 0 0 0 0 0 0 0 0 0 0 0 0 0 0 0 0 0 0 0 0 0 0 0 0 0 0 0
  0 0 0 0 0 0 0 0 0 0 0 0 0 0 0 0 0 0 0 0 0 0 0 0 0 0 0 0 0 0 0 0 0 0 0 0 0 0 0
  0 0 0 0 0 0 0 0 0 0 0 0 0 0 0 0 0 0 0 0 0 0 0 0 0 0 0 0 0 0 0 0 0 0 0 0 0 0 0
  0 0 0 0 0 0 0 0 0 0 0 0 0 0 0 0 0 0 0 0 0 0 0 0 0 0 0 0 0 0 0 0 0 0 0 0 0 0 0
  0 0 0 0 0 0 0 0 0 0 0 0 0 0 0 0 0 0 0 0 0 0 0 0 0 0 0 0 0 0 0 0 0 0 0 0 0 0 0
  0 0 0 0 0 0 0 0 0 0 0 0 0 0 0 0 0 0 0 0 0 0 0 0 0 0 0 0 0 0 0 0 0 0 0 0 0 0 0
  0 0 0 0 0 0 0 0 0 0 0 0 0 0 0 0 0 0 0 0 0 0 0 0 0 0 0 0 0 0 0 0 0 0 0 0 0 0 0
  0 0 0 0 0 0 0 0 0 0 0 0 0 0 0 0 0 0 0 0 0 0 0 0 0 0 0 0 0 0 0 0 0 0 0 0 0 0 0
  0 0 0 0 0 0 0 0 0 0 0 0 0 0 0 0 0 0 0 0 0 0 0 0 0 0 0 0 0 0 0 0 0 0 0 0 0 0 0
  0 0 0 0 0 0 0 0 0 0 0 0 0 0 0 0 0 0 0 0 0 0 0 0 0 0 0 0 0 0 0 0 0 0 0 0 0 0 0
  0 0 0 0 0 0 0 0 0 0 0 0 0 0 0 0 0 0 0 0 0 0 0 0 0 0 0 0 0 0 0 0 0 0 0 0 0 0 0
  0 0 0 0 0 0 0 0 0 0 0 0 0 0 0 0 0 0 0 0 0 0 0 0 0 0 0 0 0 0 0 0 0 0 0 0 0 0 0
  0 0 0 0 0 0 0 0 0 0 0 0 0 0 0 0 0 0 0 0 0 0 0 0 0 0 0 0 0 0 0 0 0 0 0 0 0 0 0
  0 0 0 0 0 0 0 0 0 0 0 0 0 0 0 0 0 0 0 0 0 0 0 0 0 0 0 0 0 0 0 0 0 0 0 0 0 0 0
  0 0 0 0 0 0 0 0 0 0 0 0 0 0 0 0 0 0 0 0 0 0 0 0 0 0 0 0 0 0 0 0 0 0 0 0 0 0 0
  0 0 0 0 0 0 0 0 0 0 0 0 0 0 0 0 0 0 0 0 0 0 0 0 0 0 0 0 0 0 0 0 0 0 0 0 0 0 0
  0 0 0 0 0 0 0 0 0 0 0 0 0 0 0 0 0 0 0 0 0 0 0 0 0 0 0 0 0 0 0 0 0 0 0 0 0 0 0
  0 0 0 0 0 0 0 0 0 0 0 0 0 0 0 0 0 0 0 0 0 0 0 0 0 0 0 0 0 0 0 0 0 0 0 0 0 0 0
  0 0 0 0 0 0 0 0 0 0 0 0 0 0 0 0 0 0 0 0 0 0 0 0 0 0 0 0 0 0 0 0 0 0 0 0 0 0 0
  0 0 0 0 0 0 0 0 0 0 0 0 0 0 0 0 0 0 0 0 0 0 0 0 0 0 0 0 0 0 0 0 0 0 0 0 0 0 0
  0 0 0 0 0 0 0 0 0 0 0 0 0 0 0 0 0 0 0 0 0 0 0 0 0 0 0 0 0 0 0 0 0 0 0 0 0 0 0
  0 0 0 0 0 0 0 0 0 0 0 0 0 0 0 0 0 0 0 0 0 0 0 0 0 0 0 0 0 0 0 0 0 0 0 0 0 0 0
  0 0 0 0 0 0 0 0 0 0 0 0 0 0 0 0 0 0 0 0 0 0 0 0 0 0 0 0 0 0 0 0 0 0 0 0 0 0 0
  0 0 0 0 0 0 0 0 0 0 0 0 0 0 0 0 0 0 0 0 0 0 0 0 0 0 0 0 0 0 0 0 0 0 0 0 0 0 0
  0) 
#(15 14 15 14 15 14 15 14 15 14 15 0 0 0 15 14 14 15 14 15 14 15 14 15 14 15 14
  0 0 0 14 15 15 14 15 14 15 14 15 14 15 14 15 0 0 0 15 14 14 15 14 15 14 15 14
  15 14 15 14 15 14 0 14 15 15 14 15 14 15 14 15 14 15 14 15 14 0 0 0 14 14 15
  14 15 14 15 14 15 14 15 14 15 14 0 14 15 15 14 15 14 15 14 15 14 15 14 15 14
  15 14 15 14 14 15 14 15 14 15 14 15 14 15 14 15 14 15 14 15 15 14 15 14 15 14
  15 14 15 14 15 14 15 14 15 14 14 15 14 15 14 15 14 15 14 15 14 15 14 15 14 15
  15 14 15 14 15 14 15 14 15 14 15 14 15 14 15 14 14 15 14 15 14 15 14 15 14 15
  14 15 14 15 14 15 15 14 15 14 15 14 15 14 15 14 15 14 15 14 15 14 14 15 14 15
  14 15 14 15 14 15 14 15 14 15 14 15 15 14 15 14 15 14 15 14 15 14 15 14 15 14
  15 14 14 15 14 15 14 15 14 15 14 15 14 15 14 15 14 15 15 14 15 14 15 14 15 14
  15 14 15 14 0 14 15 14 14 15 14 15 14 15 14 15 14 15 14 0 0 0 14 15 15 14 15
  14 15 14 15 14 15 14 15 14 0 14 15 14 14 15 14 15 14 15 14 15 14 15 14 15 14
  15 14 15 15 14 15 14 15 14 15 14 15 14 15 14 15 14 15 14 14 15 14 15 14 15 14
  15 14 15 14 15 14 15 14 15 15 14 15 14 15 14 15 14 15 14 15 14 15 14 15 14 14
  15 14 15 14 15 14 15 14 15 14 15 14 15 14 15 15 14 15 14 15 14 15 14 15 14 15
  14 15 14 15 14 14 15 14 15 14 15 14 15 14 15 14 15 14 15 14 15 15 14 15 14 15
  14 15 14 15 14 15 14 15 14 15 14 14 15 14 15 14 15 14 15 14 15 14 15 14 15 14
  15 15 14 15 14 15 14 15 14 15 14 15 14 15 14 15 14 14 15 14 15 14 15 14 15 14
  15 14 15 14 15 14 15 15 14 15 14 15 14 15 14 15 14 15 14 15 14 15 14 14 15 14
  15 14 15 14 15 14 15 14 15 14 15 14 15 15 14 15 14 15 14 15 14 15 14 15 14 15
  14 15 14 14 15 14 15 14 15 14 15 14 15 14 15 14 15 14 15 15 14 15 14 15 14 15
  14 15 14 15 14 15 14 15 14 14 15 14 15 14 15 14 15 14 15 14 15 14 15 14 15 15
  14 15 14 15 14 15 14 15 14 15 14 15 14 15 14 14 15 14 15 14 15 14 15 14 15 14
  15 14 15 14 15 15 14 15 14 15 14 15 14 15 14 15 14 15 14 15 14 14 15 14 15 14
  15 14 15 14 15 14 15 14 15 14 15 15 14 15 14 15 14 15 14 15 14 15 14 15 14 15
  14 14 15 14 15 14 15 14 15 14 15 14 15 14 15 14 15 15 14 15 14 15 14 15 14 15
  14 15 14 15 14 15 14 14 15 14 15 14 15 14 15 14 15 14 15 14 15 14 15 15 14 15
  14 15 14 15 14 15 14 15 14 15 14 15 14 14 15 14 15 14 15 14 15 14 15 14 15 14
  15 14 15 15 14 15 14 15 14 15 14 15 14 15 14 15 14 15 14 14 15 14 15 14 15 14
  15 14 15 14 15 14 15 14 15 15 14 15 14 15 14 15 14 15 14 15 14 15 14 15 14 14
  15 14 15 14 15 14 15 14 15 14 15 14 15 14 15 15 14 15 14 15 14 15 14 15 14 15
  14 15 14 15 14 14 15 14 15 14 15 14 15 14 15 14 15 14 15 14 15 15 14 15 14 15
  14 15 14 15 14 15 14 15 14 15 14 14 15 14 15 14 15 14 15 14 15 14 15 14 15 14
  15 15 14 15 14 15 14 15 14 15 14 15 14 15 14 15 14 14 15 14 15 14 15 14 15 14
  15 14 15 14 15 14 15 15 14 15 14 15 14 15 14 15 14 15 14 15 14 15 14 14 15 14
  15 14 15 14 15 14 15 14 15 14 15 14 15 15 14 15 14 15 14 15 14 15 14 15 14 15
  14 15 14 14 15 14 15 14 15 14 15 14 15 14 15 14 15 14 15 15 14 15 14 15 14 15
  14 15 14 15 14 15 14 15 14 14 15 14 15 14 15 14 15 14 15 14 15 14 15 14 15 15
  14 15 14 15 14 15 14 15 14 15 14 15 14 15 14 14 15 14 15 14 15 14 15 14 15 14
  15 14 15 14 15 15 14 15 14 15 14 15 14 15 14 15 14 15 14 15 14 14 15 14 15 14
  15 14 15 14 15 14 15 14 15 14 15 15 14 15 14 15 14 15 14 15 14 15 14 15 14 15
  14 14 15 14 15 14 15 14 15 14 15 14 15 14 15 14 15 15 14 15 14 15 14 15 14 15
  14 15 14 15 14 15 14 14 15 14 15 14 15 14 15 14 15 14 15 14 15 14 15 15 14 15
  14 15 14 15 14 15 14 15 14 15 14 15 14 14 15 14 15 14 15 14 15 14 15 14 15 14
  15 14 15 15 14 15 14 15 14 15 14 15 14 15 14 15 14 15 14 14 15 14 15 14 15 14
  15 14 15 14 15 14 15 14 15 15 14 15 14 15 14 15 14 15 14 15 14 15 14 15 14 14
  15 14 15 14 15 14 15 14 15 14 15 14 15 14 15 15 14 15 14 15 14 15 14 15 14 15
  14 15 14 15 14 14 15 14 15 14 15 14 15 14 15 14 15 14 15 14 15 15 14 15 14 15
  14 15 14 15 14 15 14 15 14 15 14 14 15 14 15 14 15 14 15 14 15 14 15 14 15 14
  15 15 14 15 14 15 14 15 14 15 14 15 14 15 14 15 14 14 15 14 15 14 15 14 15 14
  15 14 15 14 15 14 15 15 14 15 14 15 14 15 14 15 14 15 14 15 14 15 14 14 15 14
  15 14 15 14 15 14 15 14 15 14 15 14 15 15 14 15 14 15 14 15 14 15 14 15 14 15
  14 15 14 14 15 14 15 14 15 14 15 14 15 14 15 14 15 14 15 15 14 15 14 15 14 15
  14 15 14 15 14 15 14 15 14 14 15 14 15 14 15 14 15 14 15 14 15 14 15 14 15 15
  14 15 14 15 14 15 14 15 14 15 14 15 14 15 14 14 15 14 15 14 15 14 15 14 15 14
  15 14 15 14 15 15 14 15 14 15 14 15 14 15 14 15 14 15 14 15 14 14 15 14 15 14
  15 14 15 14 15 14 15 14 15 14 15 15 14 15 14 15 14 15 14 15 14 15 14 15 14 15
  14 14 15 14 15 14 15 14 15 14 15 14 15 14 15 14 15 15 14 15 14 15 14 15 14 15
  14 15 14 15 14 15 14 14 15 14 15 14 15 14 15 14 15 14 15 14 15 14 15 15 14 15
  14 15 14 15 14 15 14 15 14 15 14 15 14 14 15 14 15 14 15 14 15 14 15 14 15 14
  15 14 15 15 14 15 14 15 14 15 14 15 14 15 14 15 14 15 14 14 15 14 15 14 15 14
  15 14 15 14 15 14 15 14 15 15 14 15 14 15 14 15 14 15 14 15 14 15 14 15 14 14
  15 14 15 14 15 14 15 14 15 14 15 14 15 14 15 15 14 15 14 15 14 15 14 15 14 15
  14 15 14 15 14 14 15 14 15 14 15 14 15 14 15 14 15 14 15 14 15 15 14 15 14 15
  14 15 14 15 14 15 14 15 14 15 14 14 15 14 15 14 15 14 15 14 15 14 15 14 15 14
  15 15 14 15 14 15 14 15 14 15 14 15 14 15 14 15 14 14 15 14 15 14 15 14 15 14
  15 14 15 14 15 14 15 15 14 15 14 15 14 15 14 15 14 15 14 15 14 15 14 14 15 14
  15 14 15 14 15 14 15 14 15 14 15 14 15 15 14 15 14 15 14 15 14 15 14 15 14 15
  14 15 14 14 15 14 15 14 15 14 15 14 15 14 15 14 15 14 15 15 14 15 14 15 14 15
  14 15 14 15 14 15 14 15 14 14 15 14 15 14 15 14 15 14 15 14 15 14 15 14 15 15
  14 15 14 15 14 15 14 15 14 15 14 15 14 15 14 14 15 14 15 14 15 14 15 14 15 14
  15 14 15 14 15 15 14 15 14 15 14 15 14 15 14 15 14 15 14 15 14 14 15 14 15 14
  15 14 15 14 15 14 15 14 15 14 15 15 14 15 14 15 14 15 14 15 14 15 14 15 14 15
  14 14 15 14 15 14 15 14 15 14 15 14 15 14 15 14 15 15 14 15 14 15 14 15 14 15
  14 15 14 15 14 15 14 14 15 14 15 14 15 14 15 14 15 14 15 14 15 14 15 15 14 15
  14 15 14 15 14 15 14 15 14 15 14 15 14 14 15 14 15 14 15 14 15 14 15 14 15 14
  15 14 15 15 14 15 14 15 14 15 14 15 14 15 14 15 14 15 14 14 15 14 15 14 15 14
  15 14 15 14 15 14 15 14 15 15 14 15 14 15 14 15 14 15 14 15 14 15 14 15 14 14
  15 14 15 14 15 14 15 14 15 14 15 14 15 14 15 15 14 15 14 15 14 15 14 15 14 15
  14 15 14 15 14 14 15 14 15 14 15 14 15 14 15 14 15 14 15 14 15 15 14 15 14 15
  14 15 14 15 14 15 14 15 14 15 14 14 15 14 15 14 15 14 15 14 15 14 15 14 15 14
  15 15 14 15 14 15 14 15 14 15 14 15 14 15 14 15 14 14 15 14 15 14 15 14 15 14
  15 14 15 14 15 14 15 15 14 15 14 15 14 15 14 15 14 15 14 15 14 15 14 14 15 14
  15 14 15 14 15 14 15 14 15 14 15 14 15 15 14 15 14 15 14 15 14 15 14 15 14 15
  14 15 14 14 15 14 15 14 15 14 15 14 15 14 15 14 15 14 15 15 14 15 14 15 14 15
  14 15 14 15 14 15 14 15 14 14 15 14 15 14 15 14 15 14 15 14 15 14 15 14 15 15
  14 15 14 15 14 15 14 15 14 15 14 15 14 15 14 14 15 14 15 14 15 14 15 14 15 14
  15 14 15 14 15 15 14 15 14 15 14 15 14 15 14 15 14 15 14 15 14 14 15 14 15 14
  15 14 15 14 15 14 15 14 15 14 15 15 14 15 14 15 14 15 14 15 14 15 14 15 14 15
  14 14 15 14 15 14 15 14 15 14 15 14 15 14 15 14 15 15 14 15 14 15 14 15 14 15
  14 15 14 15 14 15 14 14 15 14 15 14 15 14 15 14 15 14 15 14 15 14 15 15 14 15
  14 15 14 15 14 15 14 15 14 15 14 15 14 14 15 14 15 14 15 14 15 14 15 14 15 14
  15 14 15 15 14 15 14 15 14 15 14 15 14 15 14 15 14 15 14 14 15 14 15 14 15 14
  15 14 15 14 15 14 15 14 15 15 14 15 14 15 14 15 14 15 14 15 14 15 14 15 14 14
  15 14 15 14 15 14 15 14 15 14 15 14 15 14 15 15 14 15 14 15 14 15 14 15 14 15
  14 15 14 15 14 14 15 14 15 14 15 14 15 14 15 14 15 14 15 14 15 15 14 15 14 15
  14 15 14 15 14 15 14 15 14 15 14 14 15 14 15 14 15 14 15 14 15 14 15 14 15 14
  15 15 14 15 14 15 14 15 14 15 14 15 14 15 14 15 14 14 15 14 15 14 15 14 15 14
  15 14 15 14 15 14 15 15 14 15 14 15 14 15 14 15 14 15 14 15 14 15 14 14 15 14
  15 14 15 14 15 14 15 14 15 14 15 14 15 15 14 15 14 15 14 15 14 15 14 15 14 15
  14 15 14 14 15 14 15 14 15 14 15 14 15 14 15 14 15 14 15 15 14 15 14 15 14 15
  14 15 14 15 14 15 14 15 14 14 15 14 15 14 15 14 15 14 15 14 15 14 15 14 15 15
  14 15 14 15 14 15 14 15 14 15 14 15 14 15 14 14 15 14 15 14 15 14 15 14 15 14
  15 14 15 14 15 15 14 15 14 15 14 15 14 15 14 15 14 15 14 15 14 14 15 14 15 14
  15 14 15 14 15 14 15 14 15 14 15 15 14 15 14 15 14 15 14 15 14 15 14 15 14 15
  14 14 15 14 15 14 15 14 15 14 15 14 15 14 15 14 15 15 14 15 14 15 14 15 14 15
  14 15 14 15 14 15 14 14 15 14 15 14 15 14 15 14 15 14 15 14 15 14 15 15 14 15
  14 15 14 15 14 15 14 15 14 15 14 15 14 14 15 14 15 14 15 14 15 14 15 14 15 14
  15 14 15 15 14 15 14 15 14 15 14 15 14 15 14 15 14 15 14 14 15 14 15 14 15 14
  15 14 15 14 15 14 15 14 15 15 14 15 14 15 14 15 14 15 14 15 14 15 14 15 14 14
  15 14 15 14 15 14 15 14 15 14 15 14 15 14 15 15 14 15 14 15 14 15 14 15 14 15
  14 15 14 15 14 14 15 14 15 14 15 14 15 14 15 14 15 14 15 14 15 15 14 15 14 15
  14 15 14 15 14 15 14 15 14 15 14 14 15 14 15 14 15 14 15 14 15 14 15 14 15 14
  15 15 14 15 14 15 14 15 14 15 14 15 14 15 14 15 14 14 15 14 15 14 15 14 15 14
  15 14 15 14 15 14 15 15 14 15 14 15 14 15 14 15 14 15 14 15 14 15 14 14 15 14
  15 14 15 14 15 14 15 14 15 14 15 14 15 15 14 15 14 15 14 15 14 15 14 15 14 15
  14 15 14 14 15 14 15 14 15 14 15 14 15 14 15 14 15 14 15 15 14 15 14 15 14 15
  14 15 14 15 14 15 14 15 14 14 15 14 15 14 15 14 15 14 15 14 15 14 15 14 15 15
  14 15 14 15 14 15 14 15 14 15 14 15 14 15 14 14 15 14 15 14 15 14 15 14 15 14
  15 14 15 14 15 15 14 15 14 15 14 15 14 15 14 15 14 15 14 15 14 14 15 14 15 14
  15 14 15 14 15 14 15 14 15 14 15 15 14 15 14 15 14 15 14 15 14 15 14 15 14 15
  14 14 15 14 15 14 15 14 15 14 15 14 15 14 15 14 15 15 14 15 14 15 14 15 14 15
  14 15 14 15 14 15 14 14 15 14 15 14 15 14 15 14 15 14 15 14 15 14 15 15 14 15
  14 15 14 15 14 15 14 15 14 15 14 15 14 14 15 14 15 14 15 14 15 14 15 14 15 14
  15 14 15 15 14 15 14 15 14 15 14 15 14 15 14 15 14 15 14 14 15 14 15 14 15 14
  15 14 15 14 15 14 15 14 15 15 14 15 14 15 14 15 14 15 14 15 14 15 14 15 14 14
  15 14 15 14 15 14 15 14 15 14 15 14 15 14 15 15 14 15 14 15 14 15 14 15 14 15
  14 15 14 15 14 14 15 14 15 14 15 14 15 14 15 14 15 14 15 14 15 15 14 15 14 15
  14 15 14 15 14 15 14 15 14 15 14 14 15 14 15 14 15 14 15 14 15 14 15 14 15 14
  15 15 14 15 14 15 14 15 14 15 14 15 14 15 14 15 14 14 15 14 15 14 15 14 15 14
  15 14 15 14 15 14 15 15 14 15 14 15 14 15 14 15 14 15 14 15 14 15 14 14 15 14
  15 14 15 14 15 14 15 14 15 14 15 14 15 15 14 15 14 15 14 15 14 15 14 15 14 15
  14 15 14 14 15 14 15 14 15 14 15 14 15 14 15 14 15 14 15 15 14 15 14 15 14 15
  14 15 14 15 14 15 14 15 14 14 15 14 15 14 15 14 15 14 15 14 15 14 15 14 15 15
  14 15 14 15 14 15 14 15 14 15 14 15 14 15 14 14 15 14 15 14 15 14 15 14 15 14
  15 14 15 14 15 15 14 15 14 15 14 15 14 15 14 15 14 15 14 15 14 14 15 14 15 14
  15 14 15 14 15 14 15 14 15 14 15 15 14 15 14 15 14 15 14 15 14 15 14 15 14 15
  14 14 15 14 15 14 15 14 15 14 15 14 15 14 15 14 15 15 14 15 14 15 14 15 14 15
  14 15 14 15 14 15 14 14 15 14 15 14 15 14 15 14 15 14 15 14 15 14 15 15 14 15
  14 15 14 15 14 15 14 15 14 15 14 15 14 14 15 14 15 14 15 14 15 14 15 14 15 14
  15 14 15 15 14 15 14 15 14 15 14 15 14 15 14 15 14 15 14 14 15 14 15 14 15 14
  15 14 15 14 15 14 15 14 15 15 14 15 14 15 14 15 14 15 14 15 14 15 14 15 14 14
  15 14 15 14 15 14 15 14 15 14 15 14 15 14 15 15 14 15 14 15 14 15 14 15 14 15
  14 15 14 15 14 14 15 14 15 14 15 14 15 14 15 14 15 14 15 14 15 15 14 15 14 15
  14 15 14 15 14 15 14 15 14 15 14 14 15 14 15 14 15 14 15 14 15 14 15 14 15 14
  15 15 14 15 14 15 14 15 14 15 14 15 14 15 14 15 14 14 15 14 15 14 15 14 15 14
  15 14 15 14 15 14 15 15 14 15 14 15 14 15 14 15 14 15 14 15 14 15 14 14 15 14
  15 14 15 14 15 14 15 14 15 14 15 14 15 15 14 15 14 15 14 15 14 15 14 15 14 15
  14 15 14 14 15 14 15 14 15 14 15 14 15 14 15 14 15 14 15 15 14 15 14 15 14 15
  14 15 14 15 14 15 14 15 14 14 15 14 15 14 15 14 15 14 15 14 15 14 15 14 15 15
  14 15 14 15 14 15 14 15 14 15 14 15 14 15 14 14 15 14 15 14 15 14 15 14 15 14
  15 14 15 14 15 15 14 15 14 15 14 15 14 15 14 15 14 15 14 15 14 14 15 14 15 14
  15 14 15 14 15 14 15 14 15 14 15 15 14 15 14 15 14 15 14 15 14 15 14 15 14 15
  14 14 15 14 15 14 15 14 15 14 15 14 15 14 15 14 15 15 14 15 14 15 14 15 14 15
  14 15 14 15 14 15 14 14 15 14 15 14 15 14 15 14 15 14 15 14 15 14 15 15 14 15
  14 15 14 15 14 15 14 15 14 15 14 15 14 14 15 14 15 14 15 14 15 14 15 14 15 14
  15 14 15 15 14 15 14 15 14 15 14 15 14 15 14 15 14 15 14 14 15 14 15 14 15 14
  15 14 15 14 15 14 15 14 15) 