
#(0 0 0 0 0 0 0 0 0 0 0 0 0 0 0 0 0 0 0 0 0 0 0 0 0 0 0 0 0 0 0 0 0 0 0 0 0 0 0
  0 0 0 0 0 0 0 0 0 0 0 0 0 0 0 0 0 0 0 0 0 0 0 0 0 0 0 0 0 0 0 0 0 0 0 0 0 0 0
  0 0 0 0 0 0 0 0 0 0 0 0 0 0 0 0 0 0 0 0 0 0 0 0 0 0 0 0 0 0 0 0 0 0 0 0 0 0 0
  0 0 0 0 0 0 0 0 0 0 0 0 0 0 0 0 0 0 0 0 0 0 0 0 0 0 0 0 0 0 0 0 0 0 0 0 0 0 0
  0 0 0 0 0 0 0 0 0 0 0 0 0 0 0 0 0 0 0 0 0 0 0 0 0 0 0 0 0 0 0 0 0 0 0 0 0 0 0
  0 0 0 0 0 0 0 0 0 0 0 0 0 0 0 0 0 0 0 0 0 0 0 0 0 0 0 0 0 0 0 0 0 0 0 0 0 0 0
  0 0 0 0 0 0 0 0 0 0 0 0 0 0 0 0 0 0 0 0 0 0 0 0 0 0 0 0 0 0 0 0 0 0 0 0 0 0 0
  0 0 0 0 0 0 0 0 0 0 0 0 0 0 0 0 0 0 0 0 0 0 0 0 0 0 0 0 0 0 0 0 0 0 0 0 0 0 0
  0 0 0 0 0 0 0 0 0 0 0 0 0 0 0 0 0 0 0 0 0 0 0 0 0 0 0 0 0 0 0 0 0 0 0 0 0 0 0
  0 0 0 0 0 0 0 0 0 0 0 0 0 0 0 0 0 0 0 0 0 0 0 0 0 0 0 0 0 0 0 0 0 0 0 0 0 0 0
  0 0 0 0 0 0 0 0 0 0 0 0 0 0 0 0 0 0 0 0 0 0 0 0 0 0 0 0 0 0 0 0 0 0 0 0 0 0 0
  0 0 0 0 0 0 0 0 0 0 0 0 0 0 0 0 0 0 0 0 0 0 0 0 0 0 0 0 0 0 0 0 0 0 0 0 0 0 0
  0 0 0 0 0 0 0 0 0 0 0 0 0 0 0 0 0 0 0 0 0 0 0 0 0 0 0 0 0 0 0 0 0 0 0 0 0 0 0
  0 0 0 0 0 0 0 0 0 0 0 0 0 0 0 0 0 0 0 0 0 0 0 0 0 0 0 0 0 0 0 0 0 0 0 0 0 0 0
  0 0 0 0 0 0 0 0 0 0 0 0 0 0 0 0 0 0 0 0 0 0 0 0 0 0 0 0 0 0 0 0 0 0 0 0 0 0 0
  0 0 0 0 0 0 0 0 0 0 0 0 0 0 0 0 0 0 0 0 0 0 0 0 0 0 0 0 0 0 0 0 0 0 0 0 0 0 0
  0 0 0 0 0 0 0 0 0 0 0 0 0 0 0 0 0 0 0 0 0 0 0 0 0 0 0 0 0 0 0 0 0 0 0 0 0 0 0
  0 0 0 0 0 0 0 0 0 0 0 0 0 0 0 0 0 0 0 0 0 0 0 0 0 0 0 0 0 0 0 0 0 0 0 0 0 0 0
  0 0 0 0 0 0 0 0 0 0 0 0 0 0 0 0 0 0 0 0 0 0 0 0 0 0 0 0 0 0 0 0 0 0 0 0 0 0 0
  0 0 0 0 0 0 0 0 0 0 0 0 0 0 0 0 0 0 0 0 0 0 0 0 0 0 0 0 0 0 0 0 0 0 0 0 0 0 0
  0 0 0 0 0 0 0 0 0 0 0 0 0 0 0 0 0 0 0 0 0 0 0 0 0 0 0 0 0 0 0 0 0 0 0 0 0 0 0
  0 0 0 0 0 0 0 0 0 0 0 0 0 0 0 0 0 0 0 0 0 0 0 0 0 0 0 0 0 0 0 0 0 0 0 0 0 0 0
  0 0 0 0 0 0 0 0 0 0 0 0 0 0 0 0 0 0 0 0 0 0 0 0 0 0 0 0 0 0 0 0 0 0 0 0 0 0 0
  0 0 0 0 0 0 0 0 0 0 0 0 0 0 0 0 0 0 0 0 0 0 0 0 0 0 0 0 0 0 0 0 0 0 0 0 0 0 0
  0 0 0 0 0 0 0 0 0 0 0 0 0 0 0 0 0 0 0 0 0 0 0 0 0 0 0 0 0 0 0 0 0 0 0 0 0 0 0
  0 0 0 0 0 0 0 0 0 0 0 0 0 0 0 0 0 0 0 0 0 0 0 0 0 0 0 0 0 0 0 0 0 0 0 0 0 0 0
  0 0 0 0 0 0 0 0 0 0 0 0 0 0 0 0 0 0 0 0 0 0 0 0 0 0 0 0 0 0 0 0 0 0 0 0 0 0 0
  0 0 0 0 0 0 0 0 0 0 0 0 0 0 0 0 0 0 0 0 0 0 0 0 0 0 0 0 0 0 0 0 0 0 0 0 0 0 0
  0 0 0 0 0 0 0 0 0 0 0 0 0 0 0 0 0 0 0 0 0 0 0 0 0 0 0 0 0 0 0 0 0 0 0 0 0 0 0
  0 0 0 0 0 0 0 0 0 0 0 0 0 0 0 0 0 0 0 0 0 0 0 0 0 0 0 0 0 0 0 0 0 0 0 0 0 0 0
  0 0 0 0 0 0 0 0 0 0 0 0 0 0 0 0 0 0 0 0 0 0 0 0 0 0 0 0 0 0 0 0 0 0 0 0 0 0 0
  0 0 0 0 0 0 0 0 0 0 0 0 0 0 0 0 0 0 0 0 0 0 0 0 0 0 0 0 0 0 0 0 0 0 0 0 0 0 0
  0 0 0 0 0 0 0 0 0 0 0 0 0 0 0 0 0 0 0 0 0 0 0 0 0 0 0 0 0 0 0 0 0 0 0 0 0 0 0
  0 0 0 0 0 0 0 0 0 0 0 0 0 0 0 0 0 0 0 0 0 0 0 0 0 0 0 0 0 0 0 0 0 0 0 0 0 0 0
  0 0 0 0 0 0 0 0 0 0 0 0 0 0 0 0 0 0 0 0 0 0 0 0 0 0 0 0 0 0 0 0 0 0 0 0 0 0 0
  0 0 0 0 0 0 0 0 0 0 0 0 0 0 0 0 0 0 0 0 0 0 0 0 0 0 0 0 0 0 0 0 0 0 0 0 0 0 0
  0 0 0 0 0 0 0 0 0 0 0 0 0 0 0 0 0 0 0 0 0 0 0 0 0 0 0 0 0 0 0 0 0 0 0 0 0 0 0
  0 0 0 0 0 0 0 0 0 0 0 0 0 0 0 0 0 0 0 0 0 0 0 0 0 0 0 0 0 0 0 0 0 0 0 0 0 0 0
  0 0 0 0 0 0 0 0 0 0 0 0 0 0 0 0 0 0 0 0 0 0 0 0 0 0 0 0 0 0 0 0 0 0 0 0 0 0 0
  0 0 0 0 0 0 0 0 0 0 0 0 0 0 0 0 0 0 0 0 0 0 0 0 0 0 0 0 0 0 0 0 0 0 0 0 0 0 0
  0 0 0 0 0 0 0 0 0 0 0 0 0 0 0 0 0 0 0 0 0 0 0 0 0 0 0 0 0 0 0 0 0 0 0 0 0 0 0
  0 0 0 0 0 0 0 0 0 0 0 0 0 0 0 0 0 0 0 0 0 0 0 0 0 0 0 0 0 0 0 0 0 0 0 0 0 0 0
  0 0 0 0 0 0 0 0 0 0 0 0 0 0 0 0 0 0 0 0 0 0 0 0 0 0 0 0 0 0 0 0 0 0 0 0 0 0 0
  0 0 0 0 0 0 0 0 0 0 0 0 0 0 0 0 0 0 0 0 0 0 0 0 0 0 0 0 0 0 0 0 0 0 0 0 0 0 0
  0 0 0 0 0 0 0 0 0 0 0 0 0 0 0 0 0 0 0 0 0 0 0 0 0 0 0 0 0 0 0 0 0 0 0 0 0 0 0
  0 0 0 0 0 0 0 0 0 0 0 0 0 0 0 0 0 0 0 0 0 0 0 0 0 0 0 0 0 0 0 0 0 0 0 0 0 0 0
  0 0 0 0 0 0 0 0 0 0 0 0 0 0 0 0 0 0 0 0 0 0 0 0 0 0 0 0 0 0 0 0 0 0 0 0 0 0 0
  0 0 0 0 0 0 0 0 0 0 0 0 0 0 0 0 0 0 0 0 0 0 0 0 0 0 0 0 0 0 0 0 0 0 0 0 0 0 0
  0 0 0 0 0 0 0 0 0 0 0 0 0 0 0 0 0 0 0 0 0 0 0 0 0 0 0 0 0 0 0 0 0 0 0 0 0 0 0
  0 0 0 0 0 0 0 0 0 0 0 0 0 0 0 0 0 0 0 0 0 0 0 0 0 0 0 0 0 0 0 0 0 0 0 0 0 0 0
  0 0 0 0 0 0 0 0 0 0 0 0 0 0 0 0 0 0 0 0 0 0 0 0 0 0 0 0 0 0 0 0 0 0 0 0 0 0 0
  0 0 0 0 0 0 0 0 0 0 0 0 0 0 0 0 0 0 0 0 0 0 0 0 0 0 0 0 0 0 0 0 0 0 0 0 0 0 0
  0 0 0 0 0 0 0 0 0 0 0 0 0 0 0 0 0 0 0 0 0 0 0 0 0 0 0 0 0 0 0 0 0 0 0 0 0 0 0
  0 0 0 0 0 0 0 0 0 0 0 0 0 0 0 0 0 0 0 0 0 0 0 0 0 0 0 0 0 0 0 0 0 0 0 0 0 0 0
  0 0 0 0 0 0 0 0 0 0 0 0 0 0 0 0 0 0 0 0 0 0 0 0 0 0 0 0 0 0 0 0 0 0 0 0 0 0 0
  0 0 0 0 0 0 0 0 0 0 0 0 0 0 0 0 0 0 0 0 0 0 0 0 0 0 0 0 0 0 0 0 0 0 0 0 0 0 0
  0 0 0 0 0 0 0 0 0 0 0 0 0 0 0 0 0 0 0 0 0 0 0 0 0 0 0 0 0 0 0 0 0 0 0 0 0 0 0
  0 0 0 0 0 0 0 0 0 0 0 0 0 0 0 0 0 0 0 0 0 0 0 0 0 0 0 0 0 0 0 0 0 0 0 0 0 0 0
  0 0 0 0 0 0 0 0 0 0 0 0 0 0 0 0 0 0 0 0 0 0 0 0 0 0 0 0 0 0 0 0 0 0 0 0 0 0 0
  0 0 0 0 0 0 0 0 0 0 0 0 0 0 0 0 0 0 0 0 0 0 0 0 0 0 0 0 0 0 0 0 0 0 0 0 0 0 0
  0 0 0 0 0 0 0 0 0 0 0 0 0 0 0 0 0 0 0 0 0 0 0 0 0 0 0 0 0 0 0 0 0 0 0 0 0 0 0
  0 0 0 0 0 0 0 0 0 0 0 0 0 0 0 0 0 0 0 0 0 0 0 0 0 0 0 0 0 0 0 0 0 0 0 0 0 0 0
  0 0 0 0 0 0 0 0 0 0 0 0 0 0 0 0 0 0 0 0 0 0 0 0 0 0 0 0 0 0 0 0 0 0 0 0 0 0 0
  0 0 0 0 0 0 0 0 0 0 0 0 0 0 0 0 0 0 0 0 0 0 0 0 0 0 0 0 0 0 0 0 0 0 0 0 0 0 0
  0 0 0 0 0 0 0 0 0 0 0 0 0 0 0 0 0 0 0 0 0 0 0 0 0 0 0 0 0 0 0 0 0 0 0 0 0 0 0
  0 0 0 0 0 0 0 0 0 0 0 0 0 0 0 0 0 0 0 0 0 0 0 0 0 0 0 0 0 0 0 0 0 0 0 0 0 0 0
  0 0 0 0 0 0 0 0 0 0 0 0 0 0 0 0 0 0 0 0 0 0 0 0 0 0 0 0 0 0 0 0 0 0 0 0 0 0 0
  0 0 0 0 0 0 0 0 0 0 0 0 0 0 0 0 0 0 0 0 0 0 0 0 0 0 0 0 0 0 0 0 0 0 0 0 0 0 0
  0 0 0 0 0 0 0 0 0 0 0 0 0 0 0 0 0 0 0 0 0 0 0 0 0 0 0 0 0 0 0 0 0 0 0 0 0 0 0
  0 0 0 0 0 0 0 0 0 0 0 0 0 0 0 0 0 0 0 0 0 0 0 0 0 0 0 0 0 0 0 0 0 0 0 0 0 0 0
  0 0 0 0 0 0 0 0 0 0 0 0 0 0 0 0 0 0 0 0 0 0 0 0 0 0 0 0 0 0 0 0 0 0 0 0 0 0 0
  0 0 0 0 0 0 0 0 0 0 0 0 0 0 0 0 0 0 0 0 0 0 0 0 0 0 0 0 0 0 0 0 0 0 0 0 0 0 0
  0 0 0 0 0 0 0 0 0 0 0 0 0 0 0 0 0 0 0 0 0 0 0 0 0 0 0 0 0 0 0 0 0 0 0 0 0 0 0
  0 0 0 0 0 0 0 0 0 0 0 0 0 0 0 0 0 0 0 0 0 0 0 0 0 0 0 0 0 0 0 0 0 0 0 0 0 0 0
  0 0 0 0 0 0 0 0 0 0 0 0 0 0 0 0 0 0 0 0 0 0 0 0 0 0 0 0 0 0 0 0 0 0 0 0 0 0 0
  0 0 0 0 0 0 0 0 0 0 0 0 0 0 0 0 0 0 0 0 0 0 0 0 0 0 0 0 0 0 0 0 0 0 0 0 0 0 0
  0 0 0 0 0 0 0 0 0 0 0 0 0 0 0 0 0 0 0 0 0 0 0 0 0 0 0 0 0 0 0 0 0 0 0 0 0 0 0
  0 0 0 0 0 0 0 0 0 0 0 0 0 0 0 0 0 0 0 0 0 0 0 0 0 0 0 0 0 0 0 0 0 0 0 0 0 0 0
  0 0 0 0 0 0 0 0 0 0 0 0 0 0 0 0 0 0 0 0 0 0 0 0 0 0 0 0 0 0 24 24 24 24 24 24
  24 24 24 24 24 24 24 24 24 24 24 24 24 24 24 24 24 24 24 24 24 24 24 24 24 24
  24 24 24 24 24 24 24 24 24 24 24 24 24 24 24 24 24 24 24 24 24 24 24 24 24 24
  24 24 24 24 24 24 24 24 24 24 24 24 24 24 24 24 24 24 24 24 24 24 24 24 24 24
  24 24 24 24 24 24 0 0 0 0 0 0 24 24 24 24 24 24 24 24 24 24 0 0 0 0 0 0 24 24
  24 24 24 24 24 24 24 24 0 0 0 0 0 0 24 24 24 24 24 24 24 24 24 24 0 0 0 0 0 0
  24 24 24 24 24 24 24 24 24 24 0 0 0 0 0 0 24 24 24 24 24 24 24 24 24 24 0 0 0
  0 0 0 24 24 24 24 24 24 24 24 24 24 0 0 0 0 0 0 24 24 24 24 24 24 24 24 24 24
  0 0 0 0 0 0 24 24 24 24 24 24 24 24 24 24 0 0 0 0 0 0 24 24 24 24 24 24 24 24
  24 24 0 0 0 0 0 0 24 24 24 24 24 24 24 24 24 24 0 0 0 0 0 0 24 24 24 24 24 24
  24 24 24 24 24 24 24 24 24 24 24 24 24 24 24 24 24 24 24 24 24 24 24 24 24 24
  24 24 24 24 24 24 24 0 0 0 0 0 0 0 0 0 24 24 24 24 24 24 0 0 0 0 0 0 0 0 0 0
  24 24 24 24 24 24 0 0 0 0 0 0 0 0 0 0 24 24 24 24 24 24 0 0 0 0 0 0 0 0 0 0
  24 24 24 24 24 24 0 0 0 0 0 0 0 0 0 0 24 24 24 24 24 24 0 0 0 0 0 0 0 0 0 0
  24 24 24 24 24 24 0 0 0 0 0 0 0 0 0 0 24 24 24 24 24 24 0 0 0 0 0 0 0 0 0 0
  24 24 24 24 24 24 0 0 0 0 0 0 0 0 0 0 24 24 24 24 24 24 0 0 0 0 0 0 0 0 0 0
  24 24 24 24 24 24 0 0 0 0 0 0 0 0 0 0 24 24 24 24 24 24 0 0 0 0 0 0 0 0 0 0
  24 24 24 24 24 24 0 0 0 0 0 0 0 0 0 0 24 24 24 24 24 24 0 0 0 0 0 0 0 0 0 0
  24 24 0 0 0 0 0 0 0 0 0 0 0 0 0 0 24 24 0 0 0 0 0 0 0 0 0 0 0 0 0 0 24 24 0 0
  0 0 0 0 0 0 0 0 0 0 0 0 24 24 0 0 0 0 0 0 0 0 0 0 0 0 0 0 24 24 0 0 0 0 0 0 0
  0 0 0 0 0 0 0 24 24 0 0 0 0 0 0 0 0 0 0 0 0 0 0 24 24 0 0 0 0 0 0 0 0 0 0 0 0
  0 0 24 24 0 0 0 0 0 0 0 0 0 0 0 0 0 0 24 24 0 0 0 0 0 0 0 0 0 0 0 0 0 0 24 24
  0 0 0 0 0 0 0 0 0 0 0 0 0 0 24 24 0 0 0 0 0 0 0 0 0 0 0 0 0 0 24 24 0 0 0 0 0
  0 0 0 0 0 0 0 0 0 24 24 0 0 0 0 0 0 0 0 0 0 0 0 0 0 24 24 0 0 0 0 0 0 0 0 0 0
  0 0 0 0 24 24 0 0 0 0 0 0 0 0 0 0 0 0 0 0 24 24 0 0 0 0 0 0 0 0 0 0 0 0 0 0 0
  0 0 0 0 0 0 0 0 0 0 0 0 0 0 0 0 0 0 0 0 0 0 0 0 0 0 0 0 0 0 0 0 0 0 0 0 0 0 0
  0 0 0 0 0 0 0 0 0 0 0 0 0 0 0 0 0 0 0 0 0 0 0 0 0 0 0 0 0 0 0 0 0 0 0 0 0 0 0
  0 0 0 0 0 0 0 0 0 0 0 0 0 0 0 0 0 0 0 0 0 0 0 0 0 0 0 0 0 0 0 0 0 0 0 0 0 0 0
  0 0 0 0 0 0 0 0 0 0 0 0 0 0 0 0 0 0 0 0 0 0 0 0 0 0 0 0 0 0 0 0 0 0 0 0 0 0 0
  0 0 0 0 0 0 0 0 0 0 0 0 0 0 0 0 0 0 0 0 0 0 0 0 0 0 0 0 0 0 0 0 0 0 0 0 0 0 0
  0 0 0 0 0 0 0 0 0 0 0 0 0 0 0 0 0 0 0 0 0 0 0 0 0 0 0 0 0 0 0 0 0 0 0 0 0 0 0
  0 0 0 0 0 0 0 0 0 0 0 0 0 0 0 0 0 0 0 0 0) 
#(0 0 0 0 0 0 0 0 0 0 0 0 0 0 0 0 0 0 0 0 0 0 0 0 0 0 0 0 0 0 0 0 0 0 0 0 0 0 0
  0 0 0 0 0 0 0 0 0 0 0 0 0 0 0 0 0 0 0 0 0 0 0 0 0 0 0 0 0 0 0 0 0 0 0 0 0 0 0
  0 0 0 0 0 0 0 0 0 0 0 0 0 0 0 0 0 0 0 0 0 0 0 0 0 0 0 0 0 0 0 0 0 0 0 0 0 0 0
  0 0 0 0 0 0 0 0 0 0 0 0 0 0 0 0 0 0 0 0 0 0 0 0 0 0 0 0 0 0 0 0 0 0 0 0 0 0 0
  0 0 0 0 0 0 0 0 0 0 0 0 0 0 0 0 0 0 0 0 0 0 0 0 0 0 0 0 0 0 0 0 0 0 0 0 0 0 0
  0 0 0 0 0 0 0 0 0 0 0 0 0 0 0 0 0 0 0 0 0 0 0 0 0 0 0 0 0 0 0 0 0 0 0 0 0 0 0
  0 0 0 0 0 0 0 0 0 0 0 0 0 0 0 0 0 0 0 0 0 0 0 0 0 0 0 0 0 0 0 0 0 0 0 0 0 0 0
  0 0 0 0 0 0 0 0 0 0 0 0 0 0 0 0 0 0 0 0 0 0 0 0 0 0 0 0 0 0 0 0 0 0 0 0 0 0 0
  0 0 0 0 0 0 0 0 0 0 0 0 0 0 0 0 0 0 0 0 0 0 0 0 0 0 0 0 0 0 0 0 0 0 0 0 0 0 0
  0 0 0 0 0 0 0 0 0 0 0 0 0 0 0 0 0 0 0 0 0 0 0 0 0 0 0 0 0 0 0 0 0 0 0 0 0 0 0
  0 0 0 0 0 0 0 0 0 0 0 0 0 0 0 0 0 0 0 0 0 0 0 0 0 0 0 0 0 0 0 0 0 0 0 0 0 0 0
  0 0 0 0 0 0 0 0 0 0 0 0 0 0 0 0 0 0 0 0 0 0 0 0 0 0 0 0 0 0 0 0 0 0 0 0 0 0 0
  0 0 0 0 0 0 0 0 0 0 0 0 0 0 0 0 0 0 0 0 0 0 0 0 0 0 0 0 0 0 0 0 0 0 0 0 0 0 0
  0 0 0 0 0 0 0 0 0 0 0 0 0 0 0 0 0 0 0 0 0 0 0 0 0 0 0 0 0 0 0 0 0 0 0 0 0 0 0
  0 0 0 0 0 0 0 0 0 0 0 0 0 0 0 0 0 0 0 0 0 0 0 0 0 0 0 0 0 0 0 0 0 0 0 0 0 0 0
  0 0 0 0 0 0 0 0 0 0 0 0 0 0 0 0 0 0 0 0 0 0 0 0 0 0 0 0 0 0 0 0 0 0 0 0 0 0 0
  0 0 0 0 0 0 0 0 0 0 0 0 0 0 0 0 0 0 0 0 0 0 0 0 0 0 0 0 0 0 0 0 0 0 0 0 0 0 0
  0 0 0 0 0 0 0 0 0 0 0 0 0 0 0 0 0 0 0 0 0 0 0 0 0 0 0 0 0 0 0 0 0 0 0 0 0 0 0
  0 0 0 0 0 0 0 0 0 0 0 0 0 0 0 0 0 0 0 0 0 0 0 0 0 0 0 0 0 0 0 0 0 0 0 0 0 0 0
  0 0 0 0 0 0 0 0 0 0 0 0 0 0 0 0 0 0 0 0 0 0 0 0 0 0 0 0 0 0 0 0 0 0 0 0 0 0 0
  0 0 0 0 0 0 0 0 0 0 0 0 0 0 0 0 0 0 0 0 0 0 0 0 0 0 0 0 0 0 0 0 0 0 0 0 0 0 0
  0 0 0 0 0 0 0 0 0 0 0 0 0 0 0 0 0 0 0 0 0 0 0 0 0 0 0 0 0 0 0 0 0 0 0 0 0 0 0
  0 0 0 0 0 0 0 0 0 0 0 0 0 0 0 0 0 0 0 0 0 0 0 0 0 0 0 0 0 0 0 0 0 0 0 0 0 0 0
  0 0 0 0 0 0 0 0 0 0 0 0 0 0 0 0 0 0 0 0 0 0 0 0 0 0 0 0 0 0 0 0 0 0 0 0 0 0 0
  0 0 0 0 0 0 0 0 0 0 0 0 0 0 0 0 0 0 0 0 0 0 0 0 0 0 0 0 0 0 0 0 0 0 0 0 0 0 0
  0 0 0 0 0 0 0 0 0 0 0 0 0 0 0 0 0 0 0 0 0 0 0 0 0 0 0 0 0 0 0 0 0 0 0 0 0 0 0
  0 0 0 0 0 0 0 0 0 0 0 0 0 0 0 0 0 0 0 0 0 0 0 0 0 0 0 0 0 0 0 0 0 0 0 0 0 0 0
  0 0 0 0 0 0 0 0 0 0 0 0 0 0 0 0 0 0 0 0 0 0 0 0 0 0 0 0 0 0 0 0 0 0 0 0 0 0 0
  0 0 0 0 0 0 0 0 0 0 0 0 0 0 0 0 0 0 0 0 0 0 0 0 0 0 0 0 0 0 0 0 0 0 0 0 0 0 0
  0 0 0 0 0 0 0 0 0 0 0 0 0 0 0 0 0 0 0 0 0 0 0 0 0 0 0 0 0 0 0 0 0 0 0 0 0 0 0
  0 0 0 0 0 0 0 0 0 0 0 0 0 0 0 0 0 0 0 0 0 0 0 0 0 0 0 0 0 0 0 0 0 0 0 0 0 0 0
  0 0 0 0 0 0 0 0 0 0 0 0 0 0 0 0 0 0 0 0 0 0 0 0 0 0 0 0 0 0 0 0 0 0 0 0 0 0 0
  0 0 0 0 0 0 0 0 0 0 0 0 0 0 0 0 0 0 0 0 0 0 0 0 0 0 0 0 0 0 0 0 0 0 0 0 0 0 0
  0 0 0 0 0 0 0 0 0 0 0 0 0 0 0 0 0 0 0 0 0 0 0 0 0 0 0 0 0 0 0 0 0 0 0 0 0 0 0
  0 0 0 0 0 0 0 0 0 0 0 0 0 0 0 0 0 0 0 0 0 0 0 0 0 0 0 0 0 0 0 0 0 0 0 0 0 0 0
  0 0 0 0 0 0 0 0 0 0 0 0 0 0 0 0 0 0 0 0 0 0 0 0 0 0 0 0 0 0 0 0 0 0 0 0 0 0 0
  0 0 0 0 0 0 0 0 0 0 0 0 0 0 0 0 0 0 0 0 0 0 0 0 0 0 0 0 0 0 0 0 0 0 0 0 0 0 0
  0 0 0 0 0 0 0 0 0 0 0 0 0 0 0 0 0 0 0 0 0 0 0 0 0 0 0 0 0 0 0 0 0 0 0 0 0 0 0
  0 0 0 0 0 0 0 0 0 0 0 0 0 0 0 0 0 0 0 0 0 0 0 0 0 0 0 0 0 0 0 0 0 0 0 0 0 0 0
  0 0 0 0 0 0 0 0 0 0 0 0 0 0 0 0 0 0 0 0 0 0 0 0 0 0 0 0 0 0 0 0 0 0 0 0 0 0 0
  0 0 0 0 0 0 0 0 0 0 0 0 0 0 0 0 0 0 0 0 0 0 0 0 0 0 0 0 0 0 0 0 0 0 0 0 0 0 0
  0 0 0 0 0 0 0 0 0 0 0 0 0 0 0 0 0 0 0 0 0 0 0 0 0 0 0 0 0 0 0 0 0 0 0 0 0 0 0
  0 0 0 0 0 0 0 0 0 0 0 0 0 0 0 0 0 0 0 0 0 0 0 0 0 0 0 0 0 0 0 0 0 0 0 0 0 0 0
  0 0 0 0 0 0 0 0 0 0 0 0 0 0 0 0 0 0 0 0 0 0 0 0 0 0 0 0 0 0 0 0 0 0 0 0 0 0 0
  0 0 0 0 0 0 0 0 0 0 0 0 0 0 0 0 0 0 0 0 0 0 0 0 0 0 0 0 0 0 0 0 0 0 0 0 0 0 0
  0 0 0 0 0 0 0 0 0 0 0 0 0 0 0 0 0 0 0 0 0 0 0 0 0 0 0 0 0 0 0 0 0 0 0 0 0 0 0
  0 0 0 0 0 0 0 0 0 0 0 0 0 0 0 0 0 0 0 0 0 0 0 0 0 0 0 0 0 0 0 0 0 0 0 0 0 0 0
  0 0 0 0 0 0 0 0 0 0 0 0 0 0 0 0 0 0 0 0 0 0 0 0 0 0 0 0 0 0 0 0 0 0 0 0 0 0 0
  0 0 0 0 0 0 0 0 0 0 0 0 0 0 0 0 0 0 0 0 0 0 0 0 0 0 0 0 0 0 0 0 0 0 0 0 0 0 0
  0 0 0 0 0 0 0 0 0 0 0 0 0 0 0 0 0 0 0 0 0 0 0 0 0 0 0 0 0 0 0 0 0 0 0 0 0 0 0
  0 0 0 0 0 0 0 0 0 0 0 0 0 0 0 0 0 0 0 0 0 0 0 0 0 0 0 0 0 0 0 0 0 0 0 0 0 0 0
  0 0 0 0 0 0 0 0 0 0 0 0 0 0 0 0 0 0 0 0 0 0 0 0 0 0 0 0 0 0 0 0 0 0 0 0 0 0 0
  0 0 0 0 0 0 0 0 0 0 0 0 0 0 0 0 0 0 0 0 0 0 0 0 0 0 0 0 0 0 0 0 0 0 0 0 0 0 0
  0 0 0 0 0 0 0 0 0 0 0 0 0 0 0 0 0 0 0 0 0 0 0 0 0 0 0 0 0 0 0 0 0 0 0 0 0 0 0
  0 0 0 0 0 0 0 0 0 0 0 0 0 0 0 0 0 0 0 0 0 0 0 0 0 0 0 0 0 0 0 0 0 0 0 0 0 0 0
  0 0 0 0 0 0 0 0 0 0 0 0 0 0 0 0 0 0 0 0 0 0 0 0 0 0 0 0 0 0 0 0 0 0 0 0 0 0 0
  0 0 0 0 0 0 0 0 0 0 0 0 0 0 0 0 0 0 0 0 0 0 0 0 0 0 0 0 0 0 0 0 0 0 0 0 0 0 0
  0 0 0 0 0 0 0 0 0 0 0 0 0 0 0 0 0 0 0 0 0 0 0 0 0 0 0 0 0 0 0 0 0 0 0 0 0 0 0
  0 0 0 0 0 0 0 0 0 0 0 0 0 0 0 0 0 0 0 0 0 0 0 0 0 0 0 0 0 0 0 0 0 0 0 0 0 0 0
  0 0 0 0 0 0 0 0 0 0 0 0 0 0 0 0 0 0 0 0 0 0 0 0 0 0 0 0 0 0 0 0 0 0 0 0 0 0 0
  0 0 0 0 0 0 0 0 0 0 0 0 0 0 0 0 0 0 0 0 0 0 0 0 0 0 0 0 0 0 0 0 0 0 0 0 0 0 0
  0 0 0 0 0 0 0 0 0 0 0 0 0 0 0 0 0 0 0 0 0 0 0 0 0 0 0 0 0 0 0 0 0 0 0 0 0 0 0
  0 0 0 0 0 0 0 0 0 0 0 0 0 0 0 0 0 0 0 0 0 0 0 0 0 0 0 0 0 0 0 0 0 0 0 0 0 0 0
  0 0 0 0 0 0 0 0 0 0 0 0 0 0 0 0 0 0 0 0 0 0 0 0 0 0 0 0 0 0 0 0 0 0 0 0 0 0 0
  0 0 0 0 0 0 0 0 0 0 0 0 0 0 0 0 0 0 0 0 0 0 0 0 0 0 0 0 0 0 0 0 0 0 0 0 0 0 0
  0 0 0 0 0 0 0 0 0 0 0 0 0 0 0 0 0 0 0 0 0 0 0 0 0 0 0 0 0 0 0 0 0 0 0 0 0 0 0
  0 0 0 0 0 0 0 0 0 0 0 0 0 0 0 0 0 0 0 0 0 0 0 0 0 0 0 0 0 0 0 0 0 0 0 0 0 0 0
  0 0 0 0 0 0 0 0 0 0 0 0 0 0 0 0 0 0 0 0 0 0 0 0 0 0 0 0 0 0 0 0 0 0 0 0 0 0 0
  0 0 0 0 0 0 0 0 0 0 0 0 0 0 0 0 0 0 0 0 0 0 0 0 0 0 0 0 0 0 0 0 0 0 0 0 0 0 0
  0 0 0 0 0 0 0 0 0 0 0 0 0 0 0 0 0 0 0 0 0 0 0 0 0 0 0 0 0 0 0 0 0 0 0 0 0 0 0
  0 0 0 0 0 0 0 0 0 0 0 0 0 0 0 0 0 0 0 0 0 0 0 0 0 0 0 0 0 0 0 0 0 0 0 0 0 0 0
  0 0 0 0 0 0 0 0 0 0 0 0 0 0 0 0 0 0 0 0 0 0 0 0 0 0 0 0 0 0 0 0 0 0 0 0 0 0 0
  0 0 0 0 0 0 0 0 0 0 0 0 0 0 0 0 0 0 0 0 0 0 0 0 0 0 0 0 0 0 0 0 0 0 0 0 0 0 0
  0 0 0 0 0 0 0 0 0 0 0 0 0 0 0 0 0 0 0 0 0 0 0 0 0 0 0 0 0 0 0 0 0 0 0 0 0 0 0
  0 0 0 0 0 0 0 0 0 0 0 0 0 0 0 0 0 0 0 0 0 0 0 0 0 0 0 0 0 0 0 0 0 0 0 0 0 0 0
  0 0 0 0 0 0 0 0 0 0 0 0 0 0 0 0 0 0 0 0 0 0 0 0 0 0 0 0 0 0 0 0 0 0 0 0 0 0 0
  0 0 0 0 0 0 0 0 0 0 0 0 0 0 0 0 0 0 0 0 0 0 0 0 0 0 0 0 0 0 0 0 0 0 0 0 0 0 0
  0 0 0 0 0 0 0 0 0 0 0 0 0 0 0 0 0 0 0 0 0 0 0 0 0 0 0 0 0 0 0 0 0 0 0 0 0 0 0
  0 0 0 0 0 0 0 0 0 0 0 0 0 0 0 0 0 0 0 0 0 0 0 0 0 0 0 0 0 0 0 0 0 0 0 0 0 0 0
  0 0 0 0 0 0 0 0 0 0 0 0 0 0 0 0 0 0 0 0 0 0 0 0 0 0 0 0 0 0 0 0 0 0 0 0 0 0 0
  0 0 0 0 0 0 0 0 0 0 0 0 0 0 0 0 0 0 0 0 0 0 0 0 0 0 0 0 0 0 0 0 0 0 0 0 0 0 0
  0 0 0 0 0 0 0 0 0 0 0 0 0 0 0 0 0 0 0 0 0 0 0 0 0 0 0 0 0 0 0 0 0 0 0 0 0 0 0
  0 0 0 0 0 0 0 0 0 0 0 0 0 0 0 0 0 0 0 0 0 0 0 0 0 0 0 0 0 0 0 0 0 0 0 0 0 0 0
  0 0 0 0 0 0 0 0 0 0 0 0 0 0 0 0 0 0 0 0 0 0 0 0 0 0 0 0 0 0 0 0 0 0 0 0 0 0 0
  0 0 0 0 0 0 0 0 0 0 0 0 0 0 0 0 0 0 0 0 0 0 0 0 0 0 0 0 0 0 0 0 0 0 0 0 0 0 0
  0 0 0 0 0 0 0 0 0 0 0 0 0 0 0 0 0 0 0 0 0 0 0 0 0 0 0 0 0 0 0 0 0 0 0 0 0 0 0
  0 0 0 0 0 0 0 0 0 0 0 0 0 0 0 0 0 0 0 0 0 0 0 0 0 0 0 0 0 0 0 0 0 0 0 0 0 0 0
  0 0 0 0 0 0 0 0 0 0 0 0 0 0 0 0 0 0 0 0 0 0 0 0 0 0 0 0 0 0 0 0 0 0 0 0 0 0 0
  0 0 0 0 0 0 0 0 0 0 0 0 0 0 0 0 0 0 0 0 0 0 0 0 0 0 0 0 0 0 0 0 0 0 0 0 0 0 0
  0 0 0 0 0 0 0 0 0 0 0 0 0 0 0 0 0 0 0 0 0 0 0 0 0 0 0 0 0 0 0 0 0 0 0 0 0 0 0
  0 0 0 0 0 0 0 0 0 0 0 0 0 0 0 0 0 0 0 0 0 0 0 0 0 0 0 0 0 0 0 0 0 0 0 0 0 0 0
  0 0 0 0 0 0 0 0 0 0 0 0 0 0 0 0 0 0 0 0 0 0 0 0 0 0 0 0 0 0 0 0 0 0 0 0 0 0 0
  0 0 0 0 0 0 0 0 0 0 0 0 0 0 0 0 0 0 0 0 0 0 0 0 0 0 0 0 0 0 0 0 0 0 0 0 0 0 0
  0 0 0 0 0 0 0 0 0 0 0 0 0 0 0 0 0 0 0 0 0 0 0 0 0 0 0 0 0 0 0 0 0 0 0 0 0 0 0
  0 0 0 0 0 0 0 0 0 0 0 0 0 0 0 0 0 0 0 0 0 0 0 0 0 0 0 0 0 0 0 0 0 0 0 0 0 0 0
  0 0 0 0 0 0 0 0 0 0 0 0 0 0 0 0 0 0 0 0 0 0 0 0 0 0 0 0 0 0 0 0 0 0 0 0 0 0 0
  0 0 0 0 0 0 0 0 0 0 0 0 0 0 0 0 0 0 0 0 0 0 0 0 0 0 0 0 0 0 0 0 0 0 0 0 0 0 0
  0 0 0 0 0 0 0 0 0 0 0 0 0 0 0 0 0 0 0 0 0 0 0 0 0 0 0 0 0 0 0 0 0 0 0 0 0 0 0
  0 0 0 0 0 0 0 0 0 0 0 0 0 0 0 0 0 0 0 0 0 0 0 0 0 0 0 0 0 0 0 0 0 0 0 0 0 0 0
  0 0 0 0 0 0 0 0 0 0 0 0 0 0 0 0 0 0 0 0 0 0 0 0 0 0 0 0 0 0 0 0 0 0 0 0 0 0 0
  0 0 0 0 0 0 0 0 0 0 0 0 0 0 0 0 0 0 0 0 0 0 0 0 0 0 0 0 0 0 0 0 0 0 0 0 0 0 0
  0 0 0 0 0 0 0 0 0 0 0 0 0 0 0 0 0 0 0 0 0 0 0 0 0 0 0 0 0 0 0 0 0 0 0 0 0 0 0
  0 0 0 0 0 0 0 0 0 0 0 0 0 0 0 0 0 0 0 0 0 0 0 0 0 0 0 0 0 0 0 0 0 0 0 0 0 0 0
  0 0 0 0 0 0 0 0 0 0 0 0 0 0 0 0 0 0 0 0 0 0 0 0 0 0 0 0 0 0 0 0 0 0 0 0 0 0 0
  0 0 0 0 0 0 0 0 0 0 0 0 0 0 0 0 0 0 0 0 0 0 0 0 0 0 0 0 0 0 0 0 0 0 0 0 0 0 0
  0) 
#(0 0 1 2 3 4 5 6 7 8 9 10 9 10 9 10 0 1 2 3 4 5 6 7 8 9 10 11 10 11 10 11 1 2
  3 4 5 6 7 8 9 10 11 12 11 12 11 12 2 3 4 5 6 7 8 9 10 11 12 13 12 13 12 13 3
  4 5 6 7 8 9 10 11 12 13 14 13 14 13 14 4 5 6 7 8 9 10 11 12 13 14 15 14 15 14
  15 5 6 7 8 9 10 11 12 13 14 15 14 15 14 15 14 4 5 6 7 8 9 10 11 12 13 14 15
  14 15 14 15 5 6 7 8 9 10 11 12 13 14 15 14 15 14 15 14 4 5 6 7 8 9 10 11 12
  13 14 15 14 15 14 15 5 6 7 8 9 10 11 12 13 14 15 14 15 14 15 14 4 5 6 7 8 9
  10 11 12 13 14 15 14 15 14 15 5 6 7 8 9 10 11 12 13 14 15 14 15 14 15 14 4 5
  6 7 8 9 10 11 12 13 14 15 14 15 14 15 5 6 7 8 9 10 11 12 13 14 15 14 15 14 15
  14 4 5 6 7 8 9 10 11 12 13 14 15 14 15 14 15 0 0 1 2 3 4 5 6 7 8 9 10 9 10 9
  10 0 1 2 3 4 5 6 7 8 9 10 11 10 11 10 11 1 2 3 4 5 6 7 8 9 10 11 12 11 12 11
  12 2 3 4 5 6 7 8 9 10 11 12 13 12 13 12 13 3 4 5 6 7 8 9 10 11 12 13 14 13 14
  13 14 4 5 6 7 8 9 10 11 12 13 14 15 14 15 14 15 5 6 7 8 9 10 11 12 13 14 15
  14 15 14 15 14 4 5 6 7 8 9 10 11 12 13 14 15 14 15 14 15 5 6 7 8 9 10 11 12
  13 14 15 14 15 14 15 14 4 5 6 7 8 9 10 11 12 13 14 15 14 15 14 15 5 6 7 8 9
  10 11 12 13 14 15 14 15 14 15 14 4 5 6 7 8 9 10 11 12 13 14 15 14 15 14 15 5
  6 7 8 9 10 11 12 13 14 15 14 15 14 15 14 4 5 6 7 8 9 10 11 12 13 14 15 14 15
  14 15 5 6 7 8 9 10 11 12 13 14 15 14 15 14 15 14 4 5 6 7 8 9 10 11 12 13 14
  15 14 15 14 15 0 0 1 2 3 4 5 6 7 8 9 10 9 10 9 10 0 1 2 3 4 5 6 7 8 9 10 11
  10 11 10 11 1 2 3 4 5 6 7 8 9 10 11 12 11 12 11 12 2 3 4 5 6 7 8 9 10 11 12
  13 12 13 12 13 3 4 5 6 7 8 9 10 11 12 13 14 13 14 13 14 4 5 6 7 8 9 10 11 12
  13 14 15 14 15 14 15 5 6 7 8 9 10 11 12 13 14 15 14 15 14 15 14 4 5 6 7 8 9
  10 11 12 13 14 15 14 15 14 15 5 6 7 8 9 10 11 12 13 14 15 14 15 14 15 14 4 5
  6 7 8 9 10 11 12 13 14 15 14 15 14 15 5 6 7 8 9 10 11 12 13 14 15 14 15 14 15
  14 4 5 6 7 8 9 10 11 12 13 14 15 14 15 14 15 5 6 7 8 9 10 11 12 13 14 15 14
  15 14 15 14 4 5 6 7 8 9 10 11 12 13 14 15 14 15 14 15 5 6 7 8 9 10 11 12 13
  14 15 14 15 14 15 14 4 5 6 7 8 9 10 11 12 13 14 15 14 15 14 15 0 0 1 2 3 4 5
  6 7 8 9 10 9 10 9 10 0 1 2 3 4 5 6 7 8 9 10 11 10 11 10 11 1 2 3 4 5 6 7 8 9
  10 11 12 11 12 11 12 2 3 4 5 6 7 8 9 10 11 12 13 12 13 12 13 3 4 5 6 7 8 9 10
  11 12 13 14 13 14 13 14 4 5 6 7 8 9 10 11 12 13 14 15 14 15 14 15 5 6 7 8 9
  10 11 12 13 14 15 14 15 14 15 14 4 5 6 7 8 9 10 11 12 13 14 15 14 15 14 15 5
  6 7 8 9 10 11 12 13 14 15 14 15 14 15 14 4 5 6 7 8 9 10 11 12 13 14 15 14 15
  14 15 5 6 7 8 9 10 11 12 13 14 15 14 15 14 15 14 4 5 6 7 8 9 10 11 12 13 14
  15 14 15 14 15 5 6 7 8 9 10 11 12 13 14 15 14 15 14 15 14 4 5 6 7 8 9 10 11
  12 13 14 15 14 15 14 15 5 6 7 8 9 10 11 12 13 14 15 14 15 14 15 14 4 5 6 7 8
  9 10 11 12 13 14 15 14 15 14 15 0 0 1 2 3 4 5 6 7 8 9 10 9 10 9 10 0 1 2 3 4
  5 6 7 8 9 10 11 10 11 10 11 1 2 3 4 5 6 7 8 9 10 11 12 11 12 11 12 2 3 4 5 6
  7 8 9 10 11 12 13 12 13 12 13 3 4 5 6 7 8 9 10 11 12 13 14 13 14 13 14 4 5 6
  7 8 9 10 11 12 13 14 15 14 15 14 15 5 6 7 8 9 10 11 12 13 14 15 14 15 14 15
  14 4 5 6 7 8 9 10 11 12 13 14 15 14 15 14 15 5 6 7 8 9 10 11 12 13 14 15 14
  15 14 15 14 4 5 6 7 8 9 10 11 12 13 14 15 14 15 14 15 5 6 7 8 9 10 11 12 13
  14 15 14 15 14 15 14 4 5 6 7 8 9 10 11 12 13 14 15 14 15 14 15 5 6 7 8 9 10
  11 12 13 14 15 14 15 14 15 14 4 5 6 7 8 9 10 11 12 13 14 15 14 15 14 15 5 6 7
  8 9 10 11 12 13 14 15 14 15 14 15 14 4 5 6 7 8 9 10 11 12 13 14 15 14 15 14
  15 0 0 1 2 3 4 5 6 7 8 9 10 9 10 9 10 0 1 2 3 4 5 6 7 8 9 10 11 10 11 10 11 1
  2 3 4 5 6 7 8 9 10 11 12 11 12 11 12 2 3 4 5 6 7 8 9 10 11 12 13 12 13 12 13
  3 4 5 6 7 8 9 10 11 12 13 14 13 14 13 14 4 5 6 7 8 9 10 11 12 13 14 15 14 15
  14 15 5 6 7 8 9 10 11 12 13 14 15 14 15 14 15 14 4 5 6 7 8 9 10 11 12 13 14
  15 14 15 14 15 5 6 7 8 9 10 11 12 13 14 15 14 15 14 15 14 4 5 6 7 8 9 10 11
  12 13 14 15 14 15 14 15 5 6 7 8 9 10 11 12 13 14 15 14 15 14 15 14 4 5 6 7 8
  9 10 11 12 13 14 15 14 15 14 15 5 6 7 8 9 10 11 12 13 14 15 14 15 14 15 14 4
  5 6 7 8 9 10 11 12 13 14 15 14 15 14 15 5 6 7 8 9 10 11 12 13 14 15 14 15 14
  15 14 4 5 6 7 8 9 10 11 12 13 14 15 14 15 14 15 0 0 1 2 3 4 5 6 7 8 9 10 9 10
  9 10 0 1 2 3 4 5 6 7 8 9 10 11 10 11 10 11 1 2 3 4 5 6 7 8 9 10 11 12 11 12
  11 12 2 3 4 5 6 7 8 9 10 11 12 13 12 13 12 13 3 4 5 6 7 8 9 10 11 12 13 14 13
  14 13 14 4 5 6 7 8 9 10 11 12 13 14 15 14 15 14 15 5 6 7 8 9 10 11 12 13 14
  15 14 15 14 15 14 4 5 6 7 8 9 10 11 12 13 14 15 14 15 14 15 5 6 7 8 9 10 11
  12 13 14 15 14 15 14 15 14 4 5 6 7 8 9 10 11 12 13 14 15 14 15 14 15 5 6 7 8
  9 10 11 12 13 14 15 14 15 14 15 14 4 5 6 7 8 9 10 11 12 13 14 15 14 15 14 15
  5 6 7 8 9 10 11 12 13 14 15 14 15 14 15 14 4 5 6 7 8 9 10 11 12 13 14 15 14
  15 14 15 5 6 7 8 9 10 11 12 13 14 15 14 15 14 15 14 4 5 6 7 8 9 10 11 12 13
  14 15 14 15 14 15 0 0 1 2 3 4 5 6 7 8 9 10 9 10 9 10 0 1 2 3 4 5 6 7 8 9 10
  11 10 11 10 11 1 2 3 4 5 6 7 8 9 10 11 12 11 12 11 12 2 3 4 5 6 7 8 9 10 11
  12 13 12 13 12 13 3 4 5 6 7 8 9 10 11 12 13 14 13 14 13 14 4 5 6 7 8 9 10 11
  12 13 14 15 14 15 14 15 5 6 7 8 9 10 11 12 13 14 15 14 15 14 15 14 4 5 6 7 8
  9 10 11 12 13 14 15 14 15 14 15 5 6 7 8 9 10 11 12 13 14 15 14 15 14 15 14 4
  5 6 7 8 9 10 11 12 13 14 15 14 15 14 15 5 6 7 8 9 10 11 12 13 14 15 14 15 14
  15 14 4 5 6 7 8 9 10 11 12 13 14 15 14 15 14 15 5 6 7 8 9 10 11 12 13 14 15
  14 15 14 15 14 4 5 6 7 8 9 10 11 12 13 14 15 14 15 14 15 5 6 7 8 9 10 11 12
  13 14 15 14 15 14 15 14 4 5 6 7 8 9 10 11 12 13 14 15 14 15 14 15 0 0 1 2 3 4
  5 6 7 8 9 10 9 10 9 10 0 1 2 3 4 5 6 7 8 9 10 11 10 11 10 11 1 2 3 4 5 6 7 8
  9 10 11 12 11 12 11 12 2 3 4 5 6 7 8 9 10 11 12 13 12 13 12 13 3 4 5 6 7 8 9
  10 11 12 13 14 13 14 13 14 4 5 6 7 8 9 10 11 12 13 14 15 14 15 14 15 5 6 7 8
  9 10 11 12 13 14 15 14 15 14 15 14 4 5 6 7 8 9 10 11 12 13 14 15 14 15 14 15
  5 6 7 8 9 10 11 12 13 14 15 14 15 14 15 14 4 5 6 7 8 9 10 11 12 13 14 15 14
  15 14 15 5 6 7 8 9 10 11 12 13 14 15 14 15 14 15 14 4 5 6 7 8 9 10 11 12 13
  14 15 14 15 14 15 5 6 7 8 9 10 11 12 13 14 15 14 15 14 15 14 4 5 6 7 8 9 10
  11 12 13 14 15 14 15 14 15 5 6 7 8 9 10 11 12 13 14 15 14 15 14 15 14 4 5 6 7
  8 9 10 11 12 13 14 15 14 15 14 15 0 0 1 2 3 4 5 6 7 8 9 10 9 10 9 10 0 1 2 3
  4 5 6 7 8 9 10 11 10 11 10 11 1 2 3 4 5 6 7 8 9 10 11 12 11 12 11 12 2 3 4 5
  6 7 8 9 10 11 12 13 12 13 12 13 3 4 5 6 7 8 9 10 11 12 13 14 13 14 13 14 4 5
  6 7 8 9 10 11 12 13 14 15 14 15 14 15 5 6 7 8 9 10 11 12 13 14 15 14 15 14 15
  14 4 5 6 7 8 9 10 11 12 13 14 15 14 15 14 15 5 6 7 8 9 10 11 12 13 14 15 14
  15 14 15 14 4 5 6 7 8 9 10 11 12 13 14 15 14 15 14 15 5 6 7 8 9 10 11 12 13
  14 15 14 15 14 15 14 4 5 6 7 8 9 10 11 12 13 14 15 14 15 14 15 5 6 7 8 9 10
  11 12 13 14 15 14 15 14 15 14 4 5 6 7 8 9 10 11 12 13 14 15 14 15 14 15 5 6 7
  8 9 10 11 12 13 14 15 14 15 14 15 14 4 5 6 7 8 9 10 11 12 13 14 15 14 15 14
  15 0 0 1 2 3 4 5 6 7 8 9 10 9 10 9 10 0 1 2 3 4 5 6 7 8 9 10 11 10 11 10 11 1
  2 3 4 5 6 7 8 9 10 11 12 11 12 11 12 2 3 4 5 6 7 8 9 10 11 12 13 12 13 12 13
  3 4 5 6 7 8 9 10 11 12 13 14 13 14 13 14 4 5 6 7 8 9 10 11 12 13 14 15 14 15
  14 15 5 6 7 8 9 10 11 12 13 14 15 14 15 14 15 14 4 5 6 7 8 9 10 11 12 13 14
  15 14 15 14 15 5 6 7 8 9 10 11 12 13 14 15 14 15 14 15 14 4 5 6 7 8 9 10 11
  12 13 14 15 14 15 14 15 5 6 7 8 9 10 11 12 13 14 15 14 15 14 15 14 4 5 6 7 8
  9 10 11 12 13 14 15 14 15 14 15 5 6 7 8 9 10 11 12 13 14 15 14 15 14 15 14 4
  5 6 7 8 9 10 11 12 13 14 15 14 15 14 15 5 6 7 8 9 10 11 12 13 14 15 14 15 14
  15 14 4 5 6 7 8 9 10 11 12 13 14 15 14 15 14 15 0 0 1 2 3 4 5 6 7 8 9 10 9 10
  9 10 0 1 2 3 4 5 6 7 8 9 10 11 10 11 10 11 1 2 3 4 5 6 7 8 9 10 11 12 11 12
  11 12 2 3 4 5 6 7 8 9 10 11 12 13 12 13 12 13 3 4 5 6 7 8 9 10 11 12 13 14 13
  14 13 14 4 5 6 7 8 9 10 11 12 13 14 15 14 15 14 15 5 6 7 8 9 10 11 12 13 14
  15 14 15 14 15 14 4 5 6 7 8 9 10 11 12 13 14 15 14 15 14 15 5 6 7 8 9 10 11
  12 13 14 15 14 15 14 15 14 4 5 6 7 8 9 10 11 12 13 14 15 14 15 14 15 5 6 7 8
  9 10 11 12 13 14 15 14 15 14 15 14 4 5 6 7 8 9 10 11 12 13 14 15 14 15 14 15
  5 6 7 8 9 10 11 12 13 14 15 14 15 14 15 14 4 5 6 7 8 9 10 11 12 13 14 15 14
  15 14 15 5 6 7 8 9 10 11 12 13 14 15 14 15 14 15 14 4 5 6 7 8 9 10 11 12 13
  14 15 14 15 14 15 0 0 0 0 0 0 0 0 0 0 0 0 0 0 0 0 0 0 0 0 0 0 0 0 0 0 0 0 0 0
  0 0 0 0 0 0 0 0 0 0 0 0 0 0 0 0 0 0 0 0 0 0 0 0 0 0 0 0 0 0 0 0 0 0 0 0 0 0 0
  0 0 0 0 0 0 0 0 0 0 0 0 0 0 0 0 0 0 0 0 0 14 15 14 15 14 15 0 0 0 0 0 0 0 0 0
  0 15 14 15 14 15 14 0 0 0 0 0 0 0 0 0 0 14 15 14 15 14 15 0 0 0 0 0 0 0 0 0 0
  15 14 15 14 15 14 0 0 0 0 0 0 0 0 0 0 14 15 14 15 14 15 0 0 0 0 0 0 0 0 0 0
  15 14 15 14 15 14 0 0 0 0 0 0 0 0 0 0 14 15 14 15 14 15 0 0 0 0 0 0 0 0 0 0
  15 14 15 14 15 14 0 0 0 0 0 0 0 0 0 0 14 15 14 15 14 15 0 0 0 0 0 0 0 0 0 0
  15 14 15 14 15 14 0 0 0 0 0 0 0 0 0 0 14 15 14 15 14 15 0 0 0 0 0 0 0 0 0 0 0
  0 0 0 0 0 0 0 0 0 0 0 0 0 0 0 0 0 0 0 0 0 0 0 0 0 0 0 0 14 15 14 15 14 15 14
  15 14 0 0 0 0 0 0 14 15 14 15 14 15 14 15 14 15 0 0 0 0 0 0 15 14 15 14 15 14
  15 14 15 14 0 0 0 0 0 0 14 15 14 15 14 15 14 15 14 15 0 0 0 0 0 0 15 14 15 14
  15 14 15 14 15 14 0 0 0 0 0 0 14 15 14 15 14 15 14 15 14 15 0 0 0 0 0 0 15 14
  15 14 15 14 15 14 15 14 0 0 0 0 0 0 14 15 14 15 14 15 14 15 14 15 0 0 0 0 0 0
  15 14 15 14 15 14 15 14 15 14 0 0 0 0 0 0 14 15 14 15 14 15 14 15 14 15 0 0 0
  0 0 0 15 14 15 14 15 14 15 14 15 14 0 0 0 0 0 0 14 15 14 15 14 15 14 15 14 15
  0 0 0 0 0 0 15 14 15 14 15 14 15 14 15 14 0 0 0 0 0 0 14 15 14 15 14 15 14 15
  14 15 0 0 15 14 15 14 15 14 15 14 15 14 15 14 15 14 0 0 14 15 14 15 14 15 14
  15 14 15 14 15 14 15 0 0 15 14 15 14 15 14 15 14 15 14 15 14 15 14 0 0 14 15
  14 15 14 15 14 15 14 15 14 15 14 15 0 0 15 14 15 14 15 14 15 14 15 14 15 14
  15 14 0 0 14 15 14 15 14 15 14 15 14 15 14 15 14 15 0 0 15 14 15 14 15 14 15
  14 15 14 15 14 15 14 0 0 14 15 14 15 14 15 14 15 14 15 14 15 14 15 0 0 15 14
  15 14 15 14 15 14 15 14 15 14 15 14 0 0 14 15 14 15 14 15 14 15 14 15 14 15
  14 15 0 0 15 14 15 14 15 14 15 14 15 14 15 14 15 14 0 0 14 15 14 15 14 15 14
  15 14 15 14 15 14 15 0 0 15 14 15 14 15 14 15 14 15 14 15 14 15 14 0 0 14 15
  14 15 14 15 14 15 14 15 14 15 14 15 0 0 15 14 15 14 15 14 15 14 15 14 15 14
  15 14 0 0 14 15 14 15 14 15 14 15 14 15 14 15 14 15 15 14 15 14 15 14 15 14
  15 14 15 14 15 14 15 14 14 15 14 15 14 15 14 15 14 15 14 15 14 15 14 15 15 14
  15 14 15 14 15 14 15 14 15 14 15 14 15 14 14 15 14 15 14 15 14 15 14 15 14 15
  14 15 14 15 15 14 15 14 15 14 15 14 15 14 15 14 15 14 15 14 14 15 14 15 14 15
  14 15 14 15 14 15 14 15 14 15 15 14 15 14 15 14 15 14 15 14 15 14 15 14 15 14
  14 15 14 15 14 15 14 15 14 15 14 15 14 15 14 15 15 14 15 14 15 14 15 14 15 14
  15 14 15 14 15 14 14 15 14 15 14 15 14 15 14 15 14 15 14 15 14 15 15 14 15 14
  15 14 15 14 15 14 15 14 15 14 15 14 14 15 14 15 14 15 14 15 14 15 14 15 14 15
  14 15 15 14 15 14 15 14 15 14 15 14 15 14 15 14 15 14 14 15 14 15 14 15 14 15
  14 15 14 15 14 15 14 15 15 14 15 14 15 14 15 14 15 14 15 14 15 14 15 14 14 15
  14 15 14 15 14 15 14 15 14 15 14 15 14 15) 