
#(0 0 0 0 0 0 0 0 0 0 0 0 0 0 0 0 0 0 0 0 0 0 0 0 0 0 0 0 0 0 0 0 0 0 0 0 0 0 0
  0 0 0 0 0 0 0 0 0 0 0 0 0 0 0 0 0 0 0 0 0 0 0 0 0 0 0 0 0 0 0 0 0 0 0 0 0 0 0
  0 0 0 0 0 0 0 0 0 0 0 0 0 0 0 0 0 0 0 0 0 0 0 0 0 0 0 0 0 0 0 0 0 0 0 0 0 0 0
  0 0 0 0 0 0 0 0 0 0 0 0 0 0 0 0 0 0 0 0 0 0 0 0 0 0 0 0 0 0 0 0 0 0 0 0 0 0 0
  0 0 0 0 0 0 0 0 0 0 0 0 0 0 0 0 0 0 0 0 0 0 0 0 0 0 0 0 0 0 0 0 0 0 0 0 0 0 0
  0 0 0 0 0 0 0 0 0 0 0 0 0 0 0 0 0 0 0 0 0 0 0 0 0 0 0 0 0 0 0 0 0 0 0 0 0 0 0
  0 0 0 0 0 0 0 0 0 0 0 0 0 0 0 0 0 0 0 0 0 0 0 0 0 0 0 0 0 0 0 0 0 0 0 0 0 0 0
  0 0 0 0 0 0 0 0 0 0 0 0 0 0 0 0 0 0 0 0 0 0 0 0 0 0 0 0 0 0 0 0 0 0 0 0 0 0 0
  0 0 0 0 0 0 0 0 0 0 0 0 0 0 0 0 0 0 0 0 0 0 0 0 0 0 0 0 0 0 0 0 0 0 0 0 0 0 0
  0 0 0 0 0 0 0 0 0 0 0 0 0 0 0 0 0 0 0 0 0 0 0 0 0 0 0 0 0 0 0 0 0 0 0 0 0 0 0
  0 0 0 0 0 0 0 0 0 0 0 0 0 0 0 0 0 0 0 0 0 0 0 0 0 0 0 0 0 0 0 0 0 0 0 0 0 0 0
  0 0 0 0 0 0 0 0 0 0 0 0 0 0 0 0 0 0 0 0 0 0 0 0 0 0 0 0 0 0 0 0 0 0 0 0 0 0 0
  0 0 0 0 0 0 0 0 0 0 0 0 0 0 0 0 0 0 0 0 0 0 0 0 0 0 0 0 0 0 0 0 0 0 0 0 0 0 0
  0 0 0 0 0 0 0 0 0 0 0 0 0 0 0 0 0 0 0 0 0 0 0 0 0 0 0 0 0 0 0 0 0 0 0 0 0 0 0
  0 0 0 0 0 0 0 0 0 0 0 0 0 0 0 0 0 0 0 0 0 0 0 0 0 0 0 0 0 0 0 0 0 0 0 0 0 0 0
  0 0 0 0 0 0 0 0 0 0 0 0 0 0 0 0 0 0 0 0 0 0 0 0 0 0 0 0 0 0 0 0 0 0 0 0 0 0 0
  0 0 0 0 0 0 0 0 0 0 0 0 0 0 0 0 0 0 0 0 0 0 0 0 0 0 0 0 0 0 0 0 0 0 0 0 0 0 0
  0 0 0 0 0 0 0 0 0 0 0 0 0 0 0 0 0 0 0 0 0 0 0 0 0 0 0 0 0 0 0 0 0 0 0 0 0 0 0
  0 0 0 0 0 0 0 0 0 0 0 0 0 0 0 0 0 0 0 0 0 0 0 0 0 0 0 0 0 0 0 0 0 0 0 0 0 0 0
  0 0 0 0 0 0 0 0 0 0 0 0 0 0 0 0 0 0 0 0 0 0 0 0 0 0 0 0 0 0 0 0 0 0 0 0 0 0 0
  0 0 0 0 0 0 0 0 0 0 0 0 0 0 0 0 0 0 0 0 0 0 0 0 0 0 0 0 0 0 0 0 0 0 0 0 0 0 0
  0 0 0 0 0 0 0 0 0 0 0 0 0 0 0 0 0 0 0 0 0 0 0 0 0 0 0 0 0 0 0 0 0 0 0 0 0 0 0
  0 0 0 0 0 0 0 0 0 0 0 0 0 0 0 0 0 0 0 0 0 0 0 0 0 0 0 0 0 0 0 0 0 0 0 0 0 0 0
  0 0 0 0 0 0 0 0 0 0 0 0 0 0 0 0 0 0 0 0 0 0 0 0 0 0 0 0 0 0 0 0 0 0 0 0 0 0 0
  0 0 0 0 0 0 0 0 0 0 0 0 0 0 0 0 0 0 0 0 0 0 0 0 0 0 0 0 0 0 0 0 0 0 0 0 0 0 0
  0 0 0 0 0 0 0 0 0 0 0 0 0 0 0 0 0 0 0 0 0 0 0 0 0 0 0 0 0 0 0 0 0 0 0 0 0 0 0
  0 0 0 0 0 0 0 0 0 0 0 0 0 0 0 0 0 0 0 0 0 0 0 0 0 0 0 0 0 0 0 0 0 0 0 0 0 0 0
  0 0 0 0 0 0 0 0 0 0 0 0 0 0 0 0 0 0 0 0 0 0 0 0 0 0 0 0 0 0 0 0 0 0 0 0 0 0 0
  0 0 0 0 0 0 0 0 0 0 0 0 0 0 0 0 0 0 0 0 0 0 0 0 0 0 0 0 0 0 0 0 0 0 0 0 0 0 0
  0 0 0 0 0 0 0 0 0 0 0 0 0 0 0 0 0 0 0 0 0 0 0 0 0 0 0 0 0 0 0 0 0 0 0 0 0 0 0
  0 0 0 0 0 0 0 0 0 0 0 0 0 0 0 0 0 0 0 0 0 0 0 0 0 0 0 0 0 0 0 0 0 0 0 0 0 0 0
  0 0 0 0 0 0 0 0 0 0 0 0 0 0 0 0 0 0 0 0 0 0 0 0 0 0 0 0 0 0 0 0 0 0 0 0 0 0 0
  0 0 0 0 0 0 0 0 0 0 0 0 0 0 0 0 0 0 0 0 0 0 0 0 0 0 0 0 0 0 0 0 0 0 0 0 0 0 0
  0 0 0 0 0 0 0 0 0 0 0 0 0 0 0 0 0 0 0 0 0 0 0 0 0 0 0 0 0 0 0 0 0 0 0 0 0 0 0
  0 0 0 0 0 0 0 0 0 0 0 0 0 0 0 0 0 0 0 0 0 0 0 0 0 0 0 0 0 0 0 0 0 0 0 0 0 0 0
  0 0 0 0 0 0 0 0 0 0 0 0 0 0 0 0 0 0 0 0 0 0 0 0 0 0 0 0 0 0 0 0 0 0 0 0 0 0 0
  0 0 0 0 0 0 0 0 0 0 0 0 0 0 0 0 0 0 0 0 0 0 0 0 0 0 0 0 0 0 0 0 0 0 0 0 0 0 0
  0 0 0 0 0 0 0 0 0 0 0 0 0 0 0 0 0 0 0 0 0 0 0 0 0 0 0 0 0 0 0 0 0 0 0 0 0 0 0
  0 0 0 0 0 0 0 0 0 0 0 0 0 0 0 0 0 0 0 0 0 0 0 0 0 0 0 0 0 0 0 0 0 0 0 0 0 0 0
  0 0 0 0 0 0 0 0 0 0 0 0 0 0 0 0 0 0 0 0 0 0 0 0 0 0 0 0 0 0 0 0 0 0 0 0 0 0 0
  0 0 0 0 0 0 0 0 0 0 0 0 0 0 0 0 0 0 0 0 0 0 0 0 0 0 0 0 0 0 0 0 0 0 0 0 0 0 0
  0 0 0 0 0 0 0 0 0 0 0 0 0 0 0 0 0 0 0 0 0 0 0 0 0 0 0 0 0 0 0 0 0 0 0 0 0 0 0
  0 0 0 0 0 0 0 0 0 0 0 0 0 0 0 0 0 0 0 0 0 0 0 0 0 0 0 0 0 0 0 0 0 0 0 0 0 0 0
  0 0 0 0 0 0 0 0 0 0 0 0 0 0 0 0 0 0 0 0 0 0 0 0 0 0 0 0 0 0 0 0 0 0 0 0 0 0 0
  0 0 0 0 0 0 0 0 0 0 0 0 0 0 0 0 0 0 0 0 0 0 0 0 0 0 0 0 0 0 0 0 0 0 0 0 0 0 0
  0 0 0 0 0 0 0 0 0 0 0 0 0 0 0 0 0 0 0 0 0 0 0 0 0 0 0 0 0 0 0 0 0 0 0 0 0 0 0
  0 0 0 0 0 0 0 0 0 0 0 0 0 0 0 0 0 0 0 0 0 0 0 0 0 0 0 0 0 0 0 0 0 0 0 0 0 0 0
  0 0 0 0 0 0 0 0 0 0 0 0 0 0 0 0 0 0 0 0 0 0 0 0 0 0 0 0 0 0 0 0 0 0 0 0 0 0 0
  0 0 0 0 0 0 0 0 0 0 0 0 0 0 0 0 0 0 0 0 0 0 0 0 0 0 0 0 0 0 0 0 0 0 0 0 0 0 0
  0 0 0 0 0 0 0 0 0 0 0 0 0 0 0 0 0 0 0 0 0 0 0 0 0 0 0 0 0 0 0 0 0 0 0 0 0 0 0
  0 0 0 0 0 0 0 0 0 0 0 0 0 0 0 0 0 0 0 0 0 0 0 0 0 0 0 0 0 0 0 0 0 0 0 0 0 0 0
  0 0 0 0 0 0 0 0 0 0 0 0 0 0 0 0 0 0 0 0 0 0 0 0 0 0 0 0 0 0 0 0 0 0 0 0 0 0 0
  0 0 0 0 0 0 0 0 0 0 0 0 0 0 0 0 0 0 0 0 0 0 0 0 0 0 0 0 0 0 0 0 0 0 0 0 0 0 0
  0 0 0 0 0 0 0 0 0 0 0 0 0 0 0 0 0 0 0 0 0 0 0 0 0 0 0 0 0 0 0 0 0 0 0 0 0 0 0
  0 0 0 0 0 0 0 0 0 0 0 0 0 0 0 0 0 0 0 0 0 0 0 0 0 0 0 0 0 0 0 0 0 0 0 0 0 0 0
  0 0 0 0 0 0 0 0 0 0 0 0 0 0 0 0 0 0 0 0 0 0 0 0 0 0 0 0 0 0 0 0 0 0 0 0 0 0 0
  0 0 0 0 0 0 0 0 0 0 0 0 0 0 0 0 0 0 0 0 0 0 0 0 0 0 0 0 0 0 0 0 0 0 0 0 0 0 0
  0 0 0 0 0 0 0 0 0 0 0 0 0 0 0 0 0 0 0 0 0 0 0 0 0 0 0 0 0 0 0 0 0 0 0 0 0 0 0
  0 0 0 0 0 0 0 0 0 0 0 0 0 0 0 0 0 0 0 0 0 0 0 0 0 0 0 0 0 0 0 0 0 0 0 0 0 0 0
  0 0 0 0 0 0 0 0 0 0 0 0 0 0 0 0 0 0 0 0 0 0 0 0 0 0 0 0 0 0 0 0 0 0 0 0 0 0 0
  0 0 0 0 0 0 0 0 0 0 0 0 0 0 0 0 0 0 0 0 0 0 0 0 0 0 0 0 0 0 0 0 0 0 0 0 0 0 0
  0 0 0 0 0 0 0 0 0 0 0 0 0 0 0 0 0 0 0 0 0 0 0 0 0 0 0 0 0 0 0 0 0 0 0 0 0 0 0
  0 0 0 0 0 0 0 0 0 0 0 0 0 0 0 0 0 0 0 0 0 0 0 0 0 0 0 0 0 0 0 0 0 0 0 0 0 0 0
  0 0 0 0 0 0 0 0 0 0 0 0 0 0 0 0 0 0 0 0 0 0 0 0 0 0 0 0 0 0 0 0 0 0 0 0 0 0 0
  0 0 0 0 0 0 0 0 0 0 0 0 0 0 0 0 0 0 0 0 0 0 0 0 0 0 0 0 0 0 0 0 0 0 0 0 0 0 0
  0 0 0 0 0 0 0 0 0 0 0 0 0 0 0 0 0 0 0 0 0 0 0 0 0 0 0 0 0 0 0 0 0 0 0 0 0 0 0
  0 0 0 0 0 0 0 0 0 0 0 0 0 0 0 0 0 0 0 0 0 0 0 0 0 0 0 0 0 0 0 0 0 0 0 0 0 0 0
  0 0 0 0 0 0 0 0 0 0 0 0 0 0 0 0 0 0 0 0 0 0 0 0 0 0 0 0 0 0 0 0 0 0 0 0 0 0 0
  0 0 0 0 0 0 0 0 0 0 0 0 0 0 0 0 0 0 0 0 0 0 0 0 0 0 0 0 0 0 0 0 0 0 0 0 0 0 0
  0 0 0 0 0 0 0 0 0 0 0 0 0 0 0 0 0 0 0 0 0 0 0 0 0 0 0 0 0 0 0 0 0 0 0 0 0 0 0
  0 0 0 0 0 0 0 0 0 0 0 0 0 0 0 0 0 0 0 0 0 0 0 0 0 0 0 0 0 0 0 0 0 0 0 0 0 0 0
  0 0 0 0 0 0 0 0 0 0 0 0 0 0 0 0 0 0 0 0 0 0 0 0 0 0 0 0 0 0 0 0 0 0 0 0 0 0 0
  0 0 0 0 0 0 0 0 0 0 0 0 0 0 0 0 0 0 0 0 0 0 0 0 0 0 0 0 0 0 0 0 0 0 0 0 0 0 0
  0 0 0 0 0 0 0 0 0 0 0 0 0 0 0 0 0 0 0 0 0 0 0 0 0 0 0 0 0 0 0 0 0 0 0 0 0 0 0
  0 0 0 0 0 0 0 0 0 0 0 0 0 0 0 0 0 0 0 0 0 0 0 0 0 0 0 0 0 0 0 0 0 0 0 0 0 0 0
  0 0 0 0 0 0 0 0 0 0 0 0 0 0 0 0 0 0 0 0 0 0 0 0 0 0 0 0 0 0 0 0 0 0 0 0 0 0 0
  0 0 0 0 0 0 0 0 0 0 0 0 0 0 0 0 0 0 0 0 0 0 0 0 0 0 0 0 0 0 0 0 0 0 0 0 0 0 0
  0 0 0 0 0 0 0 0 0 0 0 0 0 0 0 0 0 0 0 0 0 0 0 0 0 0 0 0 0 0 0 0 0 0 0 0 0 0 0
  0 0 0 0 0 0 0 0 0 0 0 0 0 0 0 0 0 0 0 0 0 0 0 0 0 0 0 0 0 0 0 0 0 0 0 0 0 0 0
  0 0 0 0 0 0 0 0 0 0 0 0 0 0 0 0 0 0 0 0 0 0 0 0 0 0 0 0 0 0 0 0 0 0 0 0 0 0 0
  0 0 0 0 0 0 0 0 0 0 0 0 0 0 0 0 0 0 0 0 0 0 0 0 0 0 0 0 0 0 0 0 0 0 0 0 0 0 0
  0 0 0 0 0 0 0 0 0 0 0 0 0 0 0 0 0 0 0 0 0 0 0 0 0 0 0 0 0 0 0 0 0 0 0 0 0 0 0
  0 0 0 0 0 0 0 0 0 0 0 0 0 0 0 0 0 0 0 0 0 0 0 0 0 0 0 0 0 0 0 0 0 0 0 0 0 0 0
  0 0 0 0 0 0 0 0 0 0 0 0 0 0 0 0 0 0 0 0 0 0 0 0 0 0 0 0 0 0 0 0 0 0 0 0 0 0 0
  0 0 0 0 0 0 0 0 0 0 0 0 0 0 0 0 0 0 0 0 0 0 0 0 0 0 0 0 0 0 0 0 0 0 0 0 0 0 0
  0 0 0 0 0 0 0 0 0 0 0 0 0 0 0 0 0 0 0 0 0 0 0 0 0 0 0 0 0 0 0 0 0 0 0 0 0 0 0
  0 0 0 0 0 0 0 0 0 0 0 0 0 0 0 0 0 0 0 0 0 0 0 0 0 0 0 0 0 0 0 0 0 0 0 0 0 0 0
  0 0 0 0 0 0 0 0 0 0 0 0 0 0 0 0 0 0 0 0 0 0 0 0 0 0 0 0 0 0 0 0 0 0 0 0 0 0 0
  0 0 0 0 0 0 0 0 0 0 0 0 0 0 0 0 0 0 0 0 0 0 0 0 0 0 0 0 0 0 0 0 0 0 0 0 0 0 0
  0 0 0 0 0 0 0 0 0 0 0 0 0 0 0 0 0 0 0 0 0 0 0 0 0 0 0 0 0 0 0 0 0 0 0 0 0 0 0
  0 0 0 0 0 0 0 0 0 0 0 0 0 0 0 0 0 0 0 0 0 0 0 0 0 0 0 0 0 0 0 0 0 0 0 0 0 0 0
  0 0 0 0 0 0 0 0 0 0 0 0 0 0 0 0 0 0 0 0 0 0 0 0 0 0 0 0 0 0 0 0 0 0 0 0 0 0 0
  0 0 0 0 0 0 0 0 0 0 0 0 0 0 0 0 0 0 0 0 0 0 0 0 0 0 0 0 0 0 0 0 0 0 0 0 0 0 0
  0 0 0 0 0 0 0 0 0 0 0 0 0 0 0 0 0 0 0 0 0 0 0 0 0 0 0 0 0 0 0 0 0 0 0 0 0 0 0
  0 0 0 0 0 0 0 0 0 0 0 0 0 0 0 0 0 0 0 0 0 0 0 0 0 0 0 0 0 0 0 0 0 0 0 0 0 0 0
  0 0 0 0 0 0 0 0 0 0 0 0 0 0 0 0 0 0 0 0 0 0 0 0 0 0 0 0 0 0 0 0 0 0 0 0 0 0 0
  0 0 0 0 0 0 0 0 0 0 0 0 0 0 0 0 0 0 0 0 0 0 0 0 0 0 0 0 0 0 0 0 0 0 0 0 0 0 0
  0 0 0 0 0 0 0 0 0 0 0 0 0 0 0 0 0 0 0 0 0 0 0 0 0 0 0 0 0 0 0 0 0 0 0 0 0 0 0
  0 0 0 0 0 0 0 0 0 0 0 0 0 0 0 0 0 0 0 0 0 0 0 0 0 0 0 0 0 0 0 0 0 0 0 0 0 0 0
  0 0 0 0 0 0 0 0 0 0 0 0 0 0 0 0 0 0 0 0 0 0 0 0 0 0 0 0 0 0 0 0 0 0 0 0 0 0 0
  0 0 0 0 0 0 0 0 0 0 0 0 0 0 0 0 0 0 0 0 0 0 0 0 0 0 0 0 0 0 0 0 0 0 0 0 0 0 0
  0 0 0 0 0 0 0 0 0 0 0 0 0 0 0 0 0 0 0 0 0 0 0 0 0 0 0 0 0 0 0 0 0 0 0 0 0 0 0
  0 0 0 0 0 0 0 0 0 0 0 0 0 0 0 0 0 0 0 0 0 0 0 0 0 0 0 0 0 0 0 0 0 0 0 0 0 0 0
  0 0 0 0 0 0 0 0 0 0 0 0 0 0 0 0 0 0 0 0 0 0 0 0 0 0 0 0 0 0 0 0 0 0 0 0 0 0 0
  0 0 0 0 0 0 0 0 0 0 0 0 0 0 0 0 0 0 0 0 0 0 0 0 0 0 0 0 0 0 0 0 0 0 0 0 0 0 0
  0) 
#(0 0 0 0 0 0 0 0 0 0 0 0 0 0 0 0 0 0 0 0 0 0 0 0 0 0 0 0 0 0 0 0 0 0 0 0 0 0 0
  0 0 0 0 0 0 0 0 0 0 0 0 0 0 0 0 0 0 0 0 0 0 0 0 0 0 0 0 0 0 0 0 0 0 0 0 0 0 0
  0 0 0 0 0 0 0 0 0 0 0 0 0 0 0 0 0 0 0 0 0 0 0 0 0 0 0 0 0 0 0 0 0 0 0 0 0 0 0
  0 0 0 0 0 0 0 0 0 0 0 0 0 0 0 0 0 0 0 0 0 0 0 0 0 0 0 0 0 0 0 0 0 0 0 0 0 0 0
  0 0 0 0 0 0 0 0 0 0 0 0 0 0 0 0 0 0 0 0 0 0 0 0 0 0 0 0 0 0 0 0 0 0 0 0 0 0 0
  0 0 0 0 0 0 0 0 0 0 0 0 0 0 0 0 0 0 0 0 0 0 0 0 0 0 0 0 0 0 0 0 0 0 0 0 0 0 0
  0 0 0 0 0 0 0 0 0 0 0 0 0 0 0 0 0 0 0 0 0 0 0 0 0 0 0 0 0 0 0 0 0 0 0 0 0 0 0
  0 0 0 0 0 0 0 0 0 0 0 0 0 0 0 0 0 0 0 0 0 0 0 0 0 0 0 0 0 0 0 0 0 0 0 0 0 0 0
  0 0 0 0 0 0 0 0 0 0 0 0 0 0 0 0 0 0 0 0 0 0 0 0 0 0 0 0 0 0 0 0 0 0 0 0 0 0 0
  0 0 0 0 0 0 0 0 0 0 0 0 0 0 0 0 0 0 0 0 0 0 0 0 0 0 0 0 0 0 0 0 0 0 0 0 0 0 0
  0 0 0 0 0 0 0 0 0 0 0 0 0 0 0 0 0 0 0 0 0 0 0 0 0 0 0 0 0 0 0 0 0 0 0 0 0 0 0
  0 0 0 0 0 0 0 0 0 0 0 0 0 0 0 0 0 0 0 0 0 0 0 0 0 0 0 0 0 0 0 0 0 0 0 0 0 0 0
  0 0 0 0 0 0 0 0 0 0 0 0 0 0 0 0 0 0 0 0 0 0 0 0 0 0 0 0 0 0 0 0 0 0 0 0 0 0 0
  0 0 0 0 0 0 0 0 0 0 0 0 0 0 0 0 0 0 0 0 0 0 0 0 0 0 0 0 0 0 0 0 0 0 0 0 0 0 0
  0 0 0 0 0 0 0 0 0 0 0 0 0 0 0 0 0 0 0 0 0 0 0 0 0 0 0 0 0 0 0 0 0 0 0 0 0 0 0
  0 0 0 0 0 0 0 0 0 0 0 0 0 0 0 0 0 0 0 0 0 0 0 0 0 0 0 0 0 0 0 0 0 0 0 0 0 0 0
  0 0 0 0 0 0 0 0 0 0 0 0 0 0 0 0 0 0 0 0 0 0 0 0 0 0 0 0 0 0 0 0 0 0 0 0 0 0 0
  0 0 0 0 0 0 0 0 0 0 0 0 0 0 0 0 0 0 0 0 0 0 0 0 0 0 0 0 0 0 0 0 0 0 0 0 0 0 0
  0 0 0 0 0 0 0 0 0 0 0 0 0 0 0 0 0 0 0 0 0 0 0 0 0 0 0 0 0 0 0 0 0 0 0 0 0 0 0
  0 0 0 0 0 0 0 0 0 0 0 0 0 0 0 0 0 0 0 0 0 0 0 0 0 0 0 0 0 0 0 0 0 0 0 0 0 0 0
  0 0 0 0 0 0 0 0 0 0 0 0 0 0 0 0 0 0 0 0 0 0 0 0 0 0 0 0 0 0 0 0 0 0 0 0 0 0 0
  0 0 0 0 0 0 0 0 0 0 0 0 0 0 0 0 0 0 0 0 0 0 0 0 0 0 0 0 0 0 0 0 0 0 0 0 0 0 0
  0 0 0 0 0 0 0 0 0 0 0 0 0 0 0 0 0 0 0 0 0 0 0 0 0 0 0 0 0 0 0 0 0 0 0 0 0 0 0
  0 0 0 0 0 0 0 0 0 0 0 0 0 0 0 0 0 0 0 0 0 0 0 0 0 0 0 0 0 0 0 0 0 0 0 0 0 0 0
  0 0 0 0 0 0 0 0 0 0 0 0 0 0 0 0 0 0 0 0 0 0 0 0 0 0 0 0 0 0 0 0 0 0 0 0 0 0 0
  0 0 0 0 0 0 0 0 0 0 0 0 0 0 0 0 0 0 0 0 0 0 0 0 0 0 0 0 0 0 0 0 0 0 0 0 0 0 0
  0 0 0 0 0 0 0 0 0 0 0 0 0 0 0 0 0 0 0 0 0 0 0 0 0 0 0 0 0 0 0 0 0 0 0 0 0 0 0
  0 0 0 0 0 0 0 0 0 0 0 0 0 0 0 0 0 0 0 0 0 0 0 0 0 0 0 0 0 0 0 0 0 0 0 0 0 0 0
  0 0 0 0 0 0 0 0 0 0 0 0 0 0 0 0 0 0 0 0 0 0 0 0 0 0 0 0 0 0 0 0 0 0 0 0 0 0 0
  0 0 0 0 0 0 0 0 0 0 0 0 0 0 0 0 0 0 0 0 0 0 0 0 0 0 0 0 0 0 0 0 0 0 0 0 0 0 0
  0 0 0 0 0 0 0 0 0 0 0 0 0 0 0 0 0 0 0 0 0 0 0 0 0 0 0 0 0 0 0 0 0 0 0 0 0 0 0
  0 0 0 0 0 0 0 0 0 0 0 0 0 0 0 0 0 0 0 0 0 0 0 0 0 0 0 0 0 0 0 0 0 0 0 0 0 0 0
  0 0 0 0 0 0 0 0 0 0 0 0 0 0 0 0 0 0 0 0 0 0 0 0 0 0 0 0 0 0 0 0 0 0 0 0 0 0 0
  0 0 0 0 0 0 0 0 0 0 0 0 0 0 0 0 0 0 0 0 0 0 0 0 0 0 0 0 0 0 0 0 0 0 0 0 0 0 0
  0 0 0 0 0 0 0 0 0 0 0 0 0 0 0 0 0 0 0 0 0 0 0 0 0 0 0 0 0 0 0 0 0 0 0 0 0 0 0
  0 0 0 0 0 0 0 0 0 0 0 0 0 0 0 0 0 0 0 0 0 0 0 0 0 0 0 0 0 0 0 0 0 0 0 0 0 0 0
  0 0 0 0 0 0 0 0 0 0 0 0 0 0 0 0 0 0 0 0 0 0 0 0 0 0 0 0 0 0 0 0 0 0 0 0 0 0 0
  0 0 0 0 0 0 0 0 0 0 0 0 0 0 0 0 0 0 0 0 0 0 0 0 0 0 0 0 0 0 0 0 0 0 0 0 0 0 0
  0 0 0 0 0 0 0 0 0 0 0 0 0 0 0 0 0 0 0 0 0 0 0 0 0 0 0 0 0 0 0 0 0 0 0 0 0 0 0
  0 0 0 0 0 0 0 0 0 0 0 0 0 0 0 0 0 0 0 0 0 0 0 0 0 0 0 0 0 0 0 0 0 0 0 0 0 0 0
  0 0 0 0 0 0 0 0 0 0 0 0 0 0 0 0 0 0 0 0 0 0 0 0 0 0 0 0 0 0 0 0 0 0 0 0 0 0 0
  0 0 0 0 0 0 0 0 0 0 0 0 0 0 0 0 0 0 0 0 0 0 0 0 0 0 0 0 0 0 0 0 0 0 0 0 0 0 0
  0 0 0 0 0 0 0 0 0 0 0 0 0 0 0 0 0 0 0 0 0 0 0 0 0 0 0 0 0 0 0 0 0 0 0 0 0 0 0
  0 0 0 0 0 0 0 0 0 0 0 0 0 0 0 0 0 0 0 0 0 0 0 0 0 0 0 0 0 0 0 0 0 0 0 0 0 0 0
  0 0 0 0 0 0 0 0 0 0 0 0 0 0 0 0 0 0 0 0 0 0 0 0 0 0 0 0 0 0 0 0 0 0 0 0 0 0 0
  0 0 0 0 0 0 0 0 0 0 0 0 0 0 0 0 0 0 0 0 0 0 0 0 0 0 0 0 0 0 0 0 0 0 0 0 0 0 0
  0 0 0 0 0 0 0 0 0 0 0 0 0 0 0 0 0 0 0 0 0 0 0 0 0 0 0 0 0 0 0 0 0 0 0 0 0 0 0
  0 0 0 0 0 0 0 0 0 0 0 0 0 0 0 0 0 0 0 0 0 0 0 0 0 0 0 0 0 0 0 0 0 0 0 0 0 0 0
  0 0 0 0 0 0 0 0 0 0 0 0 0 0 0 0 0 0 0 0 0 0 0 0 0 0 0 0 0 0 0 0 0 0 0 0 0 0 0
  0 0 0 0 0 0 0 0 0 0 0 0 0 0 0 0 0 0 0 0 0 0 0 0 0 0 0 0 0 0 0 0 0 0 0 0 0 0 0
  0 0 0 0 0 0 0 0 0 0 0 0 0 0 0 0 0 0 0 0 0 0 0 0 0 0 0 0 0 0 0 0 0 0 0 0 0 0 0
  0 0 0 0 0 0 0 0 0 0 0 0 0 0 0 0 0 0 0 0 0 0 0 0 0 0 0 0 0 0 0 0 0 0 0 0 0 0 0
  0 0 0 0 0 0 0 0 0 0 0 0 0 0 0 0 0 0 0 0 0 0 0 0 0 0 0 0 0 0 0 0 0 0 0 0 0 0 0
  0 0 0 0 0 0 0 0 0 0 0 0 0 0 0 0 0 0 0 0 0 0 0 0 0 0 0 0 0 0 0 0 0 0 0 0 0 0 0
  0 0 0 0 0 0 0 0 0 0 0 0 0 0 0 0 0 0 0 0 0 0 0 0 0 0 0 0 0 0 0 0 0 0 0 0 0 0 0
  0 0 0 0 0 0 0 0 0 0 0 0 0 0 0 0 0 0 0 0 0 0 0 0 0 0 0 0 0 0 0 0 0 0 0 0 0 0 0
  0 0 0 0 0 0 0 0 0 0 0 0 0 0 0 0 0 0 0 0 0 0 0 0 0 0 0 0 0 0 0 0 0 0 0 0 0 0 0
  0 0 0 0 0 0 0 0 0 0 0 0 0 0 0 0 0 0 0 0 0 0 0 0 0 0 0 0 0 0 0 0 0 0 0 0 0 0 0
  0 0 0 0 0 0 0 0 0 0 0 0 0 0 0 0 0 0 0 0 0 0 0 0 0 0 0 0 0 0 0 0 0 0 0 0 0 0 0
  0 0 0 0 0 0 0 0 0 0 0 0 0 0 0 0 0 0 0 0 0 0 0 0 0 0 0 0 0 0 0 0 0 0 0 0 0 0 0
  0 0 0 0 0 0 0 0 0 0 0 0 0 0 0 0 0 0 0 0 0 0 0 0 0 0 0 0 0 0 0 0 0 0 0 0 0 0 0
  0 0 0 0 0 0 0 0 0 0 0 0 0 0 0 0 0 0 0 0 0 0 0 0 0 0 0 0 0 0 0 0 0 0 0 0 0 0 0
  0 0 0 0 0 0 0 0 0 0 0 0 0 0 0 0 0 0 0 0 0 0 0 0 0 0 0 0 0 0 0 0 0 0 0 0 0 0 0
  0 0 0 0 0 0 0 0 0 0 0 0 0 0 0 0 0 0 0 0 0 0 0 0 0 0 0 0 0 0 0 0 0 0 0 0 0 0 0
  0 0 0 0 0 0 0 0 0 0 0 0 0 0 0 0 0 0 0 0 0 0 0 0 0 0 0 0 0 0 0 0 0 0 0 0 0 0 0
  0 0 0 0 0 0 0 0 0 0 0 0 0 0 0 0 0 0 0 0 0 0 0 0 0 0 0 0 0 0 0 0 0 0 0 0 0 0 0
  0 0 0 0 0 0 0 0 0 0 0 0 0 0 0 0 0 0 0 0 0 0 0 0 0 0 0 0 0 0 0 0 0 0 0 0 0 0 0
  0 0 0 0 0 0 0 0 0 0 0 0 0 0 0 0 0 0 0 0 0 0 0 0 0 0 0 0 0 0 0 0 0 0 0 0 0 0 0
  0 0 0 0 0 0 0 0 0 0 0 0 0 0 0 0 0 0 0 0 0 0 0 0 0 0 0 0 0 0 0 0 0 0 0 0 0 0 0
  0 0 0 0 0 0 0 0 0 0 0 0 0 0 0 0 0 0 0 0 0 0 0 0 0 0 0 0 0 0 0 0 0 0 0 0 0 0 0
  0 0 0 0 0 0 0 0 0 0 0 0 0 0 0 0 0 0 0 0 0 0 0 0 0 0 0 0 0 0 0 0 0 0 0 0 0 0 0
  0 0 0 0 0 0 0 0 0 0 0 0 0 0 0 0 0 0 0 0 0 0 0 0 0 0 0 0 0 0 0 0 0 0 0 0 0 0 0
  0 0 0 0 0 0 0 0 0 0 0 0 0 0 0 0 0 0 0 0 0 0 0 0 0 0 0 0 0 0 0 0 0 0 0 0 0 0 0
  0 0 0 0 0 0 0 0 0 0 0 0 0 0 0 0 0 0 0 0 0 0 0 0 0 0 0 0 0 0 0 0 0 0 0 0 0 0 0
  0 0 0 0 0 0 0 0 0 0 0 0 0 0 0 0 0 0 0 0 0 0 0 0 0 0 0 0 0 0 0 0 0 0 0 0 0 0 0
  0 0 0 0 0 0 0 0 0 0 0 0 0 0 0 0 0 0 0 0 0 0 0 0 0 0 0 0 0 0 0 0 0 0 0 0 0 0 0
  0 0 0 0 0 0 0 0 0 0 0 0 0 0 0 0 0 0 0 0 0 0 0 0 0 0 0 0 0 0 0 0 0 0 0 0 0 0 0
  0 0 0 0 0 0 0 0 0 0 0 0 0 0 0 0 0 0 0 0 0 0 0 0 0 0 0 0 0 0 0 0 0 0 0 0 0 0 0
  0 0 0 0 0 0 0 0 0 0 0 0 0 0 0 0 0 0 0 0 0 0 0 0 0 0 0 0 0 0 0 0 0 0 0 0 0 0 0
  0 0 0 0 0 0 0 0 0 0 0 0 0 0 0 0 0 0 0 0 0 0 0 0 0 0 0 0 0 0 0 0 0 0 0 0 0 0 0
  0 0 0 0 0 0 0 0 0 0 0 0 0 0 0 0 0 0 0 0 0 0 0 0 0 0 0 0 0 0 0 0 0 0 0 0 0 0 0
  0 0 0 0 0 0 0 0 0 0 0 0 0 0 0 0 0 0 0 0 0 0 0 0 0 0 0 0 0 0 0 0 0 0 0 0 0 0 0
  0 0 0 0 0 0 0 0 0 0 0 0 0 0 0 0 0 0 0 0 0 0 0 0 0 0 0 0 0 0 0 0 0 0 0 0 0 0 0
  0 0 0 0 0 0 0 0 0 0 0 0 0 0 0 0 0 0 0 0 0 0 0 0 0 0 0 0 0 0 0 0 0 0 0 0 0 0 0
  0 0 0 0 0 0 0 0 0 0 0 0 0 0 0 0 0 0 0 0 0 0 0 0 0 0 0 0 0 0 0 0 0 0 0 0 0 0 0
  0 0 0 0 0 0 0 0 0 0 0 0 0 0 0 0 0 0 0 0 0 0 0 0 0 0 0 0 0 0 0 0 0 0 0 0 0 0 0
  0 0 0 0 0 0 0 0 0 0 0 0 0 0 0 0 0 0 0 0 0 0 0 0 0 0 0 0 0 0 0 0 0 0 0 0 0 0 0
  0 0 0 0 0 0 0 0 0 0 0 0 0 0 0 0 0 0 0 0 0 0 0 0 0 0 0 0 0 0 0 0 0 0 0 0 0 0 0
  0 0 0 0 0 0 0 0 0 0 0 0 0 0 0 0 0 0 0 0 0 0 0 0 0 0 0 0 0 0 0 0 0 0 0 0 0 0 0
  0 0 0 0 0 0 0 0 0 0 0 0 0 0 0 0 0 0 0 0 0 0 0 0 0 0 0 0 0 0 0 0 0 0 0 0 0 0 0
  0 0 0 0 0 0 0 0 0 0 0 0 0 0 0 0 0 0 0 0 0 0 0 0 0 0 0 0 0 0 0 0 0 0 0 0 0 0 0
  0 0 0 0 0 0 0 0 0 0 0 0 0 0 0 0 0 0 0 0 0 0 0 0 0 0 0 0 0 0 0 0 0 0 0 0 0 0 0
  0 0 0 0 0 0 0 0 0 0 0 0 0 0 0 0 0 0 0 0 0 0 0 0 0 0 0 0 0 0 0 0 0 0 0 0 0 0 0
  0 0 0 0 0 0 0 0 0 0 0 0 0 0 0 0 0 0 0 0 0 0 0 0 0 0 0 0 0 0 0 0 0 0 0 0 0 0 0
  0 0 0 0 0 0 0 0 0 0 0 0 0 0 0 0 0 0 0 0 0 0 0 0 0 0 0 0 0 0 0 0 0 0 0 0 0 0 0
  0 0 0 0 0 0 0 0 0 0 0 0 0 0 0 0 0 0 0 0 0 0 0 0 0 0 0 0 0 0 0 0 0 0 0 0 0 0 0
  0 0 0 0 0 0 0 0 0 0 0 0 0 0 0 0 0 0 0 0 0 0 0 0 0 0 0 0 0 0 0 0 0 0 0 0 0 0 0
  0 0 0 0 0 0 0 0 0 0 0 0 0 0 0 0 0 0 0 0 0 0 0 0 0 0 0 0 0 0 0 0 0 0 0 0 0 0 0
  0 0 0 0 0 0 0 0 0 0 0 0 0 0 0 0 0 0 0 0 0 0 0 0 0 0 0 0 0 0 0 0 0 0 0 0 0 0 0
  0 0 0 0 0 0 0 0 0 0 0 0 0 0 0 0 0 0 0 0 0 0 0 0 0 0 0 0 0 0 0 0 0 0 0 0 0 0 0
  0 0 0 0 0 0 0 0 0 0 0 0 0 0 0 0 0 0 0 0 0 0 0 0 0 0 0 0 0 0 0 0 0 0 0 0 0 0 0
  0 0 0 0 0 0 0 0 0 0 0 0 0 0 0 0 0 0 0 0 0 0 0 0 0 0 0 0 0 0 0 0 0 0 0 0 0 0 0
  0 0 0 0 0 0 0 0 0 0 0 0 0 0 0 0 0 0 0 0 0 0 0 0 0 0 0 0 0 0 0 0 0 0 0 0 0 0 0
  0 0 0 0 0 0 0 0 0 0 0 0 0 0 0 0 0 0 0 0 0 0 0 0 0 0 0 0 0 0 0 0 0 0 0 0 0 0 0
  0 0 0 0 0 0 0 0 0 0 0 0 0 0 0 0 0 0 0 0 0 0 0 0 0 0 0 0 0 0 0 0 0 0 0 0 0 0 0
  0) 
#(13 12 11 12 11 12 13 12 11 12 11 10 11 10 9 10 14 13 12 11 10 11 12 11 10 11
  10 9 10 9 9 10 13 12 11 10 9 10 11 10 9 10 9 8 9 9 10 11 14 13 12 11 10 9 10
  9 8 9 8 8 9 10 11 12 13 12 11 10 9 8 9 8 7 8 7 8 9 10 11 12 14 13 12 11 10 9
  8 7 6 7 8 9 10 11 12 13 13 12 11 10 9 8 7 6 5 6 7 8 9 10 11 12 14 13 12 11 10
  9 8 7 6 7 8 9 10 11 12 13 13 12 11 10 9 8 7 6 5 6 7 8 9 10 11 12 14 13 12 11
  10 9 8 7 6 7 8 9 10 11 12 13 13 12 11 10 9 8 7 8 7 8 7 8 9 10 11 12 14 13 12
  11 10 9 8 9 8 9 8 7 8 9 10 11 13 12 11 10 9 8 9 10 9 10 9 8 9 10 11 12 14 13
  12 11 10 9 10 11 10 11 10 9 10 11 10 11 13 12 11 10 9 10 11 12 11 12 11 10 11
  12 11 10 14 13 12 11 10 11 12 13 12 13 12 11 12 13 12 11 13 12 11 12 11 12 13
  12 11 12 11 10 11 10 10 11 14 13 12 11 10 11 12 11 10 11 10 9 10 9 10 11 13
  12 11 10 9 10 11 10 9 10 9 8 9 10 11 12 14 13 12 11 10 9 10 9 8 9 8 9 10 11
  12 13 13 12 11 10 9 8 9 8 7 8 7 8 9 10 11 12 14 13 12 11 10 9 8 7 6 7 8 9 10
  11 12 13 13 12 11 10 9 8 7 6 5 6 7 8 9 10 11 12 14 13 12 11 10 9 8 7 6 7 8 9
  10 11 12 13 13 12 11 10 9 8 7 6 5 6 7 8 9 10 11 12 14 13 12 11 10 9 8 7 6 7 8
  9 10 11 12 13 13 12 11 10 9 8 7 8 7 8 7 8 9 10 11 12 14 13 12 11 10 9 8 9 8 9
  8 7 8 9 10 11 13 12 11 10 9 8 9 10 9 10 9 8 9 10 11 12 14 13 12 11 10 9 10 11
  10 11 10 9 10 11 10 11 13 12 11 10 9 10 11 12 11 12 11 10 11 12 11 10 14 13
  12 11 10 11 12 13 12 13 12 11 12 13 12 11 13 12 11 12 11 12 13 12 11 12 11 10
  11 10 11 12 14 13 12 11 10 11 12 11 10 11 10 9 10 9 10 11 13 12 11 10 9 10 11
  10 9 10 9 8 9 10 11 12 14 13 12 11 10 9 10 9 8 9 8 9 10 11 12 13 13 12 11 10
  9 8 9 8 7 8 7 8 9 10 11 12 14 13 12 11 10 9 8 7 6 7 8 9 10 11 12 13 13 12 11
  10 9 8 7 6 5 6 7 8 9 10 11 12 14 13 12 11 10 9 8 7 6 7 8 9 10 11 12 13 13 12
  11 10 9 8 7 6 5 6 7 8 9 10 11 12 14 13 12 11 10 9 8 7 6 7 8 9 10 11 12 13 13
  12 11 10 9 8 7 8 7 8 7 8 9 10 11 12 14 13 12 11 10 9 8 9 8 9 8 7 8 9 10 11 13
  12 11 10 9 8 9 10 9 10 9 8 9 10 11 12 14 13 12 11 10 9 10 11 10 11 10 9 10 11
  10 11 13 12 11 10 9 10 11 12 11 12 11 10 11 12 11 10 14 13 12 11 10 11 12 13
  12 13 12 11 12 13 12 11 13 12 11 12 11 12 13 12 11 12 11 10 11 10 11 12 14 13
  12 11 10 11 12 11 10 11 10 9 10 9 10 11 13 12 11 10 9 10 11 10 9 10 9 8 9 10
  11 12 14 13 12 11 10 9 10 9 8 9 8 9 10 11 12 13 13 12 11 10 9 8 9 8 7 8 7 8 9
  10 11 12 14 13 12 11 10 9 8 7 6 7 8 9 10 11 12 13 13 12 11 10 9 8 7 6 5 6 7 8
  9 10 11 12 14 13 12 11 10 9 8 7 6 7 8 9 10 11 12 13 13 12 11 10 9 8 7 6 5 6 7
  8 9 10 11 12 14 13 12 11 10 9 8 7 6 7 8 9 10 11 12 13 13 12 11 10 9 8 7 8 7 8
  7 8 9 10 11 12 14 13 12 11 10 9 8 9 8 9 8 7 8 9 10 11 13 12 11 10 9 8 9 10 9
  10 9 8 9 10 11 12 14 13 12 11 10 9 10 11 10 11 10 9 10 11 10 11 13 12 11 10 9
  10 11 12 11 12 11 10 11 12 11 10 14 13 12 11 10 11 12 13 12 13 12 11 12 13 12
  11 13 12 11 12 11 12 13 12 11 12 11 10 11 10 11 12 14 13 12 11 10 11 12 11 10
  11 10 9 10 9 10 11 13 12 11 10 9 10 11 10 9 10 9 8 9 10 11 12 14 13 12 11 10
  9 10 9 8 9 8 9 10 11 12 13 13 12 11 10 9 8 9 8 7 8 7 8 9 10 11 12 14 13 12 11
  10 9 8 7 6 7 8 9 10 11 12 13 13 12 11 10 9 8 7 6 5 6 7 8 9 10 11 12 14 13 12
  11 10 9 8 7 6 7 8 9 10 11 12 13 13 12 11 10 9 8 7 6 5 6 7 8 9 10 11 12 14 13
  12 11 10 9 8 7 6 7 8 9 10 11 12 13 13 12 11 10 9 8 7 8 7 8 7 8 9 10 11 12 14
  13 12 11 10 9 8 9 8 9 8 7 8 9 10 11 13 12 11 10 9 8 9 10 9 10 9 8 9 10 11 12
  14 13 12 11 10 9 10 11 10 11 10 9 10 11 10 11 13 12 11 10 9 10 11 12 11 12 11
  10 11 12 11 10 14 13 12 11 10 11 12 13 12 13 12 11 12 13 12 11 13 12 11 12 11
  12 13 12 11 12 11 10 11 10 11 12 14 13 12 11 10 11 12 11 10 11 10 9 10 9 10
  11 13 12 11 10 9 10 11 10 9 10 9 8 9 10 11 12 14 13 12 11 10 9 10 9 8 9 8 9
  10 11 12 13 13 12 11 10 9 8 9 8 7 8 7 8 9 10 11 12 14 13 12 11 10 9 8 7 6 7 8
  9 10 11 12 13 13 12 11 10 9 8 7 6 5 6 7 8 9 10 11 12 14 13 12 11 10 9 8 7 6 7
  8 9 10 11 12 13 13 12 11 10 9 8 7 6 5 6 7 8 9 10 11 12 14 13 12 11 10 9 8 7 6
  7 8 9 10 11 12 13 13 12 11 10 9 8 7 8 7 8 7 8 9 10 11 12 14 13 12 11 10 9 8 9
  8 9 8 7 8 9 10 11 13 12 11 10 9 8 9 10 9 10 9 8 9 10 11 12 14 13 12 11 10 9
  10 11 10 11 10 9 10 11 10 11 13 12 11 10 9 10 11 12 11 12 11 10 11 12 11 10
  14 13 12 11 10 11 12 13 12 13 12 11 12 13 12 11 13 12 11 12 11 12 13 12 11 12
  11 10 11 10 11 12 14 13 12 11 10 11 12 11 10 11 10 9 10 9 10 11 13 12 11 10 9
  10 11 10 9 10 9 8 9 10 11 12 14 13 12 11 10 9 10 9 8 9 8 9 10 11 12 13 13 12
  11 10 9 8 9 8 7 8 7 8 9 10 11 12 14 13 12 11 10 9 8 7 6 7 8 9 10 11 12 13 13
  12 11 10 9 8 7 6 5 6 7 8 9 10 11 12 14 13 12 11 10 9 8 7 6 7 8 9 10 11 12 13
  13 12 11 10 9 8 7 6 5 6 7 8 9 10 11 12 14 13 12 11 10 9 8 7 6 7 8 9 10 11 12
  13 13 12 11 10 9 8 7 8 7 8 7 8 9 10 11 12 14 13 12 11 10 9 8 9 8 9 8 7 8 9 10
  11 13 12 11 10 9 8 9 10 9 10 9 8 9 10 11 12 14 13 12 11 10 9 10 11 10 11 10 9
  10 11 10 11 13 12 11 10 9 10 11 12 11 12 11 10 11 12 11 10 14 13 12 11 10 11
  12 13 12 13 12 11 12 13 12 11 13 12 11 12 11 12 13 12 11 12 11 10 11 10 11 12
  14 13 12 11 10 11 12 11 10 11 10 9 10 9 10 11 13 12 11 10 9 10 11 10 9 10 9 8
  9 10 11 12 14 13 12 11 10 9 10 9 8 9 8 9 10 11 12 13 13 12 11 10 9 8 9 8 7 8
  7 8 9 10 11 12 14 13 12 11 10 9 8 7 6 7 8 9 10 11 12 13 13 12 11 10 9 8 7 6 5
  6 7 8 9 10 11 12 14 13 12 11 10 9 8 7 6 7 8 9 10 11 12 13 13 12 11 10 9 8 7 6
  5 6 7 8 9 10 11 12 14 13 12 11 10 9 8 7 6 7 8 9 10 11 12 13 13 12 11 10 9 8 7
  8 7 8 7 8 9 10 11 12 14 13 12 11 10 9 8 9 8 9 8 7 8 9 10 11 13 12 11 10 9 8 9
  10 9 10 9 8 9 10 11 12 14 13 12 11 10 9 10 11 10 11 10 9 10 11 10 11 13 12 11
  10 9 10 11 12 11 12 11 10 11 12 11 10 14 13 12 11 10 11 12 13 12 13 12 11 12
  13 12 11 13 12 11 12 11 12 13 12 11 12 11 10 11 10 11 12 14 13 12 11 10 11 12
  11 10 11 10 9 10 9 10 11 13 12 11 10 9 10 11 10 9 10 9 8 9 10 11 12 14 13 12
  11 10 9 10 9 8 9 8 9 10 11 12 13 13 12 11 10 9 8 9 8 7 8 7 8 9 10 11 12 14 13
  12 11 10 9 8 7 6 7 8 9 10 11 12 13 13 12 11 10 9 8 7 6 5 6 7 8 9 10 11 12 14
  13 12 11 10 9 8 7 6 7 8 9 10 11 12 13 13 12 11 10 9 8 7 6 5 6 7 8 9 10 11 12
  14 13 12 11 10 9 8 7 6 7 8 9 10 11 12 13 13 12 11 10 9 8 7 8 7 8 7 8 9 10 11
  12 14 13 12 11 10 9 8 9 8 9 8 7 8 9 10 11 13 12 11 10 9 8 9 10 9 10 9 8 9 10
  11 12 14 13 12 11 10 9 10 11 10 11 10 9 10 11 10 11 13 12 11 10 9 10 11 12 11
  12 11 10 11 12 11 10 14 13 12 11 10 11 12 13 12 13 12 11 12 13 12 11 13 12 11
  12 11 12 13 12 11 12 11 10 11 10 11 12 14 13 12 11 10 11 12 11 10 11 10 9 10
  9 10 11 13 12 11 10 9 10 11 10 9 10 9 8 9 10 11 12 14 13 12 11 10 9 10 9 8 9
  8 9 10 11 12 13 13 12 11 10 9 8 9 8 7 8 7 8 9 10 11 12 14 13 12 11 10 9 8 7 6
  7 8 9 10 11 12 13 13 12 11 10 9 8 7 6 5 6 7 8 9 10 11 12 14 13 12 11 10 9 8 7
  6 7 8 9 10 11 12 13 13 12 11 10 9 8 7 6 5 6 7 8 9 10 11 12 14 13 12 11 10 9 8
  7 6 7 8 9 10 11 12 13 13 12 11 10 9 8 7 8 7 8 7 8 9 10 11 12 14 13 12 11 10 9
  8 9 8 9 8 7 8 9 10 11 13 12 11 10 9 8 9 10 9 10 9 8 9 10 11 12 14 13 12 11 10
  9 10 11 10 11 10 9 10 11 10 11 13 12 11 10 9 10 11 12 11 12 11 10 11 12 11 10
  14 13 12 11 10 11 12 13 12 13 12 11 12 13 12 11 13 12 11 12 11 12 13 12 11 12
  11 10 11 10 11 12 14 13 12 11 10 11 12 11 10 11 10 9 10 9 10 11 13 12 11 10 9
  10 11 10 9 10 9 8 9 10 11 12 14 13 12 11 10 9 10 9 8 9 8 9 10 11 12 13 13 12
  11 10 9 8 9 8 7 8 7 8 9 10 11 12 14 13 12 11 10 9 8 7 6 7 8 9 10 11 12 13 13
  12 11 10 9 8 7 6 5 6 7 8 9 10 11 12 14 13 12 11 10 9 8 7 6 7 8 9 10 11 12 13
  13 12 11 10 9 8 7 6 5 6 7 8 9 10 11 12 14 13 12 11 10 9 8 7 6 7 8 9 10 11 12
  13 13 12 11 10 9 8 7 8 7 8 7 8 9 10 11 12 14 13 12 11 10 9 8 9 8 9 8 7 8 9 10
  11 13 12 11 10 9 8 9 10 9 10 9 8 9 10 11 12 14 13 12 11 10 9 10 11 10 11 10 9
  10 11 10 11 13 12 11 10 9 10 11 12 11 12 11 10 11 12 11 10 14 13 12 11 10 11
  12 13 12 13 12 11 12 13 12 11 13 12 11 12 11 12 13 12 11 12 11 10 11 10 11 12
  14 13 12 11 10 11 12 11 10 11 10 9 10 9 10 11 13 12 11 10 9 10 11 10 9 10 9 8
  9 10 11 12 14 13 12 11 10 9 10 9 8 9 8 9 10 11 12 13 13 12 11 10 9 8 9 8 7 8
  7 8 9 10 11 12 14 13 12 11 10 9 8 7 6 7 8 9 10 11 12 13 13 12 11 10 9 8 7 6 5
  6 7 8 9 10 11 12 14 13 12 11 10 9 8 7 6 7 8 9 10 11 12 13 13 12 11 10 9 8 7 6
  5 6 7 8 9 10 11 12 14 13 12 11 10 9 8 7 6 7 8 9 10 11 12 13 13 12 11 10 9 8 7
  8 7 8 7 8 9 10 11 12 14 13 12 11 10 9 8 9 8 9 8 7 8 9 10 11 13 12 11 10 9 8 9
  10 9 10 9 8 9 10 11 12 14 13 12 11 10 9 10 11 10 11 10 9 10 11 10 11 13 12 11
  10 9 10 11 12 11 12 11 10 11 12 11 10 14 13 12 11 10 11 12 13 12 13 12 11 12
  13 12 11 13 12 11 12 11 12 13 12 11 12 11 10 11 10 11 12 14 13 12 11 10 11 12
  11 10 11 10 9 10 9 10 11 13 12 11 10 9 10 11 10 9 10 9 8 9 10 11 12 14 13 12
  11 10 9 10 9 8 9 8 9 10 11 12 13 13 12 11 10 9 8 9 8 7 8 7 8 9 10 11 12 14 13
  12 11 10 9 8 7 6 7 8 9 10 11 12 13 13 12 11 10 9 8 7 6 5 6 7 8 9 10 11 12 14
  13 12 11 10 9 8 7 6 7 8 9 10 11 12 13 13 12 11 10 9 8 7 6 5 6 7 8 9 10 11 12
  14 13 12 11 10 9 8 7 6 7 8 9 10 11 12 13 13 12 11 10 9 8 7 8 7 8 7 8 9 10 11
  12 14 13 12 11 10 9 8 9 8 9 8 7 8 9 10 11 13 12 11 10 9 8 9 10 9 10 9 8 9 10
  11 12 14 13 12 11 10 9 10 11 10 11 10 9 10 11 10 11 13 12 11 10 9 10 11 12 11
  12 11 10 11 12 11 10 14 13 12 11 10 11 12 13 12 13 12 11 12 13 12 11 13 12 11
  12 11 12 13 12 11 12 11 10 11 10 11 12 14 13 12 11 10 11 12 11 10 11 10 9 10
  9 10 11 13 12 11 10 9 10 11 10 9 10 9 8 9 10 11 12 14 13 12 11 10 9 10 9 8 9
  8 9 10 11 12 13 13 12 11 10 9 8 9 8 7 8 7 8 9 10 11 12 14 13 12 11 10 9 8 7 6
  7 8 9 10 11 12 13 13 12 11 10 9 8 7 6 5 6 7 8 9 10 11 12 14 13 12 11 10 9 8 7
  6 7 8 9 10 11 12 13 13 12 11 10 9 8 7 6 5 6 7 8 9 10 11 12 14 13 12 11 10 9 8
  7 6 7 8 9 10 11 12 13 13 12 11 10 9 8 7 8 7 8 7 8 9 10 11 12 14 13 12 11 10 9
  8 9 8 9 8 7 8 9 10 11 13 12 11 10 9 8 9 10 9 10 9 8 9 10 11 12 14 13 12 11 10
  9 10 11 10 11 10 9 10 11 10 11 13 12 11 10 9 10 11 12 11 12 11 10 11 12 11 10
  14 13 12 11 10 11 12 13 12 13 12 11 12 13 12 11 13 12 11 12 11 12 13 12 11 12
  11 10 11 10 11 12 14 13 12 11 10 11 12 11 10 11 10 9 10 9 10 11 13 12 11 10 9
  10 11 10 9 10 9 8 9 10 11 12 14 13 12 11 10 9 10 9 8 9 8 9 10 11 12 13 13 12
  11 10 9 8 9 8 7 8 7 8 9 10 11 12 14 13 12 11 10 9 8 7 6 7 8 9 10 11 12 13 13
  12 11 10 9 8 7 6 5 6 7 8 9 10 11 12 14 13 12 11 10 9 8 7 6 7 8 9 10 11 12 13
  13 12 11 10 9 8 7 6 5 6 7 8 9 10 11 12 14 13 12 11 10 9 8 7 6 7 8 9 10 11 12
  13 13 12 11 10 9 8 7 8 7 8 7 8 9 10 11 12 14 13 12 11 10 9 8 9 8 9 8 7 8 9 10
  11 13 12 11 10 9 8 9 10 9 10 9 8 9 10 11 12 14 13 12 11 10 9 10 11 10 11 10 9
  10 11 10 11 13 12 11 10 9 10 11 12 11 12 11 10 11 12 11 10 14 13 12 11 10 11
  12 13 12 13 12 11 12 13 12 11 13 12 11 12 11 12 13 12 11 12 11 10 11 10 11 12
  14 13 12 11 10 11 12 11 10 11 10 9 10 9 10 11 13 12 11 10 9 10 11 10 9 10 9 8
  9 10 11 12 14 13 12 11 10 9 10 9 8 9 8 9 10 11 12 13 13 12 11 10 9 8 9 8 7 8
  7 8 9 10 11 12 14 13 12 11 10 9 8 7 6 7 8 9 10 11 12 13 13 12 11 10 9 8 7 6 5
  6 7 8 9 10 11 12 14 13 12 11 10 9 8 7 6 7 8 9 10 11 12 13 13 12 11 10 9 8 7 6
  5 6 7 8 9 10 11 12 14 13 12 11 10 9 8 7 6 7 8 9 10 11 12 13 13 12 11 10 9 8 7
  8 7 8 7 8 9 10 11 12 14 13 12 11 10 9 8 9 8 9 8 7 8 9 10 11 13 12 11 10 9 8 9
  10 9 10 9 8 9 10 11 12 14 13 12 11 10 9 10 11 10 11 10 9 10 11 10 11 13 12 11
  10 9 10 11 12 11 12 11 10 11 12 11 10 14 13 12 11 10 11 12 13 12 13 12 11 12
  13 12 11) 