
#(0 0 0 0 0 0 0 0 0 0 0 0 0 0 0 0 0 0 0 0 0 0 0 0 0 0 0 0 0 0 0 0 0 0 0 0 0 0 0
  0 0 0 0 0 0 0 0 0 0 0 0 0 0 0 0 0 0 0 0 0 0 0 0 0 0 0 0 0 0 0 0 0 0 0 0 0 0 0
  0 0 0 0 0 0 0 0 0 0 0 0 0 0 0 0 0 0 0 0 0 0 0 0 0 0 0 0 0 0 0 0 0 0 0 0 0 0 0
  0 0 0 0 0 0 0 0 0 0 0 0 0 0 0 0 0 0 0 0 0 0 0 0 0 0 0 0 0 0 0 0 0 0 0 0 0 0 0
  0 0 0 0 0 0 0 0 0 0 0 0 0 0 0 0 0 0 0 0 0 0 0 0 0 0 0 0 0 0 0 0 0 0 0 0 0 0 0
  0 0 0 0 0 0 0 0 0 0 0 0 0 0 0 0 0 0 0 0 0 0 0 0 0 0 0 0 0 0 0 0 0 0 0 0 0 0 0
  0 0 0 0 0 0 0 0 0 0 0 0 0 0 0 0 0 0 0 0 0 0 0 0 0 0 0 0 0 0 0 0 0 0 0 0 0 0 0
  0 0 0 0 0 0 0 0 0 0 0 0 0 0 0 0 0 0 0 0 0 0 0 0 0 0 0 0 0 0 0 0 0 0 0 0 0 0 0
  0 0 0 0 0 0 0 0 0 0 0 0 0 0 0 0 0 0 0 0 0 0 0 0 0 0 0 0 0 0 0 0 0 0 0 0 0 0 0
  0 0 0 0 0 0 0 0 0 0 0 0 0 0 0 0 0 0 0 0 0 0 0 0 0 0 0 0 0 0 0 0 0 0 0 0 0 0 0
  0 0 0 0 0 0 0 0 0 0 0 0 0 0 0 0 0 0 0 0 0 0 0 0 0 0 0 0 0 0 0 0 0 0 0 0 0 0 0
  0 0 0 0 0 0 0 0 0 0 0 0 0 0 0 0 0 0 0 0 0 0 0 0 0 0 0 0 0 0 0 0 0 0 0 0 0 0 0
  0 0 0 0 0 0 0 0 0 0 0 0 0 0 0 0 0 0 0 0 0 0 0 0 0 0 0 0 0 0 0 0 0 0 0 0 0 0 0
  0 0 0 0 0 0 0 0 0 0 0 0 0 0 0 0 0 0 0 0 0 0 0 0 0 0 0 0 0 0 0 0 0 0 0 0 0 0 0
  0 0 0 0 0 0 0 0 0 0 0 0 0 0 0 0 0 0 0 0 0 0 0 0 0 0 0 0 0 0 0 0 0 0 0 0 0 0 0
  0 0 0 0 0 0 0 0 0 0 0 0 0 0 0 0 0 0 0 0 0 0 0 0 0 0 0 0 0 0 0 0 0 0 0 0 0 0 0
  0 0 0 0 0 0 0 0 0 0 0 0 0 0 0 0 0 0 0 0 0 0 0 0 0 0 0 0 0 0 0 0 0 0 0 0 0 0 0
  0 0 0 0 0 0 0 0 0 0 0 0 0 0 0 0 0 0 0 0 0 0 0 0 0 0 0 0 0 0 0 0 0 0 0 0 0 0 0
  0 0 0 0 0 0 0 0 0 0 0 0 0 0 0 0 0 0 0 0 0 0 0 0 0 0 0 0 0 0 0 0 0 0 0 0 0 0 0
  0 0 0 0 0 0 0 0 0 0 0 0 0 0 0 0 0 0 0 0 0 0 0 0 0 0 0 0 0 0 0 0 0 0 0 0 0 0 0
  0 0 0 0 0 0 0 0 0 0 0 0 0 0 0 0 0 0 0 0 0 0 0 0 0 0 0 0 0 0 0 0 0 0 0 0 0 0 0
  0 0 0 0 0 0 0 0 0 0 0 0 0 0 0 0 0 0 0 0 0 0 0 0 0 0 0 0 0 0 0 0 0 0 0 0 0 0 0
  0 0 0 0 0 0 0 0 0 0 0 0 0 0 0 0 0 0 0 0 0 0 0 0 0 0 0 0 0 0 0 0 0 0 0 0 0 0 0
  0 0 0 0 0 0 0 0 0 0 0 0 0 0 0 0 0 0 0 0 0 0 0 0 0 0 0 0 0 0 0 0 0 0 0 0 0 0 0
  0 0 0 0 0 0 0 0 0 0 0 0 0 0 0 0 0 0 0 0 0 0 0 0 0 0 0 0 0 0 0 0 0 0 0 0 0 0 0
  0 0 0 0 0 0 0 0 0 0 0 0 0 0 0 0 0 0 0 0 0 0 0 0 0 0 0 0 0 0 0 0 0 0 0 0 0 0 0
  0 0 0 0 0 0 0 0 0 0 0 0 0 0 0 0 0 0 0 0 0 0 0 0 0 0 0 0 0 0 0 0 0 0 0 0 0 0 0
  0 0 0 0 0 0 0 0 0 0 0 0 0 0 0 0 0 0 0 0 0 0 0 0 0 0 0 0 0 0 0 0 0 0 0 0 0 0 0
  0 0 0 0 0 0 0 0 0 0 0 0 0 0 0 0 0 0 0 0 0 0 0 0 0 0 0 0 0 0 0 0 0 0 0 0 0 0 0
  0 0 0 0 0 0 0 0 0 0 0 0 0 0 0 0 0 0 0 0 0 0 0 0 0 0 0 0 0 0 0 0 0 0 0 0 0 0 0
  0 0 0 0 0 0 0 0 0 0 0 0 0 0 0 0 0 0 0 0 0 0 0 0 0 0 0 0 0 0 0 0 0 0 0 0 0 0 0
  0 0 0 0 0 0 0 0 0 0 0 0 0 0 0 0 0 0 0 0 0 0 0 0 0 0 0 0 0 0 0 0 0 0 0 0 0 0 0
  0 0 0 0 0 0 0 0 0 0 0 0 0 0 0 0 0 0 0 0 0 0 0 0 0 0 0 0 0 0 0 0 0 0 0 0 0 0 0
  0 0 0 0 0 0 0 0 0 0 0 0 0 0 0 0 0 0 0 0 0 0 0 0 0 0 0 0 0 0 0 0 0 0 0 0 0 0 0
  0 0 0 0 0 0 0 0 0 0 0 0 0 0 0 0 0 0 0 0 0 0 0 0 0 0 0 0 0 0 0 0 0 0 0 0 0 0 0
  0 0 0 0 0 0 0 0 0 0 0 0 0 0 0 0 0 0 0 0 0 0 0 0 0 0 0 0 0 0 0 0 0 0 0 0 0 0 0
  0 0 0 0 0 0 0 0 0 0 0 0 0 0 0 0 0 0 0 0 0 0 0 0 0 0 0 0 0 0 0 0 0 0 0 0 0 0 0
  0 0 0 0 0 0 0 0 0 0 0 0 0 0 0 0 0 0 0 0 0 0 0 0 0 0 0 0 0 0 0 0 0 0 0 0 0 0 0
  0 0 0 0 0 0 0 0 0 0 0 0 0 0 0 0 0 0 0 0 0 0 0 0 0 0 0 0 0 0 0 0 0 0 0 0 0 0 0
  0 0 0 0 0 0 0 0 0 0 0 0 0 0 0 0 0 0 0 0 0 0 0 0 0 0 0 0 0 0 0 0 0 0 0 0 0 0 0
  0 0 0 0 0 0 0 0 0 0 0 0 0 0 0 0 0 0 0 0 0 0 0 0 0 0 0 0 0 0 0 0 0 0 0 0 0 0 0
  0 0 0 0 0 0 0 0 0 0 0 0 0 0 0 0 0 0 0 0 0 0 0 0 0 0 0 0 0 0 0 0 0 0 0 0 0 0 0
  0 0 0 0 0 0 0 0 0 0 0 0 0 0 0 0 0 0 0 0 0 0 0 0 0 0 0 0 0 0 0 0 0 0 0 0 0 0 0
  0 0 0 0 0 0 0 0 0 0 0 0 0 0 0 0 0 0 0 0 0 0 0 0 0 0 0 0 0 0 0 0 0 0 0 0 0 0 0
  0 0 0 0 0 0 0 0 0 0 0 0 0 0 0 0 0 0 0 0 0 0 0 0 0 0 0 0 0 0 0 0 0 0 0 0 0 0 0
  0 0 0 0 0 0 0 0 0 0 0 0 0 0 0 0 0 0 0 0 0 0 0 0 0 0 0 0 0 0 0 0 0 0 0 0 0 0 0
  0 0 0 0 0 0 0 0 0 0 0 0 0 0 0 0 0 0 0 0 0 0 0 0 0 0 0 0 0 0 0 0 0 0 0 0 0 0 0
  0 0 0 0 0 0 0 0 0 0 0 0 0 0 0 0 0 0 0 0 0 0 0 0 0 0 0 0 0 0 0 0 0 0 0 0 0 0 0
  0 0 0 0 0 0 0 0 0 0 0 0 0 0 0 0 0 0 0 0 0 0 0 0 0 0 0 0 0 0 0 0 0 0 0 0 0 0 0
  0 0 0 0 0 0 0 0 0 0 0 0 0 0 0 0 0 0 0 0 0 0 0 0 0 0 0 0 0 0 0 0 0 0 0 0 0 0 0
  0 0 0 0 0 0 0 0 0 0 0 0 0 0 0 0 0 0 0 0 0 0 0 0 0 0 0 0 0 0 0 0 0 0 0 0 0 0 0
  0 0 0 0 0 0 0 0 0 0 0 0 0 0 0 0 0 0 0 0 0 0 0 0 0 0 0 0 0 0 0 0 0 0 0 0 0 0 0
  0 0 0 0 0 0 0 0 0 0 0 0 0 0 0 0 0 0 0 0 0 0 0 0 0 0 0 0 0 0 0 0 0 0 0 0 0 0 0
  0 0 0 0 0 0 0 0 0 0 0 0 0 0 0 0 0 0 0 0 0 0 0 0 0 0 0 0 0 0 0 0 0 0 0 0 0 0 0
  0 0 0 0 0 0 0 0 0 0 0 0 0 0 0 0 0 0 0 0 0 0 0 0 0 0 0 0 0 0 0 0 0 0 0 0 0 0 0
  0 0 0 0 0 0 0 0 0 0 0 0 0 0 0 0 0 0 0 0 0 0 0 0 0 0 0 0 0 0 0 0 0 0 0 0 0 0 0
  0 0 0 0 0 0 0 0 0 0 0 0 0 0 0 0 0 0 0 0 0 0 0 0 0 0 0 0 0 0 0 0 0 0 0 0 0 0 0
  0 0 0 0 0 0 0 0 0 0 0 0 0 0 0 0 0 0 0 0 0 0 0 0 0 0 0 0 0 0 0 0 0 0 0 0 0 0 0
  0 0 0 0 0 0 0 0 0 0 0 0 0 0 0 0 0 0 0 0 0 0 0 0 0 0 0 0 0 0 0 0 0 0 0 0 0 0 0
  0 0 0 0 0 0 0 0 0 0 0 0 0 0 0 0 0 0 0 0 0 0 0 0 0 0 0 0 0 0 0 0 0 0 0 0 0 0 0
  0 0 0 0 0 0 0 0 0 0 0 0 0 0 0 0 0 0 0 0 0 0 0 0 0 0 0 0 0 0 0 0 0 0 0 0 0 0 0
  0 0 0 0 0 0 0 0 0 0 0 0 0 0 0 0 0 0 0 0 0 0 0 0 0 0 0 0 0 0 0 0 0 0 0 0 0 0 0
  0 0 0 0 0 0 0 0 0 0 0 0 0 0 0 0 0 0 0 0 0 0 0 0 0 0 0 0 0 0 0 0 0 0 0 0 0 0 0
  0 0 0 0 0 0 0 0 0 0 0 0 0 0 0 0 0 0 0 0 0 0 0 0 0 0 0 0 0 0 0 0 0 0 0 0 0 0 0
  0 0 0 0 0 0 0 0 0 0 0 0 0 0 0 0 0 0 0 0 0 0 0 0 0 0 0 0 0 0 0 0 0 0 0 0 0 0 0
  0 0 0 0 0 0 0 0 0 0 0 0 0 0 0 0 0 0 0 0 0 0 0 0 0 0 0 0 0 0 0 0 0 0 0 0 0 0 0
  0 0 0 0 0 0 0 0 0 0 0 0 0 0 0 0 0 0 0 0 0 0 0 0 0 0 0 0 0 0 0 0 0 0 0 0 0 0 0
  0 0 0 0 0 0 0 0 0 0 0 0 0 0 0 0 0 0 0 0 0 0 0 0 0 0 0 0 0 0 0 0 0 0 0 0 0 0 0
  0 0 0 0 0 0 0 0 0 0 0 0 0 0 0 0 0 0 0 0 0 0 0 0 0 0 0 0 0 0 0 0 0 0 0 0 0 0 0
  0 0 0 0 0 0 0 0 0 0 0 0 0 0 0 0 0 0 0 0 0 0 0 0 0 0 0 0 0 0 0 0 0 0 0 0 0 0 0
  0 0 0 0 0 0 0 0 0 0 0 0 0 0 0 0 0 0 0 0 0 0 0 0 0 0 0 0 0 0 0 0 0 0 0 0 0 0 0
  0 0 0 0 0 0 0 0 0 0 0 0 0 0 0 0 0 0 0 0 0 0 0 0 0 0 0 0 0 0 0 0 0 0 0 0 0 0 0
  0 0 0 0 0 0 0 0 0 0 0 0 0 0 0 0 0 0 0 0 0 0 0 0 0 0 0 0 0 0 0 0 0 0 0 0 0 0 0
  0 0 0 0 0 0 0 0 0 0 0 0 0 0 0 0 0 0 0 0 0 0 0 0 0 0 0 0 0 0 0 0 0 0 0 0 0 0 0
  0 0 0 0 0 0 0 0 0 0 0 0 0 0 0 0 0 0 0 0 0 0 0 0 0 0 0 0 0 0 0 0 0 0 0 0 0 0 0
  0 0 0 0 0 0 0 0 0 0 0 0 0 0 0 0 0 0 0 0 0 0 0 0 0 0 0 0 0 0 0 0 0 0 0 0 0 0 0
  0 0 0 0 0 0 0 0 0 0 0 0 0 0 0 0 0 0 0 0 0 0 0 0 0 0 0 0 0 0 0 0 0 0 0 0 0 0 0
  0 0 0 0 0 0 0 0 0 0 0 0 0 0 0 0 0 0 0 0 0 0 0 0 0 0 0 0 0 0 0 0 0 0 0 0 0 0 0
  0 0 0 0 0 0 0 0 0 0 0 0 0 0 0 0 0 0 0 0 0 0 0 0 0 0 0 0 0 0 0 0 0 0 0 0 0 0 0
  0 0 0 0 0 0 0 0 0 0 0 0 0 0 0 0 0 0 0 0 0 0 0 0 0 0 0 0 0 0 0 0 0 0 0 0 0 0 0
  0 0 0 0 0 0 0 0 0 0 0 0 0 0 0 0 0 0 0 0 0 0 0 0 0 0 0 0 0 0 0 0 0 0 0 0 0 0 0
  0 0 0 0 0 0 0 0 0 0 0 0 0 0 0 0 0 0 0 0 0 0 0 0 0 0 0 0 0 0 0 0 0 0 0 0 0 0 0
  0 0 0 0 0 0 0 0 0 0 0 0 0 0 0 0 0 0 0 0 0 0 0 0 0 0 0 0 0 0 0 0 0 0 0 0 0 0 0
  0 0 0 0 0 0 0 0 0 0 0 0 0 0 0 0 0 0 0 0 0 0 0 0 0 0 0 0 0 0 0 0 0 0 0 0 0 0 0
  0 0 0 0 0 0 0 0 0 0 0 0 0 0 0 0 0 0 0 0 0 0 0 0 0 0 0 0 0 0 0 0 0 0 0 0 0 0 0
  0 0 0 0 0 0 0 0 0 0 0 0 0 0 0 0 0 0 0 0 0 0 0 0 0 0 0 0 0 0 0 0 0 0 0 0 0 0 0
  0 0 0 0 0 0 0 0 0 0 0 0 0 0 0 0 0 0 0 0 0 0 0 0 0 0 0 0 0 0 0 0 0 0 0 0 0 0 0
  0 0 0 0 0 0 0 0 0 0 0 0 0 0 0 0 0 0 0 0 0 0 0 0 0 0 0 0 0 0 0 0 0 0 0 0 0 0 0
  0 0 0 0 0 0 0 0 0 0 0 0 0 0 0 0 0 0 0 0 0 0 0 0 0 0 0 0 0 0 0 0 0 0 0 0 0 0 0
  0 0 0 0 0 0 0 0 0 0 0 0 0 0 0 0 0 0 0 0 0 0 0 0 0 0 0 0 0 0 0 0 0 0 0 0 0 0 0
  0 0 0 0 0 0 0 0 0 0 0 0 0 0 0 0 0 0 0 0 0 0 0 0 0 0 0 0 0 0 0 0 0 0 0 0 0 0 0
  0 0 0 0 0 0 0 0 0 0 0 0 0 0 0 0 0 0 0 0 0 0 0 0 0 0 0 0 0 0 0 0 0 0 0 0 0 0 0
  0 0 0 0 0 0 0 0 0 0 0 0 0 0 0 0 0 0 0 0 0 0 0 0 0 0 0 0 0 0 0 0 0 0 0 0 0 0 0
  0 0 0 0 0 0 0 0 0 0 0 0 0 0 0 0 0 0 0 0 0 0 0 0 0 0 0 0 0 0 0 0 0 0 0 0 0 0 0
  0 0 0 0 0 0 0 0 0 0 0 0 0 0 0 0 0 0 0 0 0 0 0 0 0 0 0 0 0 0 0 0 0 0 0 0 0 0 0
  0 0 0 0 0 0 0 0 0 0 0 0 0 0 0 0 0 0 0 0 0 0 0 0 0 0 0 0 0 0 0 0 0 0 0 0 0 0 0
  0 0 0 0 0 0 0 0 0 0 0 0 0 0 0 0 0 0 0 0 0 0 0 0 0 0 0 0 0 0 0 0 0 0 0 0 0 0 0
  0 0 0 0 0 0 0 0 0 0 0 0 0 0 0 0 0 0 0 0 0 0 0 0 0 0 0 0 0 0 0 0 0 0 0 0 0 0 0
  0 0 0 0 0 0 0 0 0 0 0 0 0 0 0 0 0 0 0 0 0 0 0 0 0 0 0 0 0 0 0 0 0 0 0 0 0 0 0
  0 0 0 0 0 0 0 0 0 0 0 0 0 0 0 0 0 0 0 0 0 0 0 0 0 0 0 0 0 0 0 0 0 0 0 0 0 0 0
  0 0 0 0 0 0 0 0 0 0 0 0 0 0 0 0 0 0 0 0 0 0 0 0 0 0 0 0 0 0 0 0 0 0 0 0 0 0 0
  0 0 0 0 0 0 0 0 0 0 0 0 0 0 0 0 0 0 0 0 0 0 0 0 0 0 0 0 0 0 0 0 0 0 0 0 0 0 0
  0 0 0 0 0 0 0 0 0 0 0 0 0 0 0 0 0 0 0 0 0 0 0 0 0 0 0 0 0 0 0 0 0 0 0 0 0 0 0
  0 0 0 0 0 0 0 0 0 0 0 0 0 0 0 0 0 0 0 0 0 0 0 0 0 0 0 0 0 0 0 0 0 0 0 0 0 0 0
  0 0 0 0 0 0 0 0 0 0 0 0 0 0 0 0 0 0 0 0 0 0 0 0 0 0 0 0 0 0 0 0 0 0 0 0 0 0 0
  0) 
#(0 0 0 0 0 0 0 0 0 0 0 0 0 0 0 0 0 0 0 0 0 0 0 0 0 0 0 0 0 0 0 0 0 0 0 0 0 0 0
  0 0 0 0 0 0 0 0 0 0 0 0 0 0 0 0 0 0 0 0 0 0 0 0 0 0 0 0 0 0 0 0 0 0 0 0 0 0 0
  0 0 0 0 0 0 0 0 0 0 0 0 0 0 0 0 0 0 0 0 0 0 0 0 0 0 0 0 0 0 0 0 0 0 0 0 0 0 0
  0 0 0 0 0 0 0 0 0 0 0 0 0 0 0 0 0 0 0 0 0 0 0 0 0 0 0 0 0 0 0 0 0 0 0 0 0 0 0
  0 0 0 0 0 0 0 0 0 0 0 0 0 0 0 0 0 0 0 0 0 0 0 0 0 0 0 0 0 0 0 0 0 0 0 0 0 0 0
  0 0 0 0 0 0 0 0 0 0 0 0 0 0 0 0 0 0 0 0 0 0 0 0 0 0 0 0 0 0 0 0 0 0 0 0 0 0 0
  0 0 0 0 0 0 0 0 0 0 0 0 0 0 0 0 0 0 0 0 0 0 0 0 0 0 0 0 0 0 0 0 0 0 0 0 0 0 0
  0 0 0 0 0 0 0 0 0 0 0 0 0 0 0 0 0 0 0 0 0 0 0 0 0 0 0 0 0 0 0 0 0 0 0 0 0 0 0
  0 0 0 0 0 0 0 0 0 0 0 0 0 0 0 0 0 0 0 0 0 0 0 0 0 0 0 0 0 0 0 0 0 0 0 0 0 0 0
  0 0 0 0 0 0 0 0 0 0 0 0 0 0 0 0 0 0 0 0 0 0 0 0 0 0 0 0 0 0 0 0 0 0 0 0 0 0 0
  0 0 0 0 0 0 0 0 0 0 0 0 0 0 0 0 0 0 0 0 0 0 0 0 0 0 0 0 0 0 0 0 0 0 0 0 0 0 0
  0 0 0 0 0 0 0 0 0 0 0 0 0 0 0 0 0 0 0 0 0 0 0 0 0 0 0 0 0 0 0 0 0 0 0 0 0 0 0
  0 0 0 0 0 0 0 0 0 0 0 0 0 0 0 0 0 0 0 0 0 0 0 0 0 0 0 0 0 0 0 0 0 0 0 0 0 0 0
  0 0 0 0 0 0 0 0 0 0 0 0 0 0 0 0 0 0 0 0 0 0 0 0 0 0 0 0 0 0 0 0 0 0 0 0 0 0 0
  0 0 0 0 0 0 0 0 0 0 0 0 0 0 0 0 0 0 0 0 0 0 0 0 0 0 0 0 0 0 0 0 0 0 0 0 0 0 0
  0 0 0 0 0 0 0 0 0 0 0 0 0 0 0 0 0 0 0 0 0 0 0 0 0 0 0 0 0 0 0 0 0 0 0 0 0 0 0
  0 0 0 0 0 0 0 0 0 0 0 0 0 0 0 0 0 0 0 0 0 0 0 0 0 0 0 0 0 0 0 0 0 0 0 0 0 0 0
  0 0 0 0 0 0 0 0 0 0 0 0 0 0 0 0 0 0 0 0 0 0 0 0 0 0 0 0 0 0 0 0 0 0 0 0 0 0 0
  0 0 0 0 0 0 0 0 0 0 0 0 0 0 0 0 0 0 0 0 0 0 0 0 0 0 0 0 0 0 0 0 0 0 0 0 0 0 0
  0 0 0 0 0 0 0 0 0 0 0 0 0 0 0 0 0 0 0 0 0 0 0 0 0 0 0 0 0 0 0 0 0 0 0 0 0 0 0
  0 0 0 0 0 0 0 0 0 0 0 0 0 0 0 0 0 0 0 0 0 0 0 0 0 0 0 0 0 0 0 0 0 0 0 0 0 0 0
  0 0 0 0 0 0 0 0 0 0 0 0 0 0 0 0 0 0 0 0 0 0 0 0 0 0 0 0 0 0 0 0 0 0 0 0 0 0 0
  0 0 0 0 0 0 0 0 0 0 0 0 0 0 0 0 0 0 0 0 0 0 0 0 0 0 0 0 0 0 0 0 0 0 0 0 0 0 0
  0 0 0 0 0 0 0 0 0 0 0 0 0 0 0 0 0 0 0 0 0 0 0 0 0 0 0 0 0 0 0 0 0 0 0 0 0 0 0
  0 0 0 0 0 0 0 0 0 0 0 0 0 0 0 0 0 0 0 0 0 0 0 0 0 0 0 0 0 0 0 0 0 0 0 0 0 0 0
  0 0 0 0 0 0 0 0 0 0 0 0 0 0 0 0 0 0 0 0 0 0 0 0 0 0 0 0 0 0 0 0 0 0 0 0 0 0 0
  0 0 0 0 0 0 0 0 0 0 0 0 0 0 0 0 0 0 0 0 0 0 0 0 0 0 0 0 0 0 0 0 0 0 0 0 0 0 0
  0 0 0 0 0 0 0 0 0 0 0 0 0 0 0 0 0 0 0 0 0 0 0 0 0 0 0 0 0 0 0 0 0 0 0 0 0 0 0
  0 0 0 0 0 0 0 0 0 0 0 0 0 0 0 0 0 0 0 0 0 0 0 0 0 0 0 0 0 0 0 0 0 0 0 0 0 0 0
  0 0 0 0 0 0 0 0 0 0 0 0 0 0 0 0 0 0 0 0 0 0 0 0 0 0 0 0 0 0 0 0 0 0 0 0 0 0 0
  0 0 0 0 0 0 0 0 0 0 0 0 0 0 0 0 0 0 0 0 0 0 0 0 0 0 0 0 0 0 0 0 0 0 0 0 0 0 0
  0 0 0 0 0 0 0 0 0 0 0 0 0 0 0 0 0 0 0 0 0 0 0 0 0 0 0 0 0 0 0 0 0 0 0 0 0 0 0
  0 0 0 0 0 0 0 0 0 0 0 0 0 0 0 0 0 0 0 0 0 0 0 0 0 0 0 0 0 0 0 0 0 0 0 0 0 0 0
  0 0 0 0 0 0 0 0 0 0 0 0 0 0 0 0 0 0 0 0 0 0 0 0 0 0 0 0 0 0 0 0 0 0 0 0 0 0 0
  0 0 0 0 0 0 0 0 0 0 0 0 0 0 0 0 0 0 0 0 0 0 0 0 0 0 0 0 0 0 0 0 0 0 0 0 0 0 0
  0 0 0 0 0 0 0 0 0 0 0 0 0 0 0 0 0 0 0 0 0 0 0 0 0 0 0 0 0 0 0 0 0 0 0 0 0 0 0
  0 0 0 0 0 0 0 0 0 0 0 0 0 0 0 0 0 0 0 0 0 0 0 0 0 0 0 0 0 0 0 0 0 0 0 0 0 0 0
  0 0 0 0 0 0 0 0 0 0 0 0 0 0 0 0 0 0 0 0 0 0 0 0 0 0 0 0 0 0 0 0 0 0 0 0 0 0 0
  0 0 0 0 0 0 0 0 0 0 0 0 0 0 0 0 0 0 0 0 0 0 0 0 0 0 0 0 0 0 0 0 0 0 0 0 0 0 0
  0 0 0 0 0 0 0 0 0 0 0 0 0 0 0 0 0 0 0 0 0 0 0 0 0 0 0 0 0 0 0 0 0 0 0 0 0 0 0
  0 0 0 0 0 0 0 0 0 0 0 0 0 0 0 0 0 0 0 0 0 0 0 0 0 0 0 0 0 0 0 0 0 0 0 0 0 0 0
  0 0 0 0 0 0 0 0 0 0 0 0 0 0 0 0 0 0 0 0 0 0 0 0 0 0 0 0 0 0 0 0 0 0 0 0 0 0 0
  0 0 0 0 0 0 0 0 0 0 0 0 0 0 0 0 0 0 0 0 0 0 0 0 0 0 0 0 0 0 0 0 0 0 0 0 0 0 0
  0 0 0 0 0 0 0 0 0 0 0 0 0 0 0 0 0 0 0 0 0 0 0 0 0 0 0 0 0 0 0 0 0 0 0 0 0 0 0
  0 0 0 0 0 0 0 0 0 0 0 0 0 0 0 0 0 0 0 0 0 0 0 0 0 0 0 0 0 0 0 0 0 0 0 0 0 0 0
  0 0 0 0 0 0 0 0 0 0 0 0 0 0 0 0 0 0 0 0 0 0 0 0 0 0 0 0 0 0 0 0 0 0 0 0 0 0 0
  0 0 0 0 0 0 0 0 0 0 0 0 0 0 0 0 0 0 0 0 0 0 0 0 0 0 0 0 0 0 0 0 0 0 0 0 0 0 0
  0 0 0 0 0 0 0 0 0 0 0 0 0 0 0 0 0 0 0 0 0 0 0 0 0 0 0 0 0 0 0 0 0 0 0 0 0 0 0
  0 0 0 0 0 0 0 0 0 0 0 0 0 0 0 0 0 0 0 0 0 0 0 0 0 0 0 0 0 0 0 0 0 0 0 0 0 0 0
  0 0 0 0 0 0 0 0 0 0 0 0 0 0 0 0 0 0 0 0 0 0 0 0 0 0 0 0 0 0 0 0 0 0 0 0 0 0 0
  0 0 0 0 0 0 0 0 0 0 0 0 0 0 0 0 0 0 0 0 0 0 0 0 0 0 0 0 0 0 0 0 0 0 0 0 0 0 0
  0 0 0 0 0 0 0 0 0 0 0 0 0 0 0 0 0 0 0 0 0 0 0 0 0 0 0 0 0 0 0 0 0 0 0 0 0 0 0
  0 0 0 0 0 0 0 0 0 0 0 0 0 0 0 0 0 0 0 0 0 0 0 0 0 0 0 0 0 0 0 0 0 0 0 0 0 0 0
  0 0 0 0 0 0 0 0 0 0 0 0 0 0 0 0 0 0 0 0 0 0 0 0 0 0 0 0 0 0 0 0 0 0 0 0 0 0 0
  0 0 0 0 0 0 0 0 0 0 0 0 0 0 0 0 0 0 0 0 0 0 0 0 0 0 0 0 0 0 0 0 0 0 0 0 0 0 0
  0 0 0 0 0 0 0 0 0 0 0 0 0 0 0 0 0 0 0 0 0 0 0 0 0 0 0 0 0 0 0 0 0 0 0 0 0 0 0
  0 0 0 0 0 0 0 0 0 0 0 0 0 0 0 0 0 0 0 0 0 0 0 0 0 0 0 0 0 0 0 0 0 0 0 0 0 0 0
  0 0 0 0 0 0 0 0 0 0 0 0 0 0 0 0 0 0 0 0 0 0 0 0 0 0 0 0 0 0 0 0 0 0 0 0 0 0 0
  0 0 0 0 0 0 0 0 0 0 0 0 0 0 0 0 0 0 0 0 0 0 0 0 0 0 0 0 0 0 0 0 0 0 0 0 0 0 0
  0 0 0 0 0 0 0 0 0 0 0 0 0 0 0 0 0 0 0 0 0 0 0 0 0 0 0 0 0 0 0 0 0 0 0 0 0 0 0
  0 0 0 0 0 0 0 0 0 0 0 0 0 0 0 0 0 0 0 0 0 0 0 0 0 0 0 0 0 0 0 0 0 0 0 0 0 0 0
  0 0 0 0 0 0 0 0 0 0 0 0 0 0 0 0 0 0 0 0 0 0 0 0 0 0 0 0 0 0 0 0 0 0 0 0 0 0 0
  0 0 0 0 0 0 0 0 0 0 0 0 0 0 0 0 0 0 0 0 0 0 0 0 0 0 0 0 0 0 0 0 0 0 0 0 0 0 0
  0 0 0 0 0 0 0 0 0 0 0 0 0 0 0 0 0 0 0 0 0 0 0 0 0 0 0 0 0 0 0 0 0 0 0 0 0 0 0
  0 0 0 0 0 0 0 0 0 0 0 0 0 0 0 0 0 0 0 0 0 0 0 0 0 0 0 0 0 0 0 0 0 0 0 0 0 0 0
  0 0 0 0 0 0 0 0 0 0 0 0 0 0 0 0 0 0 0 0 0 0 0 0 0 0 0 0 0 0 0 0 0 0 0 0 0 0 0
  0 0 0 0 0 0 0 0 0 0 0 0 0 0 0 0 0 0 0 0 0 0 0 0 0 0 0 0 0 0 0 0 0 0 0 0 0 0 0
  0 0 0 0 0 0 0 0 0 0 0 0 0 0 0 0 0 0 0 0 0 0 0 0 0 0 0 0 0 0 0 0 0 0 0 0 0 0 0
  0 0 0 0 0 0 0 0 0 0 0 0 0 0 0 0 0 0 0 0 0 0 0 0 0 0 0 0 0 0 0 0 0 0 0 0 0 0 0
  0 0 0 0 0 0 0 0 0 0 0 0 0 0 0 0 0 0 0 0 0 0 0 0 0 0 0 0 0 0 0 0 0 0 0 0 0 0 0
  0 0 0 0 0 0 0 0 0 0 0 0 0 0 0 0 0 0 0 0 0 0 0 0 0 0 0 0 0 0 0 0 0 0 0 0 0 0 0
  0 0 0 0 0 0 0 0 0 0 0 0 0 0 0 0 0 0 0 0 0 0 0 0 0 0 0 0 0 0 0 0 0 0 0 0 0 0 0
  0 0 0 0 0 0 0 0 0 0 0 0 0 0 0 0 0 0 0 0 0 0 0 0 0 0 0 0 0 0 0 0 0 0 0 0 0 0 0
  0 0 0 0 0 0 0 0 0 0 0 0 0 0 0 0 0 0 0 0 0 0 0 0 0 0 0 0 0 0 0 0 0 0 0 0 0 0 0
  0 0 0 0 0 0 0 0 0 0 0 0 0 0 0 0 0 0 0 0 0 0 0 0 0 0 0 0 0 0 0 0 0 0 0 0 0 0 0
  0 0 0 0 0 0 0 0 0 0 0 0 0 0 0 0 0 0 0 0 0 0 0 0 0 0 0 0 0 0 0 0 0 0 0 0 0 0 0
  0 0 0 0 0 0 0 0 0 0 0 0 0 0 0 0 0 0 0 0 0 0 0 0 0 0 0 0 0 0 0 0 0 0 0 0 0 0 0
  0 0 0 0 0 0 0 0 0 0 0 0 0 0 0 0 0 0 0 0 0 0 0 0 0 0 0 0 0 0 0 0 0 0 0 0 0 0 0
  0 0 0 0 0 0 0 0 0 0 0 0 0 0 0 0 0 0 0 0 0 0 0 0 0 0 0 0 0 0 0 0 0 0 0 0 0 0 0
  0 0 0 0 0 0 0 0 0 0 0 0 0 0 0 0 0 0 0 0 0 0 0 0 0 0 0 0 0 0 0 0 0 0 0 0 0 0 0
  0 0 0 0 0 0 0 0 0 0 0 0 0 0 0 0 0 0 0 0 0 0 0 0 0 0 0 0 0 0 0 0 0 0 0 0 0 0 0
  0 0 0 0 0 0 0 0 0 0 0 0 0 0 0 0 0 0 0 0 0 0 0 0 0 0 0 0 0 0 0 0 0 0 0 0 0 0 0
  0 0 0 0 0 0 0 0 0 0 0 0 0 0 0 0 0 0 0 0 0 0 0 0 0 0 0 0 0 0 0 0 0 0 0 0 0 0 0
  0 0 0 0 0 0 0 0 0 0 0 0 0 0 0 0 0 0 0 0 0 0 0 0 0 0 0 0 0 0 0 0 0 0 0 0 0 0 0
  0 0 0 0 0 0 0 0 0 0 0 0 0 0 0 0 0 0 0 0 0 0 0 0 0 0 0 0 0 0 0 0 0 0 0 0 0 0 0
  0 0 0 0 0 0 0 0 0 0 0 0 0 0 0 0 0 0 0 0 0 0 0 0 0 0 0 0 0 0 0 0 0 0 0 0 0 0 0
  0 0 0 0 0 0 0 0 0 0 0 0 0 0 0 0 0 0 0 0 0 0 0 0 0 0 0 0 0 0 0 0 0 0 0 0 0 0 0
  0 0 0 0 0 0 0 0 0 0 0 0 0 0 0 0 0 0 0 0 0 0 0 0 0 0 0 0 0 0 0 0 0 0 0 0 0 0 0
  0 0 0 0 0 0 0 0 0 0 0 0 0 0 0 0 0 0 0 0 0 0 0 0 0 0 0 0 0 0 0 0 0 0 0 0 0 0 0
  0 0 0 0 0 0 0 0 0 0 0 0 0 0 0 0 0 0 0 0 0 0 0 0 0 0 0 0 0 0 0 0 0 0 0 0 0 0 0
  0 0 0 0 0 0 0 0 0 0 0 0 0 0 0 0 0 0 0 0 0 0 0 0 0 0 0 0 0 0 0 0 0 0 0 0 0 0 0
  0 0 0 0 0 0 0 0 0 0 0 0 0 0 0 0 0 0 0 0 0 0 0 0 0 0 0 0 0 0 0 0 0 0 0 0 0 0 0
  0 0 0 0 0 0 0 0 0 0 0 0 0 0 0 0 0 0 0 0 0 0 0 0 0 0 0 0 0 0 0 0 0 0 0 0 0 0 0
  0 0 0 0 0 0 0 0 0 0 0 0 0 0 0 0 0 0 0 0 0 0 0 0 0 0 0 0 0 0 0 0 0 0 0 0 0 0 0
  0 0 0 0 0 0 0 0 0 0 0 0 0 0 0 0 0 0 0 0 0 0 0 0 0 0 0 0 0 0 0 0 0 0 0 0 0 0 0
  0 0 0 0 0 0 0 0 0 0 0 0 0 0 0 0 0 0 0 0 0 0 0 0 0 0 0 0 0 0 0 0 0 0 0 0 0 0 0
  0 0 0 0 0 0 0 0 0 0 0 0 0 0 0 0 0 0 0 0 0 0 0 0 0 0 0 0 0 0 0 0 0 0 0 0 0 0 0
  0 0 0 0 0 0 0 0 0 0 0 0 0 0 0 0 0 0 0 0 0 0 0 0 0 0 0 0 0 0 0 0 0 0 0 0 0 0 0
  0 0 0 0 0 0 0 0 0 0 0 0 0 0 0 0 0 0 0 0 0 0 0 0 0 0 0 0 0 0 0 0 0 0 0 0 0 0 0
  0 0 0 0 0 0 0 0 0 0 0 0 0 0 0 0 0 0 0 0 0 0 0 0 0 0 0 0 0 0 0 0 0 0 0 0 0 0 0
  0 0 0 0 0 0 0 0 0 0 0 0 0 0 0 0 0 0 0 0 0 0 0 0 0 0 0 0 0 0 0 0 0 0 0 0 0 0 0
  0 0 0 0 0 0 0 0 0 0 0 0 0 0 0 0 0 0 0 0 0 0 0 0 0 0 0 0 0 0 0 0 0 0 0 0 0 0 0
  0 0 0 0 0 0 0 0 0 0 0 0 0 0 0 0 0 0 0 0 0 0 0 0 0 0 0 0 0 0 0 0 0 0 0 0 0 0 0
  0 0 0 0 0 0 0 0 0 0 0 0 0 0 0 0 0 0 0 0 0 0 0 0 0 0 0 0 0 0 0 0 0 0 0 0 0 0 0
  0 0 0 0 0 0 0 0 0 0 0 0 0 0 0 0 0 0 0 0 0 0 0 0 0 0 0 0 0 0 0 0 0 0 0 0 0 0 0
  0) 
#(14 14 14 14 14 14 14 14 14 14 14 14 14 14 14 14 13 14 15 14 15 14 15 14 15 14
  15 14 13 14 15 14 12 13 14 13 14 13 14 13 14 13 14 13 12 13 14 13 13 14 15 14
  15 14 15 14 15 14 15 14 13 14 15 14 12 13 14 13 14 13 14 13 14 13 14 13 12 13
  14 13 13 14 15 14 15 14 15 14 15 14 15 14 13 14 15 14 12 13 14 13 14 13 14 13
  14 13 14 13 14 13 14 13 13 14 15 14 15 14 15 14 15 14 15 14 15 14 15 14 12 13
  14 13 14 13 14 13 14 13 14 13 14 13 14 13 13 14 15 14 15 14 15 14 15 14 15 14
  15 14 15 14 12 13 14 13 14 13 14 13 14 13 14 13 14 13 14 13 13 14 15 14 15 14
  15 14 15 14 15 14 15 14 15 14 12 13 14 13 14 13 14 13 14 13 14 13 14 13 14 13
  13 14 15 14 15 14 15 14 15 14 15 14 15 14 15 14 12 13 14 13 14 13 14 13 14 13
  14 13 14 13 14 13 12 13 13 13 13 13 13 13 13 13 13 13 13 12 13 13 14 14 14 14
  14 14 14 14 14 14 14 14 14 14 14 14 13 14 15 14 15 14 15 14 15 14 15 14 13 14
  15 14 12 13 14 13 14 13 14 13 14 13 14 13 12 13 14 13 13 14 15 14 15 14 15 14
  15 14 15 14 13 14 15 14 12 13 14 13 14 13 14 13 14 13 14 13 12 13 14 13 13 14
  15 14 15 14 15 14 15 14 15 14 13 14 15 14 12 13 14 13 14 13 14 13 14 13 14 13
  14 13 14 13 13 14 15 14 15 14 15 14 15 14 15 14 15 14 15 14 12 13 14 13 14 13
  14 13 14 13 14 13 14 13 14 13 13 14 15 14 15 14 15 14 15 14 15 14 15 14 15 14
  12 13 14 13 14 13 14 13 14 13 14 13 14 13 14 13 13 14 15 14 15 14 15 14 15 14
  15 14 15 14 15 14 12 13 14 13 14 13 14 13 14 13 14 13 14 13 14 13 13 14 15 14
  15 14 15 14 15 14 15 14 15 14 15 14 12 13 14 13 14 13 14 13 14 13 14 13 14 13
  14 13 12 13 13 13 13 13 13 13 13 13 13 13 13 12 13 13 14 14 14 14 14 14 14 14
  14 14 14 14 14 14 14 14 13 14 15 14 15 14 15 14 15 14 15 14 13 14 15 14 12 13
  14 13 14 13 14 13 14 13 14 13 12 13 14 13 13 14 15 14 15 14 15 14 15 14 15 14
  13 14 15 14 12 13 14 13 14 13 14 13 14 13 14 13 12 13 14 13 13 14 15 14 15 14
  15 14 15 14 15 14 13 14 15 14 12 13 14 13 14 13 14 13 14 13 14 13 14 13 14 13
  13 14 15 14 15 14 15 14 15 14 15 14 15 14 15 14 12 13 14 13 14 13 14 13 14 13
  14 13 14 13 14 13 13 14 15 14 15 14 15 14 15 14 15 14 15 14 15 14 12 13 14 13
  14 13 14 13 14 13 14 13 14 13 14 13 13 14 15 14 15 14 15 14 15 14 15 14 15 14
  15 14 12 13 14 13 14 13 14 13 14 13 14 13 14 13 14 13 13 14 15 14 15 14 15 14
  15 14 15 14 15 14 15 14 12 13 14 13 14 13 14 13 14 13 14 13 14 13 14 13 12 13
  13 13 13 13 13 13 13 13 13 13 13 12 13 13 14 14 14 14 14 14 14 14 14 14 14 14
  14 14 14 14 13 14 15 14 15 14 15 14 15 14 15 14 13 14 15 14 12 13 14 13 14 13
  14 13 14 13 14 13 12 13 14 13 13 14 15 14 15 14 15 14 15 14 15 14 13 14 15 14
  12 13 14 13 14 13 14 13 14 13 14 13 12 13 14 13 13 14 15 14 15 14 15 14 15 14
  15 14 13 14 15 14 12 13 14 13 14 13 14 13 14 13 14 13 14 13 14 13 13 14 15 14
  15 14 15 14 15 14 15 14 15 14 15 14 12 13 14 13 14 13 14 13 14 13 14 13 14 13
  14 13 13 14 15 14 15 14 15 14 15 14 15 14 15 14 15 14 12 13 14 13 14 13 14 13
  14 13 14 13 14 13 14 13 13 14 15 14 15 14 15 14 15 14 15 14 15 14 15 14 12 13
  14 13 14 13 14 13 14 13 14 13 14 13 14 13 13 14 15 14 15 14 15 14 15 14 15 14
  15 14 15 14 12 13 14 13 14 13 14 13 14 13 14 13 14 13 14 13 12 13 13 13 13 13
  13 13 13 13 13 13 13 12 13 13 14 14 14 14 14 14 14 14 14 14 14 14 14 14 14 14
  13 14 15 14 15 14 15 14 15 14 15 14 13 14 15 14 12 13 14 13 14 13 14 13 14 13
  14 13 12 13 14 13 13 14 15 14 15 14 15 14 15 14 15 14 13 14 15 14 12 13 14 13
  14 13 14 13 14 13 14 13 12 13 14 13 13 14 15 14 15 14 15 14 15 14 15 14 13 14
  15 14 12 13 14 13 14 13 14 13 14 13 14 13 14 13 14 13 13 14 15 14 15 14 15 14
  15 14 15 14 15 14 15 14 12 13 14 13 14 13 14 13 14 13 14 13 14 13 14 13 13 14
  15 14 15 14 15 14 15 14 15 14 15 14 15 14 12 13 14 13 14 13 14 13 14 13 14 13
  14 13 14 13 13 14 15 14 15 14 15 14 15 14 15 14 15 14 15 14 12 13 14 13 14 13
  14 13 14 13 14 13 14 13 14 13 13 14 15 14 15 14 15 14 15 14 15 14 15 14 15 14
  12 13 14 13 14 13 14 13 14 13 14 13 14 13 14 13 12 13 13 13 13 13 13 13 13 13
  13 13 13 12 13 13 14 14 14 14 14 14 14 14 14 14 14 14 14 14 14 14 13 14 15 14
  15 14 15 14 15 14 15 14 13 14 15 14 12 13 14 13 14 13 14 13 14 13 14 13 12 13
  14 13 13 14 15 14 15 14 15 14 15 14 15 14 13 14 15 14 12 13 14 13 14 13 14 13
  14 13 14 13 12 13 14 13 13 14 15 14 15 14 15 14 15 14 15 14 13 14 15 14 12 13
  14 13 14 13 14 13 14 13 14 13 14 13 14 13 13 14 15 14 15 14 15 14 15 14 15 14
  15 14 15 14 12 13 14 13 14 13 14 13 14 13 14 13 14 13 14 13 13 14 15 14 15 14
  15 14 15 14 15 14 15 14 15 14 12 13 14 13 14 13 14 13 14 13 14 13 14 13 14 13
  13 14 15 14 15 14 15 14 15 14 15 14 15 14 15 14 12 13 14 13 14 13 14 13 14 13
  14 13 14 13 14 13 13 14 15 14 15 14 15 14 15 14 15 14 15 14 15 14 12 13 14 13
  14 13 14 13 14 13 14 13 14 13 14 13 12 13 13 13 13 13 13 13 13 13 13 13 13 12
  13 13 14 14 14 14 14 14 14 14 14 14 14 14 14 14 14 14 13 14 15 14 15 14 15 14
  15 14 15 14 13 14 15 14 12 13 14 13 14 13 14 13 14 13 14 13 12 13 14 13 13 14
  15 14 15 14 15 14 15 14 15 14 13 14 15 14 12 13 14 13 14 13 14 13 14 13 14 13
  12 13 14 13 13 14 15 14 15 14 15 14 15 14 15 14 13 14 15 14 12 13 14 13 14 13
  14 13 14 13 14 13 14 13 14 13 13 14 15 14 15 14 15 14 15 14 15 14 15 14 15 14
  12 13 14 13 14 13 14 13 14 13 14 13 14 13 14 13 13 14 15 14 15 14 15 14 15 14
  15 14 15 14 15 14 12 13 14 13 14 13 14 13 14 13 14 13 14 13 14 13 13 14 15 14
  15 14 15 14 15 14 15 14 15 14 15 14 12 13 14 13 14 13 14 13 14 13 14 13 14 13
  14 13 13 14 15 14 15 14 15 14 15 14 15 14 15 14 15 14 12 13 14 13 14 13 14 13
  14 13 14 13 14 13 14 13 12 13 13 13 13 13 13 13 13 13 13 13 13 12 13 13 14 14
  14 14 14 14 14 14 14 14 14 14 14 14 14 14 13 14 15 14 15 14 15 14 15 14 15 14
  13 14 15 14 12 13 14 13 14 13 14 13 14 13 14 13 12 13 14 13 13 14 15 14 15 14
  15 14 15 14 15 14 13 14 15 14 12 13 14 13 14 13 14 13 14 13 14 13 12 13 14 13
  13 14 15 14 15 14 15 14 15 14 15 14 13 14 15 14 12 13 14 13 14 13 14 13 14 13
  14 13 14 13 14 13 13 14 15 14 15 14 15 14 15 14 15 14 15 14 15 14 12 13 14 13
  14 13 14 13 14 13 14 13 14 13 14 13 13 14 15 14 15 14 15 14 15 14 15 14 15 14
  15 14 12 13 14 13 14 13 14 13 14 13 14 13 14 13 14 13 13 14 15 14 15 14 15 14
  15 14 15 14 15 14 15 14 12 13 14 13 14 13 14 13 14 13 14 13 14 13 14 13 13 14
  15 14 15 14 15 14 15 14 15 14 15 14 15 14 12 13 14 13 14 13 14 13 14 13 14 13
  14 13 14 13 12 13 13 13 13 13 13 13 13 13 13 13 13 12 13 13 14 14 14 14 14 14
  14 14 14 14 14 14 14 14 14 14 13 14 15 14 15 14 15 14 15 14 15 14 13 14 15 14
  12 13 14 13 14 13 14 13 14 13 14 13 12 13 14 13 13 14 15 14 15 14 15 14 15 14
  15 14 13 14 15 14 12 13 14 13 14 13 14 13 14 13 14 13 12 13 14 13 13 14 15 14
  15 14 15 14 15 14 15 14 13 14 15 14 12 13 14 13 14 13 14 13 14 13 14 13 14 13
  14 13 13 14 15 14 15 14 15 14 15 14 15 14 15 14 15 14 12 13 14 13 14 13 14 13
  14 13 14 13 14 13 14 13 13 14 15 14 15 14 15 14 15 14 15 14 15 14 15 14 12 13
  14 13 14 13 14 13 14 13 14 13 14 13 14 13 13 14 15 14 15 14 15 14 15 14 15 14
  15 14 15 14 12 13 14 13 14 13 14 13 14 13 14 13 14 13 14 13 13 14 15 14 15 14
  15 14 15 14 15 14 15 14 15 14 12 13 14 13 14 13 14 13 14 13 14 13 14 13 14 13
  12 13 13 13 13 13 13 13 13 13 13 13 13 12 13 13 14 14 14 14 14 14 14 14 14 14
  14 14 14 14 14 14 13 14 15 14 15 14 15 14 15 14 15 14 13 14 15 14 12 13 14 13
  14 13 14 13 14 13 14 13 12 13 14 13 13 14 15 14 15 14 15 14 15 14 15 14 13 14
  15 14 12 13 14 13 14 13 14 13 14 13 14 13 12 13 14 13 13 14 15 14 15 14 15 14
  15 14 15 14 13 14 15 14 12 13 14 13 14 13 14 13 14 13 14 13 14 13 14 13 13 14
  15 14 15 14 15 14 15 14 15 14 15 14 15 14 12 13 14 13 14 13 14 13 14 13 14 13
  14 13 14 13 13 14 15 14 15 14 15 14 15 14 15 14 15 14 15 14 12 13 14 13 14 13
  14 13 14 13 14 13 14 13 14 13 13 14 15 14 15 14 15 14 15 14 15 14 15 14 15 14
  12 13 14 13 14 13 14 13 14 13 14 13 14 13 14 13 13 14 15 14 15 14 15 14 15 14
  15 14 15 14 15 14 12 13 14 13 14 13 14 13 14 13 14 13 14 13 14 13 12 13 13 13
  13 13 13 13 13 13 13 13 13 12 13 13 14 14 14 14 14 14 14 14 14 14 14 14 14 14
  14 14 13 14 15 14 15 14 15 14 15 14 15 14 13 14 15 14 12 13 14 13 14 13 14 13
  14 13 14 13 12 13 14 13 13 14 15 14 15 14 15 14 15 14 15 14 13 14 15 14 12 13
  14 13 14 13 14 13 14 13 14 13 12 13 14 13 13 14 15 14 15 14 15 14 15 14 15 14
  13 14 15 14 12 13 14 13 14 13 14 13 14 13 14 13 14 13 14 13 13 14 15 14 15 14
  15 14 15 14 15 14 15 14 15 14 12 13 14 13 14 13 14 13 14 13 14 13 14 13 14 13
  13 14 15 14 15 14 15 14 15 14 15 14 15 14 15 14 12 13 14 13 14 13 14 13 14 13
  14 13 14 13 14 13 13 14 15 14 15 14 15 14 15 14 15 14 15 14 15 14 12 13 14 13
  14 13 14 13 14 13 14 13 14 13 14 13 13 14 15 14 15 14 15 14 15 14 15 14 15 14
  15 14 12 13 14 13 14 13 14 13 14 13 14 13 14 13 14 13 12 13 13 13 13 13 13 13
  13 13 13 13 13 12 13 13 14 14 14 14 14 14 14 14 14 14 14 14 14 14 14 14 13 14
  15 14 15 14 15 14 15 14 15 14 13 14 15 14 12 13 14 13 14 13 14 13 14 13 14 13
  12 13 14 13 13 14 15 14 15 14 15 14 15 14 15 14 13 14 15 14 12 13 14 13 14 13
  14 13 14 13 14 13 12 13 14 13 13 14 15 14 15 14 15 14 15 14 15 14 13 14 15 14
  12 13 14 13 14 13 14 13 14 13 14 13 14 13 14 13 13 14 15 14 15 14 15 14 15 14
  15 14 15 14 15 14 12 13 14 13 14 13 14 13 14 13 14 13 14 13 14 13 13 14 15 14
  15 14 15 14 15 14 15 14 15 14 15 14 12 13 14 13 14 13 14 13 14 13 14 13 14 13
  14 13 13 14 15 14 15 14 15 14 15 14 15 14 15 14 15 14 12 13 14 13 14 13 14 13
  14 13 14 13 14 13 14 13 13 14 15 14 15 14 15 14 15 14 15 14 15 14 15 14 12 13
  14 13 14 13 14 13 14 13 14 13 14 13 14 13 12 13 13 13 13 13 13 13 13 13 13 13
  13 12 13 13 14 14 14 14 14 14 14 14 14 14 14 14 14 14 14 14 13 14 15 14 15 14
  15 14 15 14 15 14 13 14 15 14 12 13 14 13 14 13 14 13 14 13 14 13 12 13 14 13
  13 14 15 14 15 14 15 14 15 14 15 14 13 14 15 14 12 13 14 13 14 13 14 13 14 13
  14 13 12 13 14 13 13 14 15 14 15 14 15 14 15 14 15 14 13 14 15 14 12 13 14 13
  14 13 14 13 14 13 14 13 14 13 14 13 13 14 15 14 15 14 15 14 15 14 15 14 15 14
  15 14 12 13 14 13 14 13 14 13 14 13 14 13 14 13 14 13 13 14 15 14 15 14 15 14
  15 14 15 14 15 14 15 14 12 13 14 13 14 13 14 13 14 13 14 13 14 13 14 13 13 14
  15 14 15 14 15 14 15 14 15 14 15 14 15 14 12 13 14 13 14 13 14 13 14 13 14 13
  14 13 14 13 13 14 15 14 15 14 15 14 15 14 15 14 15 14 15 14 12 13 14 13 14 13
  14 13 14 13 14 13 14 13 14 13 12 13 13 13 13 13 13 13 13 13 13 13 13 12 13 13
  14 14 14 14 14 14 14 14 14 14 14 14 14 14 14 14 13 14 15 14 15 14 15 14 15 14
  15 14 13 14 15 14 12 13 14 13 14 13 14 13 14 13 14 13 12 13 14 13 13 14 15 14
  15 14 15 14 15 14 15 14 13 14 15 14 12 13 14 13 14 13 14 13 14 13 14 13 12 13
  14 13 13 14 15 14 15 14 15 14 15 14 15 14 13 14 15 14 12 13 14 13 14 13 14 13
  14 13 14 13 14 13 14 13 13 14 15 14 15 14 15 14 15 14 15 14 15 14 15 14 12 13
  14 13 14 13 14 13 14 13 14 13 14 13 14 13 13 14 15 14 15 14 15 14 15 14 15 14
  15 14 15 14 12 13 14 13 14 13 14 13 14 13 14 13 14 13 14 13 13 14 15 14 15 14
  15 14 15 14 15 14 15 14 15 14 12 13 14 13 14 13 14 13 14 13 14 13 14 13 14 13
  13 14 15 14 15 14 15 14 15 14 15 14 15 14 15 14 12 13 14 13 14 13 14 13 14 13
  14 13 14 13 14 13 12 13 13 13 13 13 13 13 13 13 13 13 13 12 13 13 14 14 14 14
  14 14 14 14 14 14 14 14 14 14 14 14 13 14 15 14 15 14 15 14 15 14 15 14 13 14
  15 14 12 13 14 13 14 13 14 13 14 13 14 13 12 13 14 13 13 14 15 14 15 14 15 14
  15 14 15 14 13 14 15 14 12 13 14 13 14 13 14 13 14 13 14 13 12 13 14 13 13 14
  15 14 15 14 15 14 15 14 15 14 13 14 15 14 12 13 14 13 14 13 14 13 14 13 14 13
  14 13 14 13 13 14 15 14 15 14 15 14 15 14 15 14 15 14 15 14 12 13 14 13 14 13
  14 13 14 13 14 13 14 13 14 13 13 14 15 14 15 14 15 14 15 14 15 14 15 14 15 14
  12 13 14 13 14 13 14 13 14 13 14 13 14 13 14 13 13 14 15 14 15 14 15 14 15 14
  15 14 15 14 15 14 12 13 14 13 14 13 14 13 14 13 14 13 14 13 14 13 13 14 15 14
  15 14 15 14 15 14 15 14 15 14 15 14 12 13 14 13 14 13 14 13 14 13 14 13 14 13
  14 13 12 13 13 13 13 13 13 13 13 13 13 13 13 12 13 13 14 14 14 14 14 14 14 14
  14 14 14 14 14 14 14 14 13 14 15 14 15 14 15 14 15 14 15 14 13 14 15 14 12 13
  14 13 14 13 14 13 14 13 14 13 12 13 14 13 13 14 15 14 15 14 15 14 15 14 15 14
  13 14 15 14 12 13 14 13 14 13 14 13 14 13 14 13 12 13 14 13 13 14 15 14 15 14
  15 14 15 14 15 14 13 14 15 14 12 13 14 13 14 13 14 13 14 13 14 13 14 13 14 13
  13 14 15 14 15 14 15 14 15 14 15 14 15 14 15 14 12 13 14 13 14 13 14 13 14 13
  14 13 14 13 14 13 13 14 15 14 15 14 15 14 15 14 15 14 15 14 15 14 12 13 14 13
  14 13 14 13 14 13 14 13 14 13 14 13 13 14 15 14 15 14 15 14 15 14 15 14 15 14
  15 14 12 13 14 13 14 13 14 13 14 13 14 13 14 13 14 13 13 14 15 14 15 14 15 14
  15 14 15 14 15 14 15 14 12 13 14 13 14 13 14 13 14 13 14 13 14 13 14 13 12 13
  13 13 13 13 13 13 13 13 13 13 13 12 13 13) 