
#(0 0 0 0 0 0 0 0 0 0 0 0 0 0 0 0 0 0 0 0 0 0 0 0 0 0 0 0 0 0 0 0 0 0 0 0 0 0 0
  0 0 0 0 0 0 0 0 0 0 0 0 0 0 0 0 0 0 0 0 0 0 0 0 0 0 0 0 0 0 0 0 0 0 0 0 0 0 0
  0 0 0 0 0 0 0 0 0 0 0 0 0 0 0 0 0 0 0 0 0 0 0 0 0 0 0 0 0 0 0 0 0 0 0 0 0 0 0
  0 0 0 0 0 0 0 0 0 0 0 0 0 0 0 0 0 0 0 0 0 0 0 0 0 0 0 0 0 0 0 0 0 0 0 0 0 0 0
  0 0 0 0 0 0 0 0 0 0 0 0 0 0 0 0 0 0 0 0 0 0 0 0 0 0 0 0 0 0 0 0 0 0 0 0 0 0 0
  0 0 0 0 0 0 0 0 0 0 0 0 0 0 0 0 0 0 0 0 0 0 0 0 0 0 0 0 0 0 0 0 0 0 0 0 0 0 0
  0 0 0 0 0 0 0 0 0 0 0 0 0 0 0 0 0 0 0 0 0 0 0 0 0 0 0 0 0 0 0 0 0 0 0 0 0 0 0
  0 0 0 0 0 0 0 0 0 0 0 0 0 0 0 0 0 0 0 0 0 0 0 0 0 0 0 0 0 0 0 0 0 0 0 0 0 0 0
  0 0 0 0 0 0 0 0 0 0 0 0 0 0 0 0 0 0 0 0 0 0 0 0 0 0 0 0 0 0 0 0 0 0 0 0 0 0 0
  0 0 0 0 0 0 0 0 0 0 0 0 0 0 0 0 0 0 0 0 0 0 0 0 0 0 0 0 0 0 0 0 0 0 0 0 0 0 0
  0 0 0 0 0 0 0 0 0 0 0 0 0 0 0 0 0 0 0 0 0 0 0 0 0 0 0 0 0 0 0 0 0 0 0 0 0 0 0
  0 0 0 0 0 0 0 0 0 0 0 0 0 0 0 0 0 0 0 0 0 0 0 0 0 0 0 0 0 0 0 0 0 0 0 0 0 0 0
  0 0 0 0 0 0 0 0 0 0 0 0 0 0 0 0 0 0 0 0 0 0 0 0 0 0 0 0 0 0 0 0 0 0 0 0 0 0 0
  0 0 0 0 0 0 0 0 0 0 0 0 0 0 0 0 0 0 0 0 0 0 0 0 0 0 0 0 0 0 0 0 0 0 0 0 0 0 0
  0 0 0 0 0 0 0 0 0 0 0 0 0 0 0 0 0 0 0 0 0 0 0 0 0 0 0 0 0 0 0 0 0 0 0 0 0 0 0
  0 0 0 0 0 0 0 0 0 0 0 0 0 0 0 0 0 0 0 0 0 0 0 0 0 0 0 0 0 0 0 0 0 0 0 0 0 0 0
  0 0 0 0 0 0 0 0 0 0 0 0 0 0 0 0 0 0 0 0 0 0 0 0 0 0 0 0 0 0 0 0 0 0 0 0 0 0 0
  0 0 0 0 0 0 0 0 0 0 0 0 0 0 0 0 0 0 0 0 0 0 0 0 0 0 0 0 0 0 0 0 0 0 0 0 0 0 0
  0 0 0 0 0 0 0 0 0 0 0 0 0 0 0 0 0 0 0 0 0 0 0 0 0 0 0 0 0 0 0 0 0 0 0 0 0 0 0
  0 0 0 0 0 0 0 0 0 0 0 0 0 0 0 0 0 0 0 0 0 0 0 0 0 0 0 0 0 0 0 0 0 0 0 0 0 0 0
  0 0 0 0 0 0 0 0 0 0 0 0 0 0 0 0 0 0 0 0 0 0 0 0 0 0 0 0 0 0 0 0 0 0 0 0 0 0 0
  0 0 0 0 0 0 0 0 0 0 0 0 0 0 0 0 0 0 0 0 0 0 0 0 0 0 0 0 0 0 0 0 0 0 0 0 0 0 0
  0 0 0 0 0 0 0 0 0 0 0 0 0 0 0 0 0 0 0 0 0 0 0 0 0 0 0 0 0 0 0 0 0 0 0 0 0 0 0
  0 0 0 0 0 0 0 0 0 0 0 0 0 0 0 0 0 0 0 0 0 0 0 0 0 0 0 0 0 0 0 0 0 0 0 0 0 0 0
  0 0 0 0 0 0 0 0 0 0 0 0 0 0 0 0 0 0 0 0 0 0 0 0 0 0 0 0 0 0 0 0 0 0 0 0 0 0 0
  0 0 0 0 0 0 0 0 0 0 0 0 0 0 0 0 0 0 0 0 0 0 0 0 0 0 0 0 0 0 0 0 0 0 0 0 0 0 0
  0 0 0 0 0 0 0 0 0 0 0 0 0 0 0 0 0 0 0 0 0 0 0 0 0 0 0 0 0 0 0 0 0 0 0 0 0 0 0
  0 0 0 0 0 0 0 0 0 0 0 0 0 0 0 0 0 0 0 0 0 0 0 0 0 0 0 0 0 0 0 0 0 0 0 0 0 0 0
  0 0 0 0 0 0 0 0 0 0 0 0 0 0 0 0 0 0 0 0 0 0 0 0 0 0 0 0 0 0 0 0 0 0 0 0 0 0 0
  0 0 0 0 0 0 0 0 0 0 0 0 0 0 0 0 0 0 0 0 0 0 0 0 0 0 0 0 0 0 0 0 0 0 0 0 0 0 0
  0 0 0 0 0 0 0 0 0 0 0 0 0 0 0 0 0 0 0 0 0 0 0 0 0 0 0 0 0 0 0 0 0 0 0 0 0 0 0
  0 0 0 0 0 0 0 0 0 0 0 0 0 0 0 0 0 0 0 0 0 0 0 0 0 0 0 0 0 0 0 0 0 0 0 0 0 0 0
  0 0 0 0 0 0 0 0 0 0 0 0 0 0 0 0 0 0 0 0 0 0 0 0 0 0 0 0 0 0 0 0 0 0 0 0 0 0 0
  0 0 0 0 0 0 0 0 0 0 0 0 0 0 0 0 0 0 0 0 0 0 0 0 0 0 0 0 0 0 0 0 0 0 0 0 0 0 0
  0 0 0 0 0 0 0 0 0 0 0 0 0 0 0 0 0 0 0 0 0 0 0 0 0 0 0 0 0 0 0 0 0 0 0 0 0 0 0
  0 0 0 0 0 0 0 0 0 0 0 0 0 0 0 0 0 0 0 0 0 0 0 0 0 0 0 0 0 0 0 0 0 0 0 0 0 0 0
  0 0 0 0 0 0 0 0 0 0 0 0 0 0 0 0 0 0 0 0 0 0 0 0 0 0 0 0 0 0 0 0 0 0 0 0 0 0 0
  0 0 0 0 0 0 0 0 0 0 0 0 0 0 0 0 0 0 0 0 0 0 0 0 0 0 0 0 0 0 0 0 0 0 0 0 0 0 0
  0 0 0 0 0 0 0 0 0 0 0 0 0 0 0 0 0 0 0 0 0 0 0 0 0 0 0 0 0 0 0 0 0 0 0 0 0 0 0
  0 0 0 0 0 0 0 0 0 0 0 0 0 0 0 0 0 0 0 0 0 0 0 0 0 0 0 0 0 0 0 0 0 0 0 0 0 0 0
  0 0 0 0 0 0 0 0 0 0 0 0 0 0 0 0 0 0 0 0 0 0 0 0 0 0 0 0 0 0 0 0 0 0 0 0 0 0 0
  0 0 0 0 0 0 0 0 0 0 0 0 0 0 0 0 0 0 0 0 0 0 0 0 0 0 0 0 0 0 0 0 0 0 0 0 0 0 0
  0 0 0 0 0 0 0 0 0 0 0 0 0 0 0 0 0 0 0 0 0 0 0 0 0 0 0 0 0 0 0 0 0 0 0 0 0 0 0
  0 0 0 0 0 0 0 0 0 0 0 0 0 0 0 0 0 0 0 0 0 0 0 0 0 0 0 0 0 0 0 0 0 0 0 0 0 0 0
  0 0 0 0 0 0 0 0 0 0 0 0 0 0 0 0 0 0 0 0 0 0 0 0 0 0 0 0 0 0 0 0 0 0 0 0 0 0 0
  0 0 0 0 0 0 0 0 0 0 0 0 0 0 0 0 0 0 0 0 0 0 0 0 0 0 0 0 0 0 0 0 0 0 0 0 0 0 0
  0 0 0 0 0 0 0 0 0 0 0 0 0 0 0 0 0 0 0 0 0 0 0 0 0 0 0 0 0 0 0 0 0 0 0 0 0 0 0
  0 0 0 0 0 0 0 0 0 0 0 0 0 0 0 0 0 0 0 0 0 0 0 0 0 0 0 0 0 0 0 0 0 0 0 0 0 0 0
  0 0 0 0 0 0 0 0 0 0 0 0 0 0 0 0 0 0 0 0 0 0 0 0 0 0 0 0 0 0 0 0 0 0 0 0 0 0 0
  0 0 0 0 0 0 0 0 0 0 0 0 0 0 0 0 0 0 0 0 0 0 0 0 0 0 0 0 0 0 0 0 0 0 0 0 0 0 0
  0 0 0 0 0 0 0 0 0 0 0 0 0 0 0 0 0 0 0 0 0 0 0 0 0 0 0 0 0 0 0 0 0 0 0 0 0 0 0
  0 0 0 0 0 0 0 0 0 0 0 0 0 0 0 0 0 0 0 0 0 0 0 0 0 0 0 0 0 0 0 0 0 0 0 0 0 0 0
  0 0 0 0 0 0 0 0 0 0 0 0 0 0 0 0 0 0 0 0 0 0 0 0 0 0 0 0 0 0 0 0 0 0 0 0 0 0 0
  0 0 0 0 0 0 0 0 0 0 0 0 0 0 0 0 0 0 0 0 0 0 0 0 0 0 0 0 0 0 0 0 0 0 0 0 0 0 0
  0 0 0 0 0 0 0 0 0 0 0 0 0 0 0 0 0 0 0 0 0 0 0 0 0 0 0 0 0 0 0 0 0 0 0 0 0 0 0
  0 0 0 0 0 0 0 0 0 0 0 0 0 0 0 0 0 0 0 0 0 0 0 0 0 0 0 0 0 0 0 0 0 0 0 0 0 0 0
  0 0 0 0 0 0 0 0 0 0 0 0 0 0 0 0 0 0 0 0 0 0 0 0 0 0 0 0 0 0 0 0 0 0 0 0 0 0 0
  0 0 0 0 0 0 0 0 0 0 0 0 0 0 0 0 0 0 0 0 0 0 0 0 0 0 0 0 0 0 0 0 0 0 0 0 0 0 0
  0 0 0 0 0 0 0 0 0 0 0 0 0 0 0 0 0 0 0 0 0 0 0 0 0 0 0 0 0 0 0 0 0 0 0 0 0 0 0
  0 0 0 0 0 0 0 0 0 0 0 0 0 0 0 0 0 0 0 0 0 0 0 0 0 0 0 0 0 0 0 0 0 0 0 0 0 0 0
  0 0 0 0 0 0 0 0 0 0 0 0 0 0 0 0 0 0 0 0 0 0 0 0 0 0 0 0 0 0 0 0 0 0 0 0 0 0 0
  0 0 0 0 0 0 0 0 0 0 0 0 0 0 0 0 0 0 0 0 0 0 0 0 0 0 0 0 0 0 0 0 0 0 0 0 0 0 0
  0 0 0 0 0 0 0 0 0 0 0 0 0 0 0 0 0 0 0 0 0 0 0 0 0 0 0 0 0 0 0 0 0 0 0 0 0 0 0
  0 0 0 0 0 0 0 0 0 0 0 0 0 0 0 0 0 0 0 0 0 0 0 0 0 0 0 0 0 0 0 0 0 0 0 0 0 0 0
  0 0 0 0 0 0 0 0 0 0 0 0 0 0 0 0 0 0 0 0 0 0 0 0 0 0 0 0 0 0 0 0 0 0 0 0 0 0 0
  0 0 0 0 0 0 0 0 0 0 0 0 0 0 0 0 0 0 0 0 0 0 0 0 0 0 0 0 0 0 0 0 0 0 0 0 0 0 0
  0 0 0 0 0 0 0 0 0 0 0 0 0 0 0 0 0 0 0 0 0 0 0 0 0 0 0 0 0 0 0 0 0 0 0 0 0 0 0
  0 0 0 0 0 0 0 0 0 0 0 0 0 0 0 0 0 0 0 0 0 0 0 0 0 0 0 0 0 0 0 0 0 0 0 0 0 0 0
  0 0 0 0 0 0 0 0 0 0 0 0 0 0 0 0 0 0 0 0 0 0 0 0 0 0 0 0 0 0 0 0 0 0 0 0 0 0 0
  0 0 0 0 0 0 0 0 0 0 0 0 0 0 0 0 0 0 0 0 0 0 0 0 0 0 0 0 0 0 0 0 0 0 0 0 0 0 0
  0 0 0 0 0 0 0 0 0 0 0 0 0 0 0 0 0 0 0 0 0 0 0 0 0 0 0 0 0 0 0 0 0 0 0 0 0 0 0
  0 0 0 0 0 0 0 0 0 0 0 0 0 0 0 0 0 0 0 0 0 0 0 0 0 0 0 0 0 0 0 0 0 0 0 0 0 0 0
  0 0 0 0 0 0 0 0 0 0 0 0 0 0 0 0 0 0 0 0 0 0 0 0 0 0 0 0 0 0 0 0 0 0 0 0 0 0 0
  0 0 0 0 0 0 0 0 0 0 0 0 0 0 0 0 0 0 0 0 0 0 0 0 0 0 0 0 0 0 0 0 0 0 0 0 0 0 0
  0 0 0 0 0 0 0 0 0 0 0 0 0 0 0 0 0 0 0 0 0 0 0 0 0 0 0 0 0 0 0 0 0 0 0 0 0 0 0
  0 0 0 0 0 0 0 0 0 0 0 0 0 0 0 0 0 0 0 0 0 0 0 0 0 0 0 0 0 0 0 0 0 0 0 0 0 0 0
  0 0 0 0 0 0 0 0 0 0 0 0 0 0 0 0 0 0 0 0 0 0 0 0 0 0 0 0 0 0 0 0 0 0 0 0 0 0 0
  0 0 0 0 0 0 0 0 0 0 0 0 0 0 0 0 0 0 0 0 0 0 0 0 0 0 0 0 0 0 0 0 0 0 0 0 0 0 0
  0 0 0 0 0 0 0 0 0 0 0 0 0 0 0 0 0 0 0 0 0 0 0 0 0 0 0 0 0 0 0 0 0 0 0 0 0 0 0
  0 0 0 0 0 0 0 0 0 0 0 0 0 0 0 0 0 0 0 0 0 0 0 0 0 0 0 0 0 0 0 0 0 0 0 0 0 0 0
  0 0 0 0 0 0 0 0 0 0 0 0 0 0 0 0 0 0 0 0 0 0 0 0 0 0 0 0 0 0 0 0 0 0 0 0 0 0 0
  0 0 0 0 0 0 0 0 0 0 0 0 0 0 0 0 0 0 0 0 0 0 0 0 0 0 0 0 0 0 0 0 0 0 0 0 0 0 0
  0 0 0 0 0 0 0 0 0 0 0 0 0 0 0 0 0 0 0 0 0 0 0 0 0 0 0 0 0 0 0 0 0 0 0 0 0 0 0
  0 0 0 0 0 0 0 0 0 0 0 0 0 0 0 0 0 0 0 0 0 0 0 0 0 0 0 0 0 0 0 0 0 0 0 0 0 0 0
  0 0 0 0 0 0 0 0 0 0 0 0 0 0 0 0 0 0 0 0 0 0 0 0 0 0 0 0 0 0 0 0 0 0 0 0 0 0 0
  0 0 0 0 0 0 0 0 0 0 0 0 0 0 0 0 0 0 0 0 0 0 0 0 0 0 0 0 0 0 0 0 0 0 0 0 0 0 0
  0 0 0 0 0 0 0 0 0 0 0 0 0 0 0 0 0 0 0 0 0 0 0 0 0 0 0 0 0 0 0 0 0 0 0 0 0 0 0
  0 0 0 0 0 0 0 0 0 0 0 0 0 0 0 0 0 0 0 0 0 0 0 0 0 0 0 0 0 0 0 0 0 0 0 0 0 0 0
  0 0 0 0 0 0 0 0 0 0 0 0 0 0 0 0 0 0 0 0 0 0 0 0 0 0 0 0 0 0 0 0 0 0 0 0 0 0 0
  0 0 0 0 0 0 0 0 0 0 0 0 0 0 0 0 0 0 0 0 0 0 0 0 0 0 0 0 0 0 0 0 0 0 0 0 0 0 0
  0 0 0 0 0 0 0 0 0 0 0 0 0 0 0 0 0 0 0 0 0 0 0 0 0 0 0 0 0 0 0 0 0 0 0 0 0 0 0
  0 0 0 0 0 0 0 0 0 0 0 0 0 0 0 0 0 0 0 0 0 0 0 0 0 0 0 0 0 0 0 0 0 0 0 0 0 0 0
  0 0 0 0 0 0 0 0 0 0 0 0 0 0 0 0 0 0 0 0 0 0 0 0 0 0 0 0 0 0 0 0 0 0 0 0 0 0 0
  0 0 0 0 0 0 0 0 0 0 0 0 0 0 0 0 0 0 0 0 0 0 0 0 0 0 0 0 0 0 0 0 0 0 0 0 0 0 0
  0 0 0 0 0 0 0 0 0 0 0 0 0 0 0 0 0 0 0 0 0 0 0 0 0 0 0 0 0 0 0 0 0 0 0 0 0 0 0
  0 0 0 0 0 0 0 0 0 0 0 0 0 0 0 0 0 0 0 0 0 0 0 0 0 0 0 0 0 0 0 0 0 0 0 0 0 0 0
  0 0 0 0 0 0 0 0 0 0 0 0 0 0 0 0 0 0 0 0 0 0 0 0 0 0 0 0 0 0 0 0 0 0 0 0 0 0 0
  0 0 0 0 0 0 0 0 0 0 0 0 0 0 0 0 0 0 0 0 0 0 0 0 0 0 0 0 0 0 0 0 0 0 0 0 0 0 0
  0 0 0 0 0 0 0 0 0 0 0 0 0 0 0 0 0 0 0 0 0 0 0 0 0 0 0 0 0 0 0 0 0 0 0 0 0 0 0
  0 0 0 0 0 0 0 0 0 0 0 0 0 0 0 0 0 0 0 0 0 0 0 0 0 0 0 0 0 0 0 0 0 0 0 0 0 0 0
  0 0 0 0 0 0 0 0 0 0 0 0 0 0 0 0 0 0 0 0 0 0 0 0 0 0 0 0 0 0 0 0 0 0 0 0 0 0 0
  0 0 0 0 0 0 0 0 0 0 0 0 0 0 0 0 0 0 0 0 0 0 0 0 0 0 0 0 0 0 0 0 0 0 0 0 0 0 0
  0 0 0 0 0 0 0 0 0 0 0 0 0 0 0 0 0 0 0 0 0 0 0 0 0 0 0 0 0 0 0 0 0 0 0 0 0 0 0
  0 0 0 0 0 0 0 0 0 0 0 0 0 0 0 0 0 0 0 0 0 0 0 0 0 0 0 0 0 0 0 0 0 0 0 0 0 0 0
  0 0 0 0 0 0 0 0 0 0 0 0 0 0 0 0 0 0 0 0 0 0 0 0 0 0 0 0 0 0 0 0 0 0 0 0 0 0 0
  0) 
#(0 0 0 0 0 0 0 0 0 0 0 0 0 0 0 0 0 0 0 0 0 0 0 0 0 0 0 0 0 0 0 0 0 0 0 0 0 0 0
  0 0 0 0 0 0 0 0 0 0 0 0 0 0 0 0 0 0 0 0 0 0 0 0 0 0 0 0 0 0 0 0 0 0 0 0 0 0 0
  0 0 0 0 0 0 0 0 0 0 0 0 0 0 0 0 0 0 0 0 0 0 0 0 0 0 0 0 0 0 0 0 0 0 0 0 0 0 0
  0 0 0 0 0 0 0 0 0 0 0 0 0 0 0 0 0 0 0 0 0 0 0 0 0 0 0 0 0 0 0 0 0 0 0 0 0 0 0
  0 0 0 0 0 0 0 0 0 0 0 0 0 0 0 0 0 0 0 0 0 0 0 0 0 0 0 0 0 0 0 0 0 0 0 0 0 0 0
  0 0 0 0 0 0 0 0 0 0 0 0 0 0 0 0 0 0 0 0 0 0 0 0 0 0 0 0 0 0 0 0 0 0 0 0 0 0 0
  0 0 0 0 0 0 0 0 0 0 0 0 0 0 0 0 0 0 0 0 0 0 0 0 0 0 0 0 0 0 0 0 0 0 0 0 0 0 0
  0 0 0 0 0 0 0 0 0 0 0 0 0 0 0 0 0 0 0 0 0 0 0 0 0 0 0 0 0 0 0 0 0 0 0 0 0 0 0
  0 0 0 0 0 0 0 0 0 0 0 0 0 0 0 0 0 0 0 0 0 0 0 0 0 0 0 0 0 0 0 0 0 0 0 0 0 0 0
  0 0 0 0 0 0 0 0 0 0 0 0 0 0 0 0 0 0 0 0 0 0 0 0 0 0 0 0 0 0 0 0 0 0 0 0 0 0 0
  0 0 0 0 0 0 0 0 0 0 0 0 0 0 0 0 0 0 0 0 0 0 0 0 0 0 0 0 0 0 0 0 0 0 0 0 0 0 0
  0 0 0 0 0 0 0 0 0 0 0 0 0 0 0 0 0 0 0 0 0 0 0 0 0 0 0 0 0 0 0 0 0 0 0 0 0 0 0
  0 0 0 0 0 0 0 0 0 0 0 0 0 0 0 0 0 0 0 0 0 0 0 0 0 0 0 0 0 0 0 0 0 0 0 0 0 0 0
  0 0 0 0 0 0 0 0 0 0 0 0 0 0 0 0 0 0 0 0 0 0 0 0 0 0 0 0 0 0 0 0 0 0 0 0 0 0 0
  0 0 0 0 0 0 0 0 0 0 0 0 0 0 0 0 0 0 0 0 0 0 0 0 0 0 0 0 0 0 0 0 0 0 0 0 0 0 0
  0 0 0 0 0 0 0 0 0 0 0 0 0 0 0 0 0 0 0 0 0 0 0 0 0 0 0 0 0 0 0 0 0 0 0 0 0 0 0
  0 0 0 0 0 0 0 0 0 0 0 0 0 0 0 0 0 0 0 0 0 0 0 0 0 0 0 0 0 0 0 0 0 0 0 0 0 0 0
  0 0 0 0 0 0 0 0 0 0 0 0 0 0 0 0 0 0 0 0 0 0 0 0 0 0 0 0 0 0 0 0 0 0 0 0 0 0 0
  0 0 0 0 0 0 0 0 0 0 0 0 0 0 0 0 0 0 0 0 0 0 0 0 0 0 0 0 0 0 0 0 0 0 0 0 0 0 0
  0 0 0 0 0 0 0 0 0 0 0 0 0 0 0 0 0 0 0 0 0 0 0 0 0 0 0 0 0 0 0 0 0 0 0 0 0 0 0
  0 0 0 0 0 0 0 0 0 0 0 0 0 0 0 0 0 0 0 0 0 0 0 0 0 0 0 0 0 0 0 0 0 0 0 0 0 0 0
  0 0 0 0 0 0 0 0 0 0 0 0 0 0 0 0 0 0 0 0 0 0 0 0 0 0 0 0 0 0 0 0 0 0 0 0 0 0 0
  0 0 0 0 0 0 0 0 0 0 0 0 0 0 0 0 0 0 0 0 0 0 0 0 0 0 0 0 0 0 0 0 0 0 0 0 0 0 0
  0 0 0 0 0 0 0 0 0 0 0 0 0 0 0 0 0 0 0 0 0 0 0 0 0 0 0 0 0 0 0 0 0 0 0 0 0 0 0
  0 0 0 0 0 0 0 0 0 0 0 0 0 0 0 0 0 0 0 0 0 0 0 0 0 0 0 0 0 0 0 0 0 0 0 0 0 0 0
  0 0 0 0 0 0 0 0 0 0 0 0 0 0 0 0 0 0 0 0 0 0 0 0 0 0 0 0 0 0 0 0 0 0 0 0 0 0 0
  0 0 0 0 0 0 0 0 0 0 0 0 0 0 0 0 0 0 0 0 0 0 0 0 0 0 0 0 0 0 0 0 0 0 0 0 0 0 0
  0 0 0 0 0 0 0 0 0 0 0 0 0 0 0 0 0 0 0 0 0 0 0 0 0 0 0 0 0 0 0 0 0 0 0 0 0 0 0
  0 0 0 0 0 0 0 0 0 0 0 0 0 0 0 0 0 0 0 0 0 0 0 0 0 0 0 0 0 0 0 0 0 0 0 0 0 0 0
  0 0 0 0 0 0 0 0 0 0 0 0 0 0 0 0 0 0 0 0 0 0 0 0 0 0 0 0 0 0 0 0 0 0 0 0 0 0 0
  0 0 0 0 0 0 0 0 0 0 0 0 0 0 0 0 0 0 0 0 0 0 0 0 0 0 0 0 0 0 0 0 0 0 0 0 0 0 0
  0 0 0 0 0 0 0 0 0 0 0 0 0 0 0 0 0 0 0 0 0 0 0 0 0 0 0 0 0 0 0 0 0 0 0 0 0 0 0
  0 0 0 0 0 0 0 0 0 0 0 0 0 0 0 0 0 0 0 0 0 0 0 0 0 0 0 0 0 0 0 0 0 0 0 0 0 0 0
  0 0 0 0 0 0 0 0 0 0 0 0 0 0 0 0 0 0 0 0 0 0 0 0 0 0 0 0 0 0 0 0 0 0 0 0 0 0 0
  0 0 0 0 0 0 0 0 0 0 0 0 0 0 0 0 0 0 0 0 0 0 0 0 0 0 0 0 0 0 0 0 0 0 0 0 0 0 0
  0 0 0 0 0 0 0 0 0 0 0 0 0 0 0 0 0 0 0 0 0 0 0 0 0 0 0 0 0 0 0 0 0 0 0 0 0 0 0
  0 0 0 0 0 0 0 0 0 0 0 0 0 0 0 0 0 0 0 0 0 0 0 0 0 0 0 0 0 0 0 0 0 0 0 0 0 0 0
  0 0 0 0 0 0 0 0 0 0 0 0 0 0 0 0 0 0 0 0 0 0 0 0 0 0 0 0 0 0 0 0 0 0 0 0 0 0 0
  0 0 0 0 0 0 0 0 0 0 0 0 0 0 0 0 0 0 0 0 0 0 0 0 0 0 0 0 0 0 0 0 0 0 0 0 0 0 0
  0 0 0 0 0 0 0 0 0 0 0 0 0 0 0 0 0 0 0 0 0 0 0 0 0 0 0 0 0 0 0 0 0 0 0 0 0 0 0
  0 0 0 0 0 0 0 0 0 0 0 0 0 0 0 0 0 0 0 0 0 0 0 0 0 0 0 0 0 0 0 0 0 0 0 0 0 0 0
  0 0 0 0 0 0 0 0 0 0 0 0 0 0 0 0 0 0 0 0 0 0 0 0 0 0 0 0 0 0 0 0 0 0 0 0 0 0 0
  0 0 0 0 0 0 0 0 0 0 0 0 0 0 0 0 0 0 0 0 0 0 0 0 0 0 0 0 0 0 0 0 0 0 0 0 0 0 0
  0 0 0 0 0 0 0 0 0 0 0 0 0 0 0 0 0 0 0 0 0 0 0 0 0 0 0 0 0 0 0 0 0 0 0 0 0 0 0
  0 0 0 0 0 0 0 0 0 0 0 0 0 0 0 0 0 0 0 0 0 0 0 0 0 0 0 0 0 0 0 0 0 0 0 0 0 0 0
  0 0 0 0 0 0 0 0 0 0 0 0 0 0 0 0 0 0 0 0 0 0 0 0 0 0 0 0 0 0 0 0 0 0 0 0 0 0 0
  0 0 0 0 0 0 0 0 0 0 0 0 0 0 0 0 0 0 0 0 0 0 0 0 0 0 0 0 0 0 0 0 0 0 0 0 0 0 0
  0 0 0 0 0 0 0 0 0 0 0 0 0 0 0 0 0 0 0 0 0 0 0 0 0 0 0 0 0 0 0 0 0 0 0 0 0 0 0
  0 0 0 0 0 0 0 0 0 0 0 0 0 0 0 0 0 0 0 0 0 0 0 0 0 0 0 0 0 0 0 0 0 0 0 0 0 0 0
  0 0 0 0 0 0 0 0 0 0 0 0 0 0 0 0 0 0 0 0 0 0 0 0 0 0 0 0 0 0 0 0 0 0 0 0 0 0 0
  0 0 0 0 0 0 0 0 0 0 0 0 0 0 0 0 0 0 0 0 0 0 0 0 0 0 0 0 0 0 0 0 0 0 0 0 0 0 0
  0 0 0 0 0 0 0 0 0 0 0 0 0 0 0 0 0 0 0 0 0 0 0 0 0 0 0 0 0 0 0 0 0 0 0 0 0 0 0
  0 0 0 0 0 0 0 0 0 0 0 0 0 0 0 0 0 0 0 0 0 0 0 0 0 0 0 0 0 0 0 0 0 0 0 0 0 0 0
  0 0 0 0 0 0 0 0 0 0 0 0 0 0 0 0 0 0 0 0 0 0 0 0 0 0 0 0 0 0 0 0 0 0 0 0 0 0 0
  0 0 0 0 0 0 0 0 0 0 0 0 0 0 0 0 0 0 0 0 0 0 0 0 0 0 0 0 0 0 0 0 0 0 0 0 0 0 0
  0 0 0 0 0 0 0 0 0 0 0 0 0 0 0 0 0 0 0 0 0 0 0 0 0 0 0 0 0 0 0 0 0 0 0 0 0 0 0
  0 0 0 0 0 0 0 0 0 0 0 0 0 0 0 0 0 0 0 0 0 0 0 0 0 0 0 0 0 0 0 0 0 0 0 0 0 0 0
  0 0 0 0 0 0 0 0 0 0 0 0 0 0 0 0 0 0 0 0 0 0 0 0 0 0 0 0 0 0 0 0 0 0 0 0 0 0 0
  0 0 0 0 0 0 0 0 0 0 0 0 0 0 0 0 0 0 0 0 0 0 0 0 0 0 0 0 0 0 0 0 0 0 0 0 0 0 0
  0 0 0 0 0 0 0 0 0 0 0 0 0 0 0 0 0 0 0 0 0 0 0 0 0 0 0 0 0 0 0 0 0 0 0 0 0 0 0
  0 0 0 0 0 0 0 0 0 0 0 0 0 0 0 0 0 0 0 0 0 0 0 0 0 0 0 0 0 0 0 0 0 0 0 0 0 0 0
  0 0 0 0 0 0 0 0 0 0 0 0 0 0 0 0 0 0 0 0 0 0 0 0 0 0 0 0 0 0 0 0 0 0 0 0 0 0 0
  0 0 0 0 0 0 0 0 0 0 0 0 0 0 0 0 0 0 0 0 0 0 0 0 0 0 0 0 0 0 0 0 0 0 0 0 0 0 0
  0 0 0 0 0 0 0 0 0 0 0 0 0 0 0 0 0 0 0 0 0 0 0 0 0 0 0 0 0 0 0 0 0 0 0 0 0 0 0
  0 0 0 0 0 0 0 0 0 0 0 0 0 0 0 0 0 0 0 0 0 0 0 0 0 0 0 0 0 0 0 0 0 0 0 0 0 0 0
  0 0 0 0 0 0 0 0 0 0 0 0 0 0 0 0 0 0 0 0 0 0 0 0 0 0 0 0 0 0 0 0 0 0 0 0 0 0 0
  0 0 0 0 0 0 0 0 0 0 0 0 0 0 0 0 0 0 0 0 0 0 0 0 0 0 0 0 0 0 0 0 0 0 0 0 0 0 0
  0 0 0 0 0 0 0 0 0 0 0 0 0 0 0 0 0 0 0 0 0 0 0 0 0 0 0 0 0 0 0 0 0 0 0 0 0 0 0
  0 0 0 0 0 0 0 0 0 0 0 0 0 0 0 0 0 0 0 0 0 0 0 0 0 0 0 0 0 0 0 0 0 0 0 0 0 0 0
  0 0 0 0 0 0 0 0 0 0 0 0 0 0 0 0 0 0 0 0 0 0 0 0 0 0 0 0 0 0 0 0 0 0 0 0 0 0 0
  0 0 0 0 0 0 0 0 0 0 0 0 0 0 0 0 0 0 0 0 0 0 0 0 0 0 0 0 0 0 0 0 0 0 0 0 0 0 0
  0 0 0 0 0 0 0 0 0 0 0 0 0 0 0 0 0 0 0 0 0 0 0 0 0 0 0 0 0 0 0 0 0 0 0 0 0 0 0
  0 0 0 0 0 0 0 0 0 0 0 0 0 0 0 0 0 0 0 0 0 0 0 0 0 0 0 0 0 0 0 0 0 0 0 0 0 0 0
  0 0 0 0 0 0 0 0 0 0 0 0 0 0 0 0 0 0 0 0 0 0 0 0 0 0 0 0 0 0 0 0 0 0 0 0 0 0 0
  0 0 0 0 0 0 0 0 0 0 0 0 0 0 0 0 0 0 0 0 0 0 0 0 0 0 0 0 0 0 0 0 0 0 0 0 0 0 0
  0 0 0 0 0 0 0 0 0 0 0 0 0 0 0 0 0 0 0 0 0 0 0 0 0 0 0 0 0 0 0 0 0 0 0 0 0 0 0
  0 0 0 0 0 0 0 0 0 0 0 0 0 0 0 0 0 0 0 0 0 0 0 0 0 0 0 0 0 0 0 0 0 0 0 0 0 0 0
  0 0 0 0 0 0 0 0 0 0 0 0 0 0 0 0 0 0 0 0 0 0 0 0 0 0 0 0 0 0 0 0 0 0 0 0 0 0 0
  0 0 0 0 0 0 0 0 0 0 0 0 0 0 0 0 0 0 0 0 0 0 0 0 0 0 0 0 0 0 0 0 0 0 0 0 0 0 0
  0 0 0 0 0 0 0 0 0 0 0 0 0 0 0 0 0 0 0 0 0 0 0 0 0 0 0 0 0 0 0 0 0 0 0 0 0 0 0
  0 0 0 0 0 0 0 0 0 0 0 0 0 0 0 0 0 0 0 0 0 0 0 0 0 0 0 0 0 0 0 0 0 0 0 0 0 0 0
  0 0 0 0 0 0 0 0 0 0 0 0 0 0 0 0 0 0 0 0 0 0 0 0 0 0 0 0 0 0 0 0 0 0 0 0 0 0 0
  0 0 0 0 0 0 0 0 0 0 0 0 0 0 0 0 0 0 0 0 0 0 0 0 0 0 0 0 0 0 0 0 0 0 0 0 0 0 0
  0 0 0 0 0 0 0 0 0 0 0 0 0 0 0 0 0 0 0 0 0 0 0 0 0 0 0 0 0 0 0 0 0 0 0 0 0 0 0
  0 0 0 0 0 0 0 0 0 0 0 0 0 0 0 0 0 0 0 0 0 0 0 0 0 0 0 0 0 0 0 0 0 0 0 0 0 0 0
  0 0 0 0 0 0 0 0 0 0 0 0 0 0 0 0 0 0 0 0 0 0 0 0 0 0 0 0 0 0 0 0 0 0 0 0 0 0 0
  0 0 0 0 0 0 0 0 0 0 0 0 0 0 0 0 0 0 0 0 0 0 0 0 0 0 0 0 0 0 0 0 0 0 0 0 0 0 0
  0 0 0 0 0 0 0 0 0 0 0 0 0 0 0 0 0 0 0 0 0 0 0 0 0 0 0 0 0 0 0 0 0 0 0 0 0 0 0
  0 0 0 0 0 0 0 0 0 0 0 0 0 0 0 0 0 0 0 0 0 0 0 0 0 0 0 0 0 0 0 0 0 0 0 0 0 0 0
  0 0 0 0 0 0 0 0 0 0 0 0 0 0 0 0 0 0 0 0 0 0 0 0 0 0 0 0 0 0 0 0 0 0 0 0 0 0 0
  0 0 0 0 0 0 0 0 0 0 0 0 0 0 0 0 0 0 0 0 0 0 0 0 0 0 0 0 0 0 0 0 0 0 0 0 0 0 0
  0 0 0 0 0 0 0 0 0 0 0 0 0 0 0 0 0 0 0 0 0 0 0 0 0 0 0 0 0 0 0 0 0 0 0 0 0 0 0
  0 0 0 0 0 0 0 0 0 0 0 0 0 0 0 0 0 0 0 0 0 0 0 0 0 0 0 0 0 0 0 0 0 0 0 0 0 0 0
  0 0 0 0 0 0 0 0 0 0 0 0 0 0 0 0 0 0 0 0 0 0 0 0 0 0 0 0 0 0 0 0 0 0 0 0 0 0 0
  0 0 0 0 0 0 0 0 0 0 0 0 0 0 0 0 0 0 0 0 0 0 0 0 0 0 0 0 0 0 0 0 0 0 0 0 0 0 0
  0 0 0 0 0 0 0 0 0 0 0 0 0 0 0 0 0 0 0 0 0 0 0 0 0 0 0 0 0 0 0 0 0 0 0 0 0 0 0
  0 0 0 0 0 0 0 0 0 0 0 0 0 0 0 0 0 0 0 0 0 0 0 0 0 0 0 0 0 0 0 0 0 0 0 0 0 0 0
  0 0 0 0 0 0 0 0 0 0 0 0 0 0 0 0 0 0 0 0 0 0 0 0 0 0 0 0 0 0 0 0 0 0 0 0 0 0 0
  0 0 0 0 0 0 0 0 0 0 0 0 0 0 0 0 0 0 0 0 0 0 0 0 0 0 0 0 0 0 0 0 0 0 0 0 0 0 0
  0 0 0 0 0 0 0 0 0 0 0 0 0 0 0 0 0 0 0 0 0 0 0 0 0 0 0 0 0 0 0 0 0 0 0 0 0 0 0
  0 0 0 0 0 0 0 0 0 0 0 0 0 0 0 0 0 0 0 0 0 0 0 0 0 0 0 0 0 0 0 0 0 0 0 0 0 0 0
  0 0 0 0 0 0 0 0 0 0 0 0 0 0 0 0 0 0 0 0 0 0 0 0 0 0 0 0 0 0 0 0 0 0 0 0 0 0 0
  0 0 0 0 0 0 0 0 0 0 0 0 0 0 0 0 0 0 0 0 0 0 0 0 0 0 0 0 0 0 0 0 0 0 0 0 0 0 0
  0 0 0 0 0 0 0 0 0 0 0 0 0 0 0 0 0 0 0 0 0 0 0 0 0 0 0 0 0 0 0 0 0 0 0 0 0 0 0
  0 0 0 0 0 0 0 0 0 0 0 0 0 0 0 0 0 0 0 0 0 0 0 0 0 0 0 0 0 0 0 0 0 0 0 0 0 0 0
  0) 
#(13 14 13 14 13 14 13 14 13 14 13 14 13 14 13 14 14 15 14 13 12 13 12 13 12 13
  12 13 12 13 12 13 13 14 13 12 11 12 11 12 11 12 11 12 13 14 13 14 12 13 12 11
  10 11 10 11 10 11 12 13 14 15 14 13 11 12 11 10 9 10 9 10 9 10 11 12 13 14 13
  14 10 11 10 9 8 9 9 10 9 9 10 11 12 13 12 13 9 10 9 8 8 9 10 11 10 9 9 10 11
  12 13 14 8 9 10 9 9 10 11 12 11 10 9 9 10 11 12 13 9 10 11 10 10 11 12 13 12
  11 10 10 11 12 13 14 10 11 12 11 11 12 13 14 13 12 11 10 10 11 12 13 11 12 13
  12 12 13 14 15 14 13 12 11 11 12 13 14 12 13 14 13 12 12 13 14 13 12 11 10 10
  11 12 13 13 14 15 14 13 12 12 13 12 11 10 10 11 12 13 14 12 13 14 13 12 11 11
  12 11 10 10 11 12 13 14 13 11 12 13 12 11 10 10 11 10 10 11 12 13 14 15 14 12
  13 12 11 10 9 9 10 9 9 10 11 12 13 14 13 13 14 13 14 13 14 13 14 13 14 13 14
  13 14 13 14 14 15 14 13 12 13 12 13 12 13 12 13 12 13 12 13 13 14 13 12 11 12
  11 12 11 12 11 12 13 14 13 14 12 13 12 11 10 11 10 11 10 11 12 13 14 15 14 13
  11 12 11 10 9 10 9 10 9 10 11 12 13 14 13 14 10 11 10 9 8 9 9 10 9 9 10 11 12
  13 12 13 9 10 9 8 8 9 10 11 10 9 9 10 11 12 13 14 8 9 10 9 9 10 11 12 11 10 9
  9 10 11 12 13 9 10 11 10 10 11 12 13 12 11 10 10 11 12 13 14 10 11 12 11 11
  12 13 14 13 12 11 10 10 11 12 13 11 12 13 12 12 13 14 15 14 13 12 11 11 12 13
  14 12 13 14 13 12 12 13 14 13 12 11 10 10 11 12 13 13 14 15 14 13 12 12 13 12
  11 10 10 11 12 13 14 12 13 14 13 12 11 11 12 11 10 10 11 12 13 14 13 11 12 13
  12 11 10 10 11 10 10 11 12 13 14 15 14 12 13 12 11 10 9 9 10 9 9 10 11 12 13
  14 13 13 14 13 14 13 14 13 14 13 14 13 14 13 14 13 14 14 15 14 13 12 13 12 13
  12 13 12 13 12 13 12 13 13 14 13 12 11 12 11 12 11 12 11 12 13 14 13 14 12 13
  12 11 10 11 10 11 10 11 12 13 14 15 14 13 11 12 11 10 9 10 9 10 9 10 11 12 13
  14 13 14 10 11 10 9 8 9 9 10 9 9 10 11 12 13 12 13 9 10 9 8 8 9 10 11 10 9 9
  10 11 12 13 14 8 9 10 9 9 10 11 12 11 10 9 9 10 11 12 13 9 10 11 10 10 11 12
  13 12 11 10 10 11 12 13 14 10 11 12 11 11 12 13 14 13 12 11 10 10 11 12 13 11
  12 13 12 12 13 14 15 14 13 12 11 11 12 13 14 12 13 14 13 12 12 13 14 13 12 11
  10 10 11 12 13 13 14 15 14 13 12 12 13 12 11 10 10 11 12 13 14 12 13 14 13 12
  11 11 12 11 10 10 11 12 13 14 13 11 12 13 12 11 10 10 11 10 10 11 12 13 14 15
  14 12 13 12 11 10 9 9 10 9 9 10 11 12 13 14 13 13 14 13 14 13 14 13 14 13 14
  13 14 13 14 13 14 14 15 14 13 12 13 12 13 12 13 12 13 12 13 12 13 13 14 13 12
  11 12 11 12 11 12 11 12 13 14 13 14 12 13 12 11 10 11 10 11 10 11 12 13 14 15
  14 13 11 12 11 10 9 10 9 10 9 10 11 12 13 14 13 14 10 11 10 9 8 9 9 10 9 9 10
  11 12 13 12 13 9 10 9 8 8 9 10 11 10 9 9 10 11 12 13 14 8 9 10 9 9 10 11 12
  11 10 9 9 10 11 12 13 9 10 11 10 10 11 12 13 12 11 10 10 11 12 13 14 10 11 12
  11 11 12 13 14 13 12 11 10 10 11 12 13 11 12 13 12 12 13 14 15 14 13 12 11 11
  12 13 14 12 13 14 13 12 12 13 14 13 12 11 10 10 11 12 13 13 14 15 14 13 12 12
  13 12 11 10 10 11 12 13 14 12 13 14 13 12 11 11 12 11 10 10 11 12 13 14 13 11
  12 13 12 11 10 10 11 10 10 11 12 13 14 15 14 12 13 12 11 10 9 9 10 9 9 10 11
  12 13 14 13 13 14 13 14 13 14 13 14 13 14 13 14 13 14 13 14 14 15 14 13 12 13
  12 13 12 13 12 13 12 13 12 13 13 14 13 12 11 12 11 12 11 12 11 12 13 14 13 14
  12 13 12 11 10 11 10 11 10 11 12 13 14 15 14 13 11 12 11 10 9 10 9 10 9 10 11
  12 13 14 13 14 10 11 10 9 8 9 9 10 9 9 10 11 12 13 12 13 9 10 9 8 8 9 10 11
  10 9 9 10 11 12 13 14 8 9 10 9 9 10 11 12 11 10 9 9 10 11 12 13 9 10 11 10 10
  11 12 13 12 11 10 10 11 12 13 14 10 11 12 11 11 12 13 14 13 12 11 10 10 11 12
  13 11 12 13 12 12 13 14 15 14 13 12 11 11 12 13 14 12 13 14 13 12 12 13 14 13
  12 11 10 10 11 12 13 13 14 15 14 13 12 12 13 12 11 10 10 11 12 13 14 12 13 14
  13 12 11 11 12 11 10 10 11 12 13 14 13 11 12 13 12 11 10 10 11 10 10 11 12 13
  14 15 14 12 13 12 11 10 9 9 10 9 9 10 11 12 13 14 13 13 14 13 14 13 14 13 14
  13 14 13 14 13 14 13 14 14 15 14 13 12 13 12 13 12 13 12 13 12 13 12 13 13 14
  13 12 11 12 11 12 11 12 11 12 13 14 13 14 12 13 12 11 10 11 10 11 10 11 12 13
  14 15 14 13 11 12 11 10 9 10 9 10 9 10 11 12 13 14 13 14 10 11 10 9 8 9 9 10
  9 9 10 11 12 13 12 13 9 10 9 8 8 9 10 11 10 9 9 10 11 12 13 14 8 9 10 9 9 10
  11 12 11 10 9 9 10 11 12 13 9 10 11 10 10 11 12 13 12 11 10 10 11 12 13 14 10
  11 12 11 11 12 13 14 13 12 11 10 10 11 12 13 11 12 13 12 12 13 14 15 14 13 12
  11 11 12 13 14 12 13 14 13 12 12 13 14 13 12 11 10 10 11 12 13 13 14 15 14 13
  12 12 13 12 11 10 10 11 12 13 14 12 13 14 13 12 11 11 12 11 10 10 11 12 13 14
  13 11 12 13 12 11 10 10 11 10 10 11 12 13 14 15 14 12 13 12 11 10 9 9 10 9 9
  10 11 12 13 14 13 13 14 13 14 13 14 13 14 13 14 13 14 13 14 13 14 14 15 14 13
  12 13 12 13 12 13 12 13 12 13 12 13 13 14 13 12 11 12 11 12 11 12 11 12 13 14
  13 14 12 13 12 11 10 11 10 11 10 11 12 13 14 15 14 13 11 12 11 10 9 10 9 10 9
  10 11 12 13 14 13 14 10 11 10 9 8 9 9 10 9 9 10 11 12 13 12 13 9 10 9 8 8 9
  10 11 10 9 9 10 11 12 13 14 8 9 10 9 9 10 11 12 11 10 9 9 10 11 12 13 9 10 11
  10 10 11 12 13 12 11 10 10 11 12 13 14 10 11 12 11 11 12 13 14 13 12 11 10 10
  11 12 13 11 12 13 12 12 13 14 15 14 13 12 11 11 12 13 14 12 13 14 13 12 12 13
  14 13 12 11 10 10 11 12 13 13 14 15 14 13 12 12 13 12 11 10 10 11 12 13 14 12
  13 14 13 12 11 11 12 11 10 10 11 12 13 14 13 11 12 13 12 11 10 10 11 10 10 11
  12 13 14 15 14 12 13 12 11 10 9 9 10 10 10 11 11 12 13 14 13 13 14 13 14 13
  14 13 14 13 14 13 14 13 14 13 14 14 15 14 13 12 13 12 13 12 13 12 13 12 13 12
  13 13 14 13 12 11 12 11 12 11 12 11 12 13 14 13 14 12 13 12 11 10 11 10 11 10
  11 12 13 14 15 14 13 11 12 11 10 9 10 9 10 9 10 11 12 13 14 13 14 10 11 10 9
  8 9 9 10 9 9 10 11 12 13 12 13 9 10 9 8 8 9 10 11 10 9 9 10 11 12 13 14 8 9
  10 9 9 10 11 12 11 10 9 9 10 11 12 13 9 10 11 10 10 11 12 13 12 11 10 10 11
  12 13 14 10 11 12 11 11 12 13 14 13 12 11 10 10 11 12 13 11 12 13 12 12 13 14
  15 14 13 12 11 11 12 13 14 12 13 14 13 12 12 13 14 13 12 11 10 10 11 12 13 13
  14 15 14 13 12 12 13 12 11 10 10 11 12 13 14 12 13 14 13 12 11 11 12 11 10 10
  11 12 13 14 13 11 12 13 12 11 10 10 11 10 10 11 12 13 14 15 14 12 13 12 11 10
  9 10 11 11 11 12 11 12 13 14 13 13 14 13 14 13 14 13 14 13 14 13 14 13 14 13
  14 14 15 14 13 12 13 12 13 12 13 12 13 12 13 12 13 13 14 13 12 11 12 11 12 11
  12 11 12 13 14 13 14 12 13 12 11 10 11 10 11 10 11 12 13 14 15 14 13 11 12 11
  10 9 10 9 10 9 10 11 12 13 14 13 14 10 11 10 9 8 9 9 10 9 9 10 11 12 13 12 13
  9 10 9 8 8 9 10 11 10 9 9 10 11 12 13 14 8 9 10 9 9 10 11 12 11 10 9 9 10 11
  12 13 9 10 11 10 10 11 12 13 12 11 10 10 11 12 13 14 10 11 12 11 11 12 13 14
  13 12 11 10 10 11 12 13 11 12 13 12 12 13 14 15 14 13 12 11 11 12 13 14 12 13
  14 13 12 12 13 14 13 12 11 10 10 11 12 13 13 14 15 14 13 12 12 13 12 11 10 10
  11 12 13 14 12 13 14 13 12 11 11 12 11 10 10 11 12 13 14 13 11 12 13 12 11 10
  10 11 11 10 11 12 13 14 15 14 12 13 12 11 10 10 11 12 12 11 12 11 12 13 14 13
  13 14 13 14 13 14 13 14 13 14 13 14 13 14 13 14 14 15 14 13 12 13 12 13 12 13
  12 13 12 13 12 13 13 14 13 12 11 12 11 12 11 12 11 12 13 14 13 14 12 13 12 11
  10 11 10 11 10 11 12 13 14 15 14 13 11 12 11 10 9 10 9 10 9 10 11 12 13 14 13
  14 10 11 10 9 8 9 9 10 9 9 10 11 12 13 12 13 9 10 9 8 8 9 10 11 10 9 9 10 11
  12 13 14 8 9 10 9 9 10 11 12 11 10 9 9 10 11 12 13 9 10 11 10 10 11 12 13 12
  11 10 10 11 12 13 14 10 11 12 11 11 12 13 14 13 12 11 10 10 11 12 13 11 12 13
  12 12 13 14 15 14 13 12 11 11 12 13 14 12 13 14 13 12 12 13 14 13 12 11 10 10
  11 12 13 13 14 15 14 13 12 12 13 12 11 10 10 11 12 13 14 12 13 14 13 12 11 11
  12 11 10 10 11 12 13 14 13 11 12 13 12 11 10 11 12 11 10 11 12 13 14 15 14 12
  13 12 11 10 11 12 13 12 11 12 11 12 13 14 13 13 14 13 14 13 14 13 14 13 14 13
  14 13 14 13 14 14 15 14 13 12 13 12 13 12 13 12 13 12 13 12 13 13 14 13 12 11
  12 11 12 11 12 11 12 13 14 13 14 12 13 12 11 10 11 10 11 10 11 12 13 14 15 14
  13 11 12 11 10 9 10 9 10 9 10 11 12 13 14 13 14 10 11 10 9 8 9 9 10 9 9 10 11
  12 13 12 13 9 10 9 8 8 9 10 11 10 9 9 10 11 12 13 14 8 9 10 9 9 10 11 12 11
  10 9 9 10 11 12 13 9 10 11 10 10 11 12 13 12 11 10 10 11 12 13 14 10 11 12 11
  11 12 13 14 13 12 11 10 10 11 12 13 11 12 13 12 12 13 14 15 14 13 12 11 11 12
  13 14 12 13 14 13 12 12 13 14 13 12 11 10 10 11 12 13 13 14 15 14 13 12 12 13
  12 11 10 10 11 12 13 14 12 13 14 13 12 11 11 12 11 10 10 11 12 13 14 13 11 12
  13 12 11 10 11 12 11 10 11 12 13 14 15 14 12 13 12 11 10 11 12 13 12 11 12 11
  12 13 14 13 13 14 13 14 13 14 13 14 13 14 13 14 13 14 13 14 14 15 14 13 12 13
  12 13 12 13 12 13 12 13 12 13 13 14 13 12 11 12 11 12 11 12 11 12 13 14 13 14
  12 13 12 11 10 11 10 11 10 11 12 13 14 15 14 13 11 12 11 10 9 10 9 10 9 10 11
  12 13 14 13 14 10 11 10 9 8 9 9 10 9 9 10 11 12 13 12 13 9 10 9 8 8 9 10 11
  10 9 9 10 11 12 13 14 8 9 10 9 9 10 11 12 11 10 9 9 10 11 12 13 9 10 11 10 10
  11 12 13 12 11 10 10 11 12 13 14 10 11 12 11 11 12 13 14 13 12 11 10 10 11 12
  13 11 12 13 12 12 13 14 15 14 13 12 11 11 12 13 14 12 13 14 13 12 12 13 14 13
  12 11 10 10 11 12 13 13 14 15 14 13 12 12 13 12 11 10 10 11 12 13 14 12 13 14
  13 12 11 11 12 11 10 10 11 12 13 14 13 11 12 13 12 11 10 11 11 12 11 11 12 13
  14 15 14 12 13 12 11 11 11 12 12 13 12 12 11 12 13 14 13 13 14 13 14 13 14 13
  14 13 14 13 14 13 14 13 14 14 15 14 13 12 13 12 13 12 13 12 13 12 13 12 13 13
  14 13 12 11 12 11 12 11 12 11 12 13 14 13 14 12 13 12 11 10 11 10 11 10 11 12
  13 14 15 14 13 11 12 11 10 9 10 9 10 9 10 11 12 13 14 13 14 10 11 10 9 8 9 9
  10 9 9 10 11 12 13 12 13 9 10 9 8 8 9 10 11 10 9 9 10 11 12 13 14 8 9 10 9 9
  10 11 12 11 10 9 9 10 11 12 13 9 10 11 10 10 11 12 13 12 11 10 10 11 12 13 14
  10 11 12 11 11 12 13 14 13 12 11 10 10 11 12 13 11 12 13 12 12 13 14 15 14 13
  12 11 11 12 13 14 12 13 14 13 12 12 13 14 13 12 11 10 10 11 12 13 13 14 15 14
  13 12 12 13 12 11 10 10 11 12 13 14 12 13 14 13 12 11 11 12 12 11 11 11 12 13
  14 13 11 12 13 12 11 11 12 12 13 12 12 12 13 14 15 14 12 13 12 11 12 12 13 13
  14 13 13 12 12 13 14 13 13 14 13 14 13 14 13 14 13 14 13 14 13 14 13 14 14 15
  14 13 12 13 12 13 12 13 12 13 12 13 12 13 13 14 13 12 11 12 11 12 11 12 11 12
  13 14 13 14 12 13 12 11 10 11 10 11 10 11 12 13 14 15 14 13 11 12 11 10 9 10
  9 10 9 10 11 12 13 14 13 14 10 11 10 9 8 9 9 10 9 9 10 11 12 13 12 13 9 10 9
  8 8 9 10 11 10 9 9 10 11 12 13 14 8 9 10 9 9 10 11 12 11 10 9 9 10 11 12 13 9
  10 11 10 10 11 12 13 12 11 10 10 11 12 13 14 10 11 12 11 11 12 13 14 13 12 11
  10 10 11 12 13 11 12 13 12 12 13 14 15 14 13 12 11 11 12 13 14 12 13 14 13 12
  12 13 14 13 12 11 10 10 11 12 13 13 14 15 14 13 12 12 13 12 11 11 10 11 12 13
  14 12 13 14 13 12 11 12 12 12 11 12 11 12 13 14 13 11 12 13 12 12 12 13 12 13
  12 13 12 13 14 15 14 12 12 12 12 13 13 14 13 14 13 14 13 12 13 14 13 13 14 13
  14 13 14 13 14 13 14 13 14 13 14 13 14 14 15 14 13 12 13 12 13 12 13 12 13 12
  13 12 13 13 14 13 12 11 12 11 12 11 12 11 12 13 14 13 14 12 13 12 11 10 11 10
  11 10 11 12 13 14 15 14 13 11 12 11 10 9 10 9 10 9 10 11 12 13 14 13 14 10 11
  10 9 8 9 9 10 9 9 10 11 12 13 12 13 10 10 9 8 8 9 10 11 10 9 9 10 11 12 13 14
  9 9 10 9 9 10 11 12 11 10 9 9 10 11 12 13 10 10 11 10 10 11 12 13 12 11 10 10
  11 12 13 14 10 11 12 11 11 12 13 14 13 12 11 10 10 11 12 13 11 12 13 12 12 13
  14 15 14 13 12 11 11 12 13 14 12 13 14 13 12 12 13 14 13 12 11 10 10 11 12 13
  13 14 15 14 13 12 12 13 12 11 11 10 11 12 13 14 12 13 14 13 12 11 12 12 12 11
  12 11 12 13 14 13 12 12 13 12 13 12 13 12 13 12 13 12 13 14 15 14 13 12 13 13
  14 13 14 13 14 13 14 13 12 13 14 13 13 14 13 14 13 14 13 14 13 14 13 14 13 14
  13 14 14 15 14 13 12 13 12 13 12 13 12 13 12 13 12 13 13 14 13 12 11 12 11 12
  11 12 11 12 13 14 13 14 12 13 12 11 10 11 10 11 10 11 12 13 14 15 14 13 11 12
  11 10 9 10 9 10 9 10 11 12 13 14 13 14 10 11 10 9 8 9 9 10 9 9 10 11 12 13 12
  13 11 10 9 8 8 9 10 11 10 9 9 10 11 12 13 14 10 9 10 9 9 10 11 12 11 10 9 9
  10 11 12 13 11 10 11 10 10 11 12 13 12 11 10 10 11 12 13 14 10 11 12 11 11 12
  13 14 13 12 11 10 10 11 12 13 11 12 13 12 12 13 14 15 14 13 12 11 11 12 13 14
  12 13 14 13 12 12 13 14 13 12 11 10 10 11 12 13 13 14 15 14 13 12 12 13 12 11
  11 10 11 12 13 14 12 13 14 13 12 11 12 12 12 11 12 11 12 13 14 13 13 12 13 12
  13 12 13 12 13 12 13 12 13 14 15 14 14 13 14 13 14 13 14 13 14 13 14 13 13 13
  14 13) 