
#(0 0 0 0 0 0 0 0 0 0 0 0 0 0 0 0 0 58 58 0 0 0 0 0 0 0 0 0 0 0 0 0 0 58 1 0 0
  0 0 0 0 0 0 0 0 0 0 0 0 58 1 0 0 0 0 0 0 0 0 0 0 0 0 0 0 58 1 0 0 0 0 0 0 0 0
  0 0 0 0 0 0 58 0 0 0 0 0 0 0 0 0 0 0 0 0 0 0 0 0 0 0 0 0 0 0 0 0 0 0 0 0 0 0
  0 0 0 0 0 0 0 0 0 0 0 0 0 0 0 49 1 0 0 0 0 0 0 0 0 0 0 0 0 0 0 58 58 0 0 0 0
  0 0 0 0 0 0 0 0 0 0 58 58 0 0 0 0 0 0 0 0 0 0 0 0 0 0 58 58 0 0 0 0 0 0 0 0 0
  0 0 0 0 0 58 58 0 0 0 0 0 0 0 0 0 0 0 0 0 0 58 1 0 0 0 0 0 0 0 0 0 0 0 0 0 0
  58 0 0 0 0 0 0 0 0 0 0 0 0 0 0 0 58 0 0 0 0 0 0 0 0 0 0 0 0 0 0 0 0 58 0 0 0
  0 0 0 0 0 0 0 0 0 0 0 49 1 58 0 0 0 0 0 0 0 0 0 0 0 0 0 58 1 58 0 0 0 0 0 0 0
  0 0 0 0 0 0 58 1 1 0 0 0 0 0 0 0 0 0 0 0 0 0 58 1 0 0 0 0 0 0 0 0 0 0 0 0 0 0
  58 0 0 0 0 0 0 0 0 0 0 0 0 0 0 0 58 0 0 0 0 0 0 0 0 0 0 0 0 0 0 0 58 0 0 0 0
  0 0 0 0 0 0 0 0 0 0 0 0 0 0 0 0 0 0 0 0 0 0 0 0 0 0 0 0 0 0 0 0 0 0 0 0 0 0 0
  0 0 0 0 0 0 0 0 0 0 0 0 0 0 0 0 0 0 0 0 0 0 0 0 0 0 0 0 0 0 0 0 0 0 0 0 0 0 0
  0 0 0 0 0 0 0 0 0 0 0 0 0 0 0 0 0 0 0 0 0 0 0 0 0 0 0 0 0 0 0 0 0 0 0 0 0 0 0
  0 0 0 0 0 0 0 0 0 0 0 0 0 0 0 0 0 0 0 0 0 0 58 0 0 0 0 0 0 0 0 0 0 0 0 0 0 0
  0 0 1 0 0 0 0 0 0 0 0 0 0 0 0 0 0 0 0 0 0 0 0 0 0 0 0 0 0 0 0 0 0 0 0 0 0 0 0
  0 0 0 0 0 0 0 0 0 0 0 0 0 0 0 0 0 0 0 0 0 0 0 0 0 0 0 0 0 0 0 0 0 0 0 0 0 0 0
  0 0 0 0 0 0 0 0 0 0 0 0 0 0 0 0 0 0 0 0 0 0 0 0 0 0 0 0 0 0 0 0 0 0 0 0 0 0 0
  0 0 0 0 0 0 0 0 0 0 0 0 0 0 0 0 0 0 0 0 0 0 0 0 0 0 0 0 0 0 0 0 0 0 0 0 0 0 0
  0 0 0 0 0 0 0 0 0 0 0 0 0 0 0 0 0 0 0 0 0 0 0 0 0 0 0 0 0 0 0 0 0 0 0 0 0 0 0
  0 0 0 0 0 0 0 0 0 0 0 0 0 0 0 0 0 0 0 0 0 0 0 0 0 0 0 0 0 0 0 0 0 0 0 0 0 0 0
  0 0 0 0 0 0 0 0 0 0 0 0 0 0 0 0 0 0 0 0 0 0 0 0 0 0 0 0 0 0 0 0 0 0 0 0 0 0 0
  0 0 0 0 0 0 0 0 0 0 0 0 0 0 0 0 0 0 0 0 0 0 0 0 0 0 0 0 0 0 0 0 0 0 0 0 0 0 0
  0 0 0 0 0 0 0 0 0 0 0 0 0 0 0 0 0 0 0 0 0 0 0 0 0 0 0 0 0 0 0 0 0 0 0 0 0 0 0
  0 0 0 0 0 0 0 0 0 0 0 0 0 0 0 0 0 0 0 0 0 0 0 0 0 0 0 0 0 0 0 0 0 0 0 0 0 0 0
  0 0 0 0 0 0 0 0 0 0 0 0 0 0 0 0 0 0 0 0 0 0 0 0 0 0 0 0 0 0 0 0 0 0 0 0 0 0 0
  0 0 0 0 0 0 0 0 0 0 0 0 0 0 0 0 0 0 0 0 0 0 0 0 0 0 0 0 0 0 0 0 0 0 0 0 0 0 0
  0 0 0 0 0 0 0 0 0 0 0 0 0 0 0 0 0 0 0 0 0 0 0 0 0 0 0 0 0 0 0 0 0 0 0 0 0 0 0
  0 0 0 0 0 0 0 0 0 0 0 0 0 0 0 0 0 0 0 0 0 0 0 0 0 0 0 0 0 0 0 0 0 0 0 0 0 0 0
  0 0 0 0 0 0 0 0 0 0 0 0 0 0 0 0 0 0 0 0 0 0 0 0 0 0 0 0 0 0 0 0 0 0 0 0 0 0 0
  0 0 0 0 0 0 0 0 0 0 0 0 0 0 0 0 0 0 0 0 0 0 0 0 0 0 0 0 0 0 0 0 0 0 0 0 0 0 0
  0 0 0 0 0 0 0 0 0 0 0 0 0 0 0 0 0 0 0 0 0 0 0 0 0 0 0 0 0 0 0 0 0 0 0 0 0 0 0
  0 0 0 0 0 0 0 0 0 0 0 0 0 0 0 0 0 0 0 0 0 0 0 0 0 0 0 0 0 0 0 0 0 0 0 0 0 0 0
  0 0 0 0 0 0 0 0 0 0 0 0 0 0 0 0 0 0 0 0 0 0 0 0 0 0 0 0 0 0 0 0 0 0 0 0 0 0 0
  0 0 0 0 0 0 0 0 0 0 0 0 0 0 0 0 0 0 0 0 0 0 0 0 0 0 0 0 0 0 0 0 0 0 0 0 0 0 0
  0 0 0 0 0 0 0 0 0 0 0 0 0 0 0 0 0 0 0 0 0 0 0 0 0 0 0 0 0 0 0 0 0 0 0 0 0 0 0
  0 0 0 0 0 0 0 0 0 0 0 0 0 0 0 0 0 0 0 0 0 0 0 0 0 0 0 0 0 0 0 0 0 0 0 0 0 0 0
  0 0 0 0 0 0 0 0 0 0 0 0 0 0 0 0 0 0 0 0 0 0 0 0 0 0 0 0 0 0 0 0 0 0 0 0 0 0 0
  0 0 0 0 0 0 0 0 0 0 0 0 0 0 0 0 0 0 0 0 0 0 0 0 0 0 0 0 0 0 0 0 0 0 0 0 0 0 0
  0 0 0 0 0 0 0 0 0 0 0 0 0 0 0 0 0 0 0 0 0 0 0 0 0 0 0 0 0 0 0 0 0 0 0 0 0 0 0
  0 0 0 0 0 0 0 0 0 0 0 0 0 0 0 0 0 0 0 0 0 0 0 0 0 0 0 0 0 0 0 0 0 0 0 0 0 0 0
  0 0 0 0 0 0 0 0 0 0 0 0 0 0 0 0 0 0 0 0 0 0 0 0 0 0 0 0 0 0 0 0 0 0 0 0 0 0 0
  0 0 0 0 0 0 0 0 0 0 0 0 0 0 0 0 0 0 0 0 0 0 0 0 0 0 0 0 0 0 0 0 0 0 0 0 0 0 0
  0 0 0 0 0 0 0 0 0 0 0 0 0 0 0 0 0 0 0 0 0 0 0 0 0 0 0 0 0 0 0 0 0 0 0 0 0 0 0
  0 0 0 0 0 0 0 0 0 0 0 0 0 0 0 0 0 0 0 0 0 0 0 0 0 0 0 0 0 0 0 0 0 0 0 0 0 0 0
  0 0 0 0 0 0 0 0 0 0 0 0 0 0 0 0 0 0 0 0 0 0 0 0 0 0 0 0 0 0 0 0 0 0 0 0 0 0 0
  0 0 0 0 0 0 0 0 0 0 0 0 0 0 0 0 0 0 0 0 0 0 0 0 0 0 0 0 0 0 0 0 0 0 0 0 0 0 0
  0 0 0 0 0 0 0 0 0 0 0 0 0 0 0 0 0 0 0 0 0 0 0 0 0 0 0 0 0 0 0 0 0 0 0 0 0 0 0
  0 0 0 0 0 0 0 0 0 0 0 0 0 0 0 0 0 0 0 0 0 0 0 0 0 0 0 0 0 0 0 0 0 0 0 0 0 0 0
  0 0 0 0 0 0 0 0 0 0 0 0 0 0 0 0 0 0 0 0 0 0 0 0 0 0 0 0 0 0 0 0 0 0 0 0 0 0 0
  0 0 0 0 0 0 0 0 0 0 0 0 0 0 0 0 0 0 0 0 0 0 0 0 0 0 0 0 0 0 0 0 0 0 0 0 0 0 0
  0 0 0 0 0 0 0 0 0 0 0 0 0 0 0 0 0 0 0 0 0 0 0 0 0 0 0 0 0 0 0 0 0 0 0 0 0 0 0
  0 0 0 0 0 0 0 0 0 0 0 0 0 0 0 0 0 0 0 0 0 0 0 0 0 0 0 0 0 0 0 0 0 0 0 0 0 0 0
  0 0 0 0 0 0 0 0 0 0 0 0 0 0 0 0 0 0 0 0 0 0 0 0 0 0 0 0 0 0 0 0 0 0 0 0 0 0 0
  0 0 0 0 0 0 0 0 0 0 0 0 0 0 0 0 0 0 0 0 0 0 0 0 0 0 0 0 0 0 0 0 0 0 0 0 0 0 0
  0 0 0 0 0 0 0 0 0 0 0 0 0 0 0 0 0 0 0 0 0 0 0 0 0 0 0 0 0 0 0 0 0 0 0 0 0 0 0
  0 0 0 0 0 0 0 0 0 0 0 0 0 0 0 0 0 0 0 0 0 0 0 0 0 0 0 0 0 0 0 0 0 0 0 0 0 0 0
  0 0 0 0 0 0 0 0 0 0 0 0 0 0 0 0 0 0 0 0 0 0 0 0 0 0 0 0 0 0 0 0 0 0 0 0 0 0 0
  0 0 0 0 0 0 0 0 0 0 0 0 0 0 0 0 0 0 0 0 0 0 0 0 0 0 0 0 0 0 0 0 0 0 0 0 0 0 0
  0 0 0 0 0 0 0 0 0 0 0 0 0 0 0 0 0 0 0 0 0 0 0 0 0 0 0 0 0 0 0 0 0 0 0 0 0 0 0
  0 0 0 0 0 0 0 0 0 0 0 0 0 0 0 0 0 0 0 0 0 0 0 0 0 0 0 0 0 0 0 0 0 0 0 0 0 0 0
  0 0 0 0 0 0 0 0 0 0 0 0 0 0 0 0 0 0 0 0 0 0 0 0 0 0 0 0 0 0 0 0 0 0 0 0 0 0 0
  0 0 0 0 0 0 0 0 0 0 0 0 0 0 0 0 0 0 0 0 0 0 0 0 0 0 0 0 0 0 0 0 0 0 0 0 0 0 0
  0 0 0 0 0 0 0 0 0 0 0 0 0 0 0 0 0 0 0 0 0 0 0 0 0 0 0 0 0 0 0 0 0 0 0 0 0 0 0
  0 0 0 0 0 0 0 0 0 0 0 0 0 0 0 0 0 0 0 0 0 0 0 0 0 0 0 0 0 0 0 0 0 0 0 0 0 0 0
  0 0 0 0 0 0 0 0 0 0 0 0 0 0 0 0 0 0 0 0 0 0 0 0 0 0 0 0 0 0 0 0 0 0 0 0 0 0 0
  0 0 0 0 0 0 0 0 0 0 0 0 0 0 0 0 0 0 0 0 0 0 0 0 0 0 0 0 0 0 0 0 0 0 0 0 0 0 0
  0 0 0 0 0 0 0 0 0 0 0 0 0 0 0 0 0 0 0 0 0 0 0 0 0 0 0 0 0 0 0 0 0 0 0 0 0 0 0
  0 0 0 0 0 0 0 0 0 0 0 0 0 0 0 0 0 0 0 0 0 0 0 0 0 0 0 0 0 0 0 0 0 0 0 0 0 0 0
  0 0 0 0 0 0 0 0 0 0 0 0 0 0 0 0 0 0 0 0 0 0 0 0 0 0 0 0 0 0 0 0 0 0 0 0 0 0 0
  0 0 0 0 0 0 0 0 0 0 0 0 0 0 0 0 0 0 0 0 0 0 0 0 0 0 0 0 0 0 0 0 0 0 0 0 0 0 0
  0 0 0 0 0 0 0 0 0 0 0 0 0 0 0 0 0 0 0 0 0 0 0 0 0 0 0 0 0 0 0 0 0 0 0 0 0 0 0
  0 0 0 0 0 0 0 0 0 0 0 0 0 0 0 0 0 0 0 0 0 0 0 0 0 0 0 0 0 0 0 0 0 0 0 0 0 0 0
  0 0 0 0 0 0 0 0 0 0 0 0 0 0 0 0 0 0 0 0 0 0 0 0 0 0 0 0 0 0 0 0 0 0 0 0 0 0 0
  0 0 0 0 0 0 0 0 0 0 0 0 0 0 0 0 0 0 0 0 0 0 0 0 0 0 0 0 0 0 0 0 0 0 0 0 0 0 0
  0 0 0 0 0 0 0 0 0 0 0 0 0 0 0 0 0 0 0 0 0 0 0 0 0 0 0 0 0 0 0 0 0 0 0 0 0 0 0
  0 0 0 0 0 0 0 0 0 0 0 0 0 0 0 0 0 0 0 0 0 0 0 0 0 0 0 0 0 0 0 0 0 0 0 0 0 0 0
  0 0 0 0 0 0 0 0 0 0 0 0 0 0 0 0 0 0 0 0 0 0 0 0 0 0 0 0 0 0 0 0 0 0 0 0 0 0 0
  0 0 0 0 0 0 0 0 0 0 0 0 0 0 0 0 0 0 0 0 0 0 0 0 0 0 0 0 0 0 0 0 0 0 0 0 0 0 0
  0 0 0 0 0 0 0 0 0 0 0 0 0 0 0 0 0 0 0 0 0 0 0 0 0 0 0 0 0 0 0 0 0 0 0 0 0 0 0
  0 0 0 0 0 0 0 0 0 0 0 0 0 0 0 0 0 0 0 0 0 0 0 0 0 0 0 0 0 0 0 0 0 0 0 0 0 0 0
  0 0 0 0 0 0 0 0 0 0 0 0 0 0 0 0 0 0 0 0 0 0 0 0 0 0 0 0 0 0 0 0 0 0 0 0 0 0 0
  0 0 0 0 0 0 0 0 0 0 0 0 0 0 0 0 0 0 0 0 0 0 0 0 0 0 0 0 0 0 0 0 0 0 0 0 0 0 0
  0 0 0 0 0 0 0 0 0 0 0 0 0 0 0 0 0 0 0 0 0 0 0 0 0 0 0 0 0 0 0 0 0 0 0 0 0 0 0
  0 0 0 0 0 0 0 0 0 0 0 0 0 0 0 0 0 0 0 0 0 0 0 0 0 0 0 0 0 0 0 0 0 0 0 0 0 0 0
  0 0 0 0 0 0 0 0 0 0 0 0 0 0 0 0 0 0 0 0 0 0 0 0 0 0 0 0 0 0 0 0 0 0 0 0 0 0 0
  0 0 0 0 0 0 0 0 0 0 0 0 0 0 0 0 0 0 0 0 0 0 0 0 0 0 0 0 0 0 0 0 0 0 0 0 0 0 0
  0 0 0 0 0 0 0 0 0 0 0 0 0 0 0 0 0 0 0 0 0 0 0 0 0 0 0 0 0 0 0 0 0 0 0 0 0 0 0
  0 0 0 0 0 0 0 0 0 0 0 0 0 0 0 0 0 0 0 0 0 0 0 0 0 0 0 0 0 0 0 0 0 0 0 0 0 0 0
  0 0 0 0 0 0 0 0 0 0 0 0 0 0 0 0 0 0 0 0 0 0 0 0 0 0 0 0 0 0 0 0 0 0 0 0 0 0 0
  0 0 0 0 0 0 0 0 0 0 0 0 0 0 0 0 0 0 0 0 0 0 0 0 0 0 0 0 0 0 0 0 0 0 0 0 0 0 0
  0 0 0 0 0 0 0 0 0 0 0 0 0 0 0 0 0 0 0 0 0 0 0 0 0 0 0 0 0 0 0 0 0 0 0 0 0 0 0
  0 0 0 0 0 0 0 0 0 0 0 0 0 0 0 0 0 0 0 0 0 0 0 0 0 0 0 0 0 0 0 0 0 0 1 0 0 0 0
  0 0 0 0 0 0 0 0 0 0 0 0 0 58 0 0 0 0 0 0 0 0 0 0 0 0 0 0 0 0 0 0 0 0 0 0 0 0
  0 0 0 0 0 0 0 0 0 0 0 0 0 0 0 0 0 0 0 0 0 0 0 0 0 0 0 0 0 0 0 0 0 0 0 0 0 0 0
  0 0 0 0 0 0 0 0 0 0 0 0 0 0 0 0 0 0 0 0 0 0 0 0 0 0 0 0 0 0 0 0 0 0 0 0 0 0 0
  0 0 0 0 0 0 0 0 0 0 0 0 0 0 0 0 0 0 0 0 0 0 0 0 0 0 0 0 0 0 0 0 0 0 0 0 0 0 0
  0 0 58 0 0 0 0 0 0 0 0 0 0 0 0 0 0 0 58 0 0 0 0 0 0 0 0 0 0 0 0 0 0 0 58 0 0
  0 0 0 0 0 0 0 0 0 0 0 0 1 58 0 0 0 0 0 0 0 0 0 0 0 0 0 1 1 58 0 0 0 0 0 0 0 0
  0 0 0 0 0 58 1 58 0 0 0 0 0 0 0 0 0 0 0 0 0 58 1 49 0 0 0 0 0 0 0 0 0 0 0 0 0
  0 58 0 0 0 0 0 0 0 0 0 0 0 0 0 0 0 0 58 0 0 0 0 0 0 0 0 0 0 0 0 0 0 0 58 0 0
  0 0 0 0 0 0 0 0 0 0 0 0 1 58 0 0 0 0 0 0 0 0 0 0 0 0 0 0 1 58 0 0 0 0 0 0 0 0
  0 0 0 0 0 0 1 58 0 0 0 0 0 0 0 0 0 0 0 0 0 0 1 58 0 0 0 0 0 0 0 0 0 0 0 0 0 0
  1 58 0 0 0 0 0 0 0 0 0 0 0 0 0 0 1 49 0 0 0 0 0 0 0 0 0 0 0 0 0 0 0 0 0 0 0 0
  0 0 0 0 0 0 0 0 0 0 0 0 0 0 0 0 0 0 0 0 0 0 0 0 0 0 58 0 0 0 0 0 0 0 0 0 0 0
  0 0 0 1 58 0 0 0 0 0 0 0 0 0 0 0 0 0 0 58 58 0 0 0 0 0 0 0 0 0 0 0 0 0 0 58
  58 0 0 0 0 0 0 0 0 0 0 0 0 0 0 1 49 0 0 0 0 0 0 0 0 0 0 0 0 0 0 0 0 0) 
#(0 0 0 0 0 0 0 0 0 0 0 0 0 0 0 0 0 0 0 0 0 0 0 0 0 0 0 0 0 0 0 0 0 0 0 0 0 0 0
  0 0 0 0 0 0 0 0 0 0 0 0 0 0 0 0 0 0 0 0 0 0 0 0 0 0 0 0 0 0 0 0 0 0 0 0 0 0 0
  0 0 0 0 0 0 0 0 0 0 0 0 0 0 0 0 0 0 0 0 0 0 0 0 0 0 0 0 0 0 0 0 0 0 0 0 0 0 0
  0 0 0 0 0 0 0 0 0 0 0 0 0 0 0 0 0 0 0 0 0 0 0 0 0 0 0 0 0 0 0 0 0 0 0 0 0 0 0
  0 0 0 0 0 0 0 0 0 0 0 0 0 0 0 0 0 0 0 0 0 0 0 0 0 0 0 0 0 0 0 0 0 0 0 0 0 0 0
  0 0 0 0 0 0 0 0 0 0 0 0 0 0 0 0 0 0 0 0 0 0 0 0 0 0 0 0 0 0 0 0 0 0 0 0 0 0 0
  0 0 0 0 0 0 0 0 0 0 0 0 0 0 0 0 0 0 0 0 0 0 0 0 0 0 0 0 0 0 0 0 0 0 0 0 0 0 0
  0 0 0 0 0 0 0 0 0 0 0 0 0 0 0 0 0 0 0 0 0 0 0 0 0 0 0 0 0 0 0 0 0 0 0 0 0 0 0
  0 0 0 0 0 0 0 0 0 0 0 0 0 0 0 0 0 0 0 0 0 0 0 0 0 0 0 0 0 0 0 0 0 0 0 0 0 0 0
  0 0 0 0 0 0 0 0 0 0 0 0 0 0 0 0 0 0 0 0 0 0 0 0 0 0 0 0 0 0 0 0 0 0 0 0 0 0 0
  0 0 0 0 0 0 0 0 0 0 0 0 0 0 0 0 0 0 0 0 0 0 0 0 0 0 0 0 0 0 0 0 0 0 0 0 0 0 0
  0 0 0 0 0 0 0 0 0 0 0 0 0 0 0 0 0 0 0 0 0 0 0 0 0 0 0 0 0 0 0 0 0 0 0 0 0 0 0
  0 0 0 0 0 0 0 0 0 0 0 0 0 0 0 0 0 0 0 0 0 0 0 0 0 0 0 0 0 0 0 0 0 0 0 0 0 0 0
  0 0 0 0 0 0 0 0 0 0 0 0 0 0 0 0 0 0 0 0 0 0 0 0 0 0 0 0 0 0 0 0 0 0 0 0 0 0 0
  0 0 0 0 0 0 0 0 0 0 0 0 0 0 0 0 0 0 0 0 0 0 0 0 0 0 0 0 0 0 0 0 0 0 0 0 0 0 0
  0 0 0 0 0 0 0 0 0 0 0 0 0 0 0 0 0 0 0 0 0 0 0 0 0 0 0 0 0 0 0 0 0 0 0 0 0 0 0
  0 0 0 0 0 0 0 0 0 0 0 0 0 0 0 0 0 0 0 0 0 0 0 0 0 0 0 0 0 0 0 0 0 0 0 0 0 0 0
  0 0 0 0 0 0 0 0 0 0 0 0 0 0 0 0 0 0 0 0 0 0 0 0 0 0 0 0 0 0 0 0 0 0 0 0 0 0 0
  0 0 0 0 0 0 0 0 0 0 0 0 0 0 0 0 0 0 0 0 0 0 0 0 0 0 0 0 0 0 0 0 0 0 0 0 0 0 0
  0 0 0 0 0 0 0 0 0 0 0 0 0 0 0 0 0 0 0 0 0 0 0 0 0 0 0 0 0 0 0 0 0 0 0 0 0 0 0
  0 0 0 0 0 0 0 0 0 0 0 0 0 0 0 0 0 0 0 0 0 0 0 0 0 0 0 0 0 0 0 0 0 0 0 0 0 0 0
  0 0 0 0 0 0 0 0 0 0 0 0 0 0 0 0 0 0 0 0 0 0 0 0 0 0 0 0 0 0 0 0 0 0 0 0 0 0 0
  0 0 0 0 0 0 0 0 0 0 0 0 0 0 0 0 0 0 0 0 0 0 0 0 0 0 0 0 0 0 0 0 0 0 0 0 0 0 0
  0 0 0 0 0 0 0 0 0 0 0 0 0 0 0 0 0 0 0 0 0 0 0 0 0 0 0 0 0 0 0 0 0 0 0 0 0 0 0
  0 0 0 0 0 0 0 0 0 0 0 0 0 0 0 0 0 0 0 0 0 0 0 0 0 0 0 0 0 0 0 0 0 0 0 0 0 0 0
  0 0 0 0 0 0 0 0 0 0 0 0 0 0 0 0 0 0 0 0 0 0 0 0 0 0 0 0 0 0 0 0 0 0 0 0 0 0 0
  0 0 0 0 0 0 0 0 0 0 0 0 0 0 0 0 0 0 0 0 0 0 0 0 0 0 0 0 0 0 0 0 0 0 0 0 0 0 0
  0 0 0 0 0 0 0 0 0 0 0 0 0 0 0 0 0 0 0 0 0 0 0 0 0 0 0 0 0 0 0 0 0 0 0 0 0 0 0
  0 0 0 0 0 0 0 0 0 0 0 0 0 0 0 0 0 0 0 0 0 0 0 0 0 0 0 0 0 0 0 0 0 0 0 0 0 0 0
  0 0 0 0 0 0 0 0 0 0 0 0 0 0 0 0 0 0 0 0 0 0 0 0 0 0 0 0 0 0 0 0 0 0 0 0 0 0 0
  0 0 0 0 0 0 0 0 0 0 0 0 0 0 0 0 0 0 0 0 0 0 0 0 0 0 0 0 0 0 0 0 0 0 0 0 0 0 0
  0 0 0 0 0 0 0 0 0 0 0 0 0 0 0 0 0 0 0 0 0 0 0 0 0 0 0 0 0 0 0 0 0 0 0 0 0 0 0
  0 0 0 0 0 0 0 0 0 0 0 0 0 0 0 0 0 0 0 0 0 0 0 0 0 0 0 0 0 0 0 0 0 0 0 0 0 0 0
  0 0 0 0 0 0 0 0 0 0 0 0 0 0 0 0 0 0 0 0 0 0 0 0 0 0 0 0 0 0 0 0 0 0 0 0 0 0 0
  0 0 0 0 0 0 0 0 0 0 0 0 0 0 0 0 0 0 0 0 0 0 0 0 0 0 0 0 0 0 0 0 0 0 0 0 0 0 0
  0 0 0 0 0 0 0 0 0 0 0 0 0 0 0 0 0 0 0 0 0 0 0 0 0 0 0 0 0 0 0 0 0 0 0 0 0 0 0
  0 0 0 0 0 0 0 0 0 0 0 0 0 0 0 0 0 0 0 0 0 0 0 0 0 0 0 0 0 0 0 0 0 0 0 0 0 0 0
  0 0 0 0 0 0 0 0 0 0 0 0 0 0 0 0 0 0 0 0 0 0 0 0 0 0 0 0 0 0 0 0 0 0 0 0 0 0 0
  0 0 0 0 0 0 0 0 0 0 0 0 0 0 0 0 0 0 0 0 0 0 0 0 0 0 0 0 0 0 0 0 0 0 0 0 0 0 0
  0 0 0 0 0 0 0 0 0 0 0 0 0 0 0 0 0 0 0 0 0 0 0 0 0 0 0 0 0 0 0 0 0 0 0 0 0 0 0
  0 0 0 0 0 0 0 0 0 0 0 0 0 0 0 0 0 0 0 0 0 0 0 0 0 0 0 0 0 0 0 0 0 0 0 0 0 0 0
  0 0 0 0 0 0 0 0 0 0 0 0 0 0 0 0 0 0 0 0 0 0 0 0 0 0 0 0 0 0 0 0 0 0 0 0 0 0 0
  0 0 0 0 0 0 0 0 0 0 0 0 0 0 0 0 0 0 0 0 0 0 0 0 0 0 0 0 0 0 0 0 0 0 0 0 0 0 0
  0 0 0 0 0 0 0 0 0 0 0 0 0 0 0 0 0 0 0 0 0 0 0 0 0 0 0 0 0 0 0 0 0 0 0 0 0 0 0
  0 0 0 0 0 0 0 0 0 0 0 0 0 0 0 0 0 0 0 0 0 0 0 0 0 0 0 0 0 0 0 0 0 0 0 0 0 0 0
  0 0 0 0 0 0 0 0 0 0 0 0 0 0 0 0 0 0 0 0 0 0 0 0 0 0 0 0 0 0 0 0 0 0 0 0 0 0 0
  0 0 0 0 0 0 0 0 0 0 0 0 0 0 0 0 0 0 0 0 0 0 0 0 0 0 0 0 0 0 0 0 0 0 0 0 0 0 0
  0 0 0 0 0 0 0 0 0 0 0 0 0 0 0 0 0 0 0 0 0 0 0 0 0 0 0 0 0 0 0 0 0 0 0 0 0 0 0
  0 0 0 0 0 0 0 0 0 0 0 0 0 0 0 0 0 0 0 0 0 0 0 0 0 0 0 0 0 0 0 0 0 0 0 0 0 0 0
  0 0 0 0 0 0 0 0 0 0 0 0 0 0 0 0 0 0 0 0 0 0 0 0 0 0 0 0 0 0 0 0 0 0 0 0 0 0 0
  0 0 0 0 0 0 0 0 0 0 0 0 0 0 0 0 0 0 0 0 0 0 0 0 0 0 0 0 0 0 0 0 0 0 0 0 0 0 0
  0 0 0 0 0 0 0 0 0 0 0 0 0 0 0 0 0 0 0 0 0 0 0 0 0 0 0 0 0 0 0 0 0 0 0 0 0 0 0
  0 0 0 0 0 0 0 0 0 0 0 0 0 0 0 0 0 0 0 0 0 0 0 0 0 0 0 0 0 0 0 0 0 0 0 0 0 0 0
  0 0 0 0 0 0 0 0 0 0 0 0 0 0 0 0 0 0 0 0 0 0 0 0 0 0 0 0 0 0 0 0 0 0 0 0 0 0 0
  0 0 0 0 0 0 0 0 0 0 0 0 0 0 0 0 0 0 0 0 0 0 0 0 0 0 0 0 0 0 0 0 0 0 0 0 0 0 0
  0 0 0 0 0 0 0 0 0 0 0 0 0 0 0 0 0 0 0 0 0 0 0 0 0 0 0 0 0 0 0 0 0 0 0 0 0 0 0
  0 0 0 0 0 0 0 0 0 0 0 0 0 0 0 0 0 0 0 0 0 0 0 0 0 0 0 0 0 0 0 0 0 0 0 0 0 0 0
  0 0 0 0 0 0 0 0 0 0 0 0 0 0 0 0 0 0 0 0 0 0 0 0 0 0 0 0 0 0 0 0 0 0 0 0 0 0 0
  0 0 0 0 0 0 0 0 0 0 0 0 0 0 0 0 0 0 0 0 0 0 0 0 0 0 0 0 0 0 0 0 0 0 0 0 0 0 0
  0 0 0 0 0 0 0 0 0 0 0 0 0 0 0 0 0 0 0 0 0 0 0 0 0 0 0 0 0 0 0 0 0 0 0 0 0 0 0
  0 0 0 0 0 0 0 0 0 0 0 0 0 0 0 0 0 0 0 0 0 0 0 0 0 0 0 0 0 0 0 0 0 0 0 0 0 0 0
  0 0 0 0 0 0 0 0 0 0 0 0 0 0 0 0 0 0 0 0 0 0 0 0 0 0 0 0 0 0 0 0 0 0 0 0 0 0 0
  0 0 0 0 0 0 0 0 0 0 0 0 0 0 0 0 0 0 0 0 0 0 0 0 0 0 0 0 0 0 0 0 0 0 0 0 0 0 0
  0 0 0 0 0 0 0 0 0 0 0 0 0 0 0 0 0 0 0 0 0 0 0 0 0 0 0 0 0 0 0 0 0 0 0 0 0 0 0
  0 0 0 0 0 0 0 0 0 0 0 0 0 0 0 0 0 0 0 0 0 0 0 0 0 0 0 0 0 0 0 0 0 0 0 0 0 0 0
  0 0 0 0 0 0 0 0 0 0 0 0 0 0 0 0 0 0 0 0 0 0 0 0 0 0 0 0 0 0 0 0 0 0 0 0 0 0 0
  0 0 0 0 0 0 0 0 0 0 0 0 0 0 0 0 0 0 0 0 0 0 0 0 0 0 0 0 0 0 0 0 0 0 0 0 0 0 0
  0 0 0 0 0 0 0 0 0 0 0 0 0 0 0 0 0 0 0 0 0 0 0 0 0 0 0 0 0 0 0 0 0 0 0 0 0 0 0
  0 0 0 0 0 0 0 0 0 0 0 0 0 0 0 0 0 0 0 0 0 0 0 0 0 0 0 0 0 0 0 0 0 0 0 0 0 0 0
  0 0 0 0 0 0 0 0 0 0 0 0 0 0 0 0 0 0 0 0 0 0 0 0 0 0 0 0 0 0 0 0 0 0 0 0 0 0 0
  0 0 0 0 0 0 0 0 0 0 0 0 0 0 0 0 0 0 0 0 0 0 0 0 0 0 0 0 0 0 0 0 0 0 0 0 0 0 0
  0 0 0 0 0 0 0 0 0 0 0 0 0 0 0 0 0 0 0 0 0 0 0 0 0 0 0 0 0 0 0 0 0 0 0 0 0 0 0
  0 0 0 0 0 0 0 0 0 0 0 0 0 0 0 0 0 0 0 0 0 0 0 0 0 0 0 0 0 0 0 0 0 0 0 0 0 0 0
  0 0 0 0 0 0 0 0 0 0 0 0 0 0 0 0 0 0 0 0 0 0 0 0 0 0 0 0 0 0 0 0 0 0 0 0 0 0 0
  0 0 0 0 0 0 0 0 0 0 0 0 0 0 0 0 0 0 0 0 0 0 0 0 0 0 0 0 0 0 0 0 0 0 0 0 0 0 0
  0 0 0 0 0 0 0 0 0 0 0 0 0 0 0 0 0 0 0 0 0 0 0 0 0 0 0 0 0 0 0 0 0 0 0 0 0 0 0
  0 0 0 0 0 0 0 0 0 0 0 0 0 0 0 0 0 0 0 0 0 0 0 0 0 0 0 0 0 0 0 0 0 0 0 0 0 0 0
  0 0 0 0 0 0 0 0 0 0 0 0 0 0 0 0 0 0 0 0 0 0 0 0 0 0 0 0 0 0 0 0 0 0 0 0 0 0 0
  0 0 0 0 0 0 0 0 0 0 0 0 0 0 0 0 0 0 0 0 0 0 0 0 0 0 0 0 0 0 0 0 0 0 0 0 0 0 0
  0 0 0 0 0 0 0 0 0 0 0 0 0 0 0 0 0 0 0 0 0 0 0 0 0 0 0 0 0 0 0 0 0 0 0 0 0 0 0
  0 0 0 0 0 0 0 0 0 0 0 0 0 0 0 0 0 0 0 0 0 0 0 0 0 0 0 0 0 0 0 0 0 0 0 0 0 0 0
  0 0 0 0 0 0 0 0 0 0 0 0 0 0 0 0 0 0 0 0 0 0 0 0 0 0 0 0 0 0 0 0 0 0 0 0 0 0 0
  0 0 0 0 0 0 0 0 0 0 0 0 0 0 0 0 0 0 0 0 0 0 0 0 0 0 0 0 0 0 0 0 0 0 0 0 0 0 0
  0 0 0 0 0 0 0 0 0 0 0 0 0 0 0 0 0 0 0 0 0 0 0 0 0 0 0 0 0 0 0 0 0 0 0 0 0 0 0
  0 0 0 0 0 0 0 0 0 0 0 0 0 0 0 0 0 0 0 0 0 0 0 0 0 0 0 0 0 0 0 0 0 0 0 0 0 0 0
  0 0 0 0 0 0 0 0 0 0 0 0 0 0 0 0 0 0 0 0 0 0 0 0 0 0 0 0 0 0 0 0 0 0 0 0 0 0 0
  0 0 0 0 0 0 0 0 0 0 0 0 0 0 0 0 0 0 0 0 0 0 0 0 0 0 0 0 0 0 0 0 0 0 0 0 0 0 0
  0 0 0 0 0 0 0 0 0 0 0 0 0 0 0 0 0 0 0 0 0 0 0 0 0 0 0 0 0 0 0 0 0 0 0 0 0 0 0
  0 0 0 0 0 0 0 0 0 0 0 0 0 0 0 0 0 0 0 0 0 0 0 0 0 0 0 0 0 0 0 0 0 0 0 0 0 0 0
  0 0 0 0 0 0 0 0 0 0 0 0 0 0 0 0 0 0 0 0 0 0 0 0 0 0 0 0 0 0 0 0 0 0 0 0 0 0 0
  0 0 0 0 0 0 0 0 0 0 0 0 0 0 0 0 0 0 0 0 0 0 0 0 0 0 0 0 0 0 0 0 0 0 0 0 0 0 0
  0 0 0 0 0 0 0 0 0 0 0 0 0 0 0 0 0 0 0 0 0 0 0 0 0 0 0 0 0 0 0 0 0 0 0 0 0 0 0
  0 0 0 0 0 0 0 0 0 0 0 0 0 0 0 0 0 0 0 0 0 0 0 0 0 0 0 0 0 0 0 0 0 0 0 0 0 0 0
  0 0 0 0 0 0 0 0 0 0 0 0 0 0 0 0 0 0 0 0 0 0 0 0 0 0 0 0 0 0 0 0 0 0 0 0 0 0 0
  0 0 0 0 0 0 0 0 0 0 0 0 0 0 0 0 0 0 0 0 0 0 0 0 0 0 0 0 0 0 0 0 0 0 0 0 0 0 0
  0 0 0 0 0 0 0 0 0 0 0 0 0 0 0 0 0 0 0 0 0 0 0 0 0 0 0 0 0 0 0 0 0 0 0 0 0 0 0
  0 0 0 0 0 0 0 0 0 0 0 0 0 0 0 0 0 0 0 0 0 0 0 0 0 0 0 0 0 0 0 0 0 0 0 0 0 0 0
  0 0 0 0 0 0 0 0 0 0 0 0 0 0 0 0 0 0 0 0 0 0 0 0 0 0 0 0 0 0 0 0 0 0 0 0 0 0 0
  0 0 0 0 0 0 0 0 0 0 0 0 0 0 0 0 0 0 0 0 0 0 0 0 0 0 0 0 0 0 0 0 0 0 0 0 0 0 0
  0 0 0 0 0 0 0 0 0 0 0 0 0 0 0 0 0 0 0 0 0 0 0 0 0 0 0 0 0 0 0 0 0 0 0 0 0 0 0
  0 0 0 0 0 0 0 0 0 0 0 0 0 0 0 0 0 0 0 0 0 0 0 0 0 0 0 0 0 0 0 0 0 0 0 0 0 0 0
  0 0 0 0 0 0 0 0 0 0 0 0 0 0 0 0 0 0 0 0 0 0 0 0 0 0 0 0 0 0 0 0 0 0 0 0 0 0 0
  0 0 0 0 0 0 0 0 0 0 0 0 0 0 0 0 0 0 0 0 0 0 0 0 0 0 0 0 0 0 0 0 0 0 0 0 0 0 0
  0 0 0 0 0 0 0 0 0 0 0 0 0 0 0 0 0 0 0 0 0 0 0 0 0 0 0 0 0 0 0 0 0 0 0 0 0 0 0
  0 0 0 0 0 0 0 0 0 0 0 0 0 0 0 0 0 0 0 0 0 0 0 0 0 0 0 0 0 0 0 0 0 0 0 0 0 0 0
  0) 
#(13 12 12 13 13 13 13 14 13 13 12 13 12 13 13 14 14 0 0 13 14 13 14 15 14 13
  12 12 11 12 12 13 13 0 0 14 15 14 13 14 13 12 11 11 11 12 13 14 14 0 0 13 14
  13 12 13 14 13 12 11 10 11 12 13 13 0 0 12 13 12 13 14 15 14 13 12 11 12 13
  14 14 0 10 11 12 13 14 13 14 13 12 11 10 11 12 13 13 12 11 12 13 14 15 14 13
  12 11 10 11 12 13 14 14 13 12 11 12 13 14 13 12 13 12 11 10 11 12 13 0 0 11
  10 11 12 13 12 13 14 13 12 11 12 13 14 0 0 11 10 10 11 12 13 14 15 14 13 12
  11 12 13 0 0 10 10 11 12 13 14 13 14 13 12 11 12 13 14 0 0 11 11 12 13 14 15
  14 13 12 13 12 11 12 13 0 0 10 10 11 12 13 14 13 12 13 14 13 12 13 14 0 0 11
  11 10 11 12 13 14 13 14 15 14 13 12 13 0 12 11 12 11 12 13 14 15 14 13 14 13
  12 13 14 0 13 12 13 12 13 12 13 14 13 12 13 12 13 12 13 13 0 13 14 13 14 13
  14 13 14 13 14 13 14 13 14 0 0 0 13 14 13 14 15 14 13 12 13 12 13 12 13 0 0 0
  14 15 14 13 14 13 12 11 12 11 12 13 14 0 0 0 13 14 13 12 13 14 13 12 11 10 11
  12 13 0 0 11 12 13 12 13 14 15 14 13 12 11 12 13 14 0 12 11 11 12 13 14 13 14
  13 12 11 10 11 12 13 0 11 11 12 13 14 15 14 13 12 11 10 11 12 13 14 0 12 11
  11 12 13 14 13 12 13 12 11 10 11 12 13 13 12 11 10 11 12 13 12 13 14 13 12 11
  12 13 14 14 13 12 11 10 11 12 13 14 15 14 13 12 11 12 13 13 12 11 10 11 12 13
  14 13 14 13 12 11 12 13 14 14 13 12 11 12 13 14 15 14 13 12 13 12 11 12 13 13
  12 11 10 11 12 13 14 13 12 13 14 13 12 13 14 14 13 12 11 10 11 12 13 14 13 14
  15 14 13 12 13 13 12 11 12 11 12 13 14 15 14 13 14 13 12 13 14 14 13 12 13 12
  13 12 13 14 13 12 13 12 13 12 13 0 14 13 14 13 14 13 14 13 14 13 14 13 14 13
  14 14 13 0 13 14 13 14 15 14 13 12 13 12 13 12 13 13 12 13 14 15 14 13 14 13
  12 11 12 11 12 13 14 14 13 12 13 14 13 12 13 14 13 12 11 10 11 12 13 13 12 11
  12 13 12 13 14 15 14 13 12 11 12 13 14 14 13 12 11 12 13 14 13 14 13 12 11 10
  11 12 13 13 12 11 12 13 14 15 14 13 12 11 10 11 12 13 14 14 13 12 11 12 13 14
  13 12 13 12 11 10 11 12 13 13 12 11 10 11 12 13 12 13 14 13 12 11 12 13 14 14
  13 12 11 10 11 12 13 14 15 14 13 12 11 12 13 13 12 11 10 11 12 13 14 13 14 13
  12 11 12 13 14 14 13 12 11 12 13 14 15 14 13 12 13 12 11 12 13 13 12 11 10 11
  12 13 14 13 12 13 14 13 12 13 14 14 13 12 11 10 11 12 13 14 13 14 15 14 13 12
  13 13 12 11 12 11 12 13 14 15 14 13 14 13 12 13 14 14 13 12 13 12 13 12 13 14
  13 12 13 12 13 12 13 13 14 13 14 13 14 13 14 13 14 13 14 13 14 13 14 14 13 12
  13 14 13 14 15 14 13 12 13 12 13 12 13 13 12 13 14 15 14 13 14 13 12 11 12 11
  12 13 14 14 13 12 13 14 13 12 13 14 13 12 11 10 11 12 13 13 12 11 12 13 12 13
  14 15 14 13 12 11 12 13 14 14 13 12 11 12 13 14 13 14 13 12 11 10 11 12 13 13
  12 11 12 13 14 15 14 13 12 11 10 11 12 13 14 14 13 12 11 12 13 14 13 12 13 12
  11 10 11 12 13 13 12 11 10 11 12 13 12 13 14 13 12 11 12 13 14 14 13 12 11 10
  11 12 13 14 15 14 13 12 11 12 13 13 12 11 10 11 12 13 14 13 14 13 12 11 12 13
  14 14 13 12 11 12 13 14 15 14 13 12 13 12 11 12 13 13 12 11 10 11 12 13 14 13
  12 13 14 13 12 13 14 14 13 12 11 10 11 12 13 14 13 14 15 14 13 12 13 13 12 11
  12 11 12 13 14 15 14 13 14 13 12 13 14 14 13 12 13 12 13 12 13 14 13 12 13 12
  13 12 13 13 14 13 14 13 14 13 14 13 14 13 14 13 14 13 14 14 13 12 13 14 13 14
  15 14 13 12 13 12 13 12 13 13 12 13 14 15 14 13 14 13 12 11 12 11 12 13 14 14
  13 12 13 14 13 12 13 14 13 12 11 10 11 12 13 13 12 11 12 13 12 13 14 15 14 13
  12 11 12 13 14 14 13 12 11 12 13 14 13 14 13 12 11 10 11 12 13 13 12 11 12 13
  14 15 14 13 12 11 10 11 12 13 14 14 13 12 11 12 13 14 13 12 13 12 11 10 11 12
  13 13 12 11 10 11 12 13 12 13 14 13 12 11 12 13 14 14 13 12 11 10 11 12 13 14
  15 14 13 12 11 12 13 13 12 11 10 11 12 13 14 13 14 13 12 11 12 13 14 14 13 12
  11 12 13 14 15 14 13 12 13 12 11 12 13 13 12 11 10 11 12 13 14 13 12 13 14 13
  12 13 14 14 13 12 11 10 11 12 13 14 13 14 15 14 13 12 13 13 12 11 12 11 12 13
  14 15 14 13 14 13 12 13 14 14 13 12 13 12 13 12 13 14 13 12 13 12 13 12 13 13
  14 13 14 13 14 13 14 13 14 13 14 13 14 13 14 14 13 12 13 14 13 14 15 14 13 12
  13 12 13 12 13 13 12 13 14 15 14 13 14 13 12 11 12 11 12 13 14 14 13 12 13 14
  13 12 13 14 13 12 11 10 11 12 13 13 12 11 12 13 12 13 14 15 14 13 12 11 12 13
  14 14 13 12 11 12 13 14 13 14 13 12 11 10 11 12 13 13 12 11 12 13 14 15 14 13
  12 11 10 11 12 13 14 14 13 12 11 12 13 14 13 12 13 12 11 10 11 12 13 13 12 11
  10 11 12 13 12 13 14 13 12 11 12 13 14 14 13 12 11 10 11 12 13 14 15 14 13 12
  11 12 13 13 12 11 10 11 12 13 14 13 14 13 12 11 12 13 14 14 13 12 11 12 13 14
  15 14 13 12 13 12 11 12 13 13 12 11 10 11 12 13 14 13 12 13 14 13 12 13 14 14
  13 12 11 10 11 12 13 14 13 14 15 14 13 12 13 13 12 11 12 11 12 13 14 15 14 13
  14 13 12 13 14 14 13 12 13 12 13 12 13 14 13 12 13 12 13 12 13 13 14 13 14 13
  14 13 14 13 14 13 14 13 14 13 14 14 13 12 13 14 13 14 15 14 13 12 13 12 13 12
  13 13 12 13 14 15 14 13 14 13 12 11 12 11 12 13 14 14 13 12 13 14 13 12 13 14
  13 12 11 10 11 12 13 13 12 11 12 13 12 13 14 15 14 13 12 11 12 13 14 14 13 12
  11 12 13 14 13 14 13 12 11 10 11 12 13 13 12 11 12 13 14 15 14 13 12 11 10 11
  12 13 14 14 13 12 11 12 13 14 13 12 13 12 11 10 11 12 13 13 12 11 10 11 12 13
  12 13 14 13 12 11 12 13 14 14 13 12 11 10 11 12 13 14 15 14 13 12 11 12 13 13
  12 11 10 11 12 13 14 13 14 13 12 11 12 13 14 14 13 12 11 12 13 14 15 14 13 12
  13 12 11 12 13 13 12 11 10 11 12 13 14 13 12 13 14 13 12 13 14 14 13 12 11 10
  11 12 13 14 13 14 15 14 13 12 13 13 12 11 12 11 12 13 14 15 14 13 14 13 12 13
  14 14 13 12 13 12 13 12 13 14 13 12 13 12 13 12 13 13 14 13 14 13 14 13 14 13
  14 13 14 13 14 13 14 14 13 12 13 14 13 14 15 14 13 12 13 12 13 12 13 13 12 13
  14 15 14 13 14 13 12 11 12 11 12 13 14 14 13 12 13 14 13 12 13 14 13 12 11 10
  11 12 13 13 12 11 12 13 12 13 14 15 14 13 12 11 12 13 14 14 13 12 11 12 13 14
  13 14 13 12 11 10 11 12 13 13 12 11 12 13 14 15 14 13 12 11 10 11 12 13 14 14
  13 12 11 12 13 14 13 12 13 12 11 10 11 12 13 13 12 11 10 11 12 13 12 13 14 13
  12 11 12 13 14 14 13 12 11 10 11 12 13 14 15 14 13 12 11 12 13 13 12 11 10 11
  12 13 14 13 14 13 12 11 12 13 14 14 13 12 11 12 13 14 15 14 13 12 13 12 11 12
  13 13 12 11 10 11 12 13 14 13 12 13 14 13 12 13 14 14 13 12 11 10 11 12 13 14
  13 14 15 14 13 12 13 13 12 11 12 11 12 13 14 15 14 13 14 13 12 13 14 14 13 12
  13 12 13 12 13 14 13 12 13 12 13 12 13 13 14 13 14 13 14 13 14 13 14 13 14 13
  14 13 14 14 13 12 13 14 13 14 15 14 13 12 13 12 13 12 13 13 12 13 14 15 14 13
  14 13 12 11 12 11 12 13 14 14 13 12 13 14 13 12 13 14 13 12 11 10 11 12 13 13
  12 11 12 13 12 13 14 15 14 13 12 11 12 13 14 14 13 12 11 12 13 14 13 14 13 12
  11 10 11 12 13 13 12 11 12 13 14 15 14 13 12 11 10 11 12 13 14 14 13 12 11 12
  13 14 13 12 13 12 11 10 11 12 13 13 12 11 10 11 12 13 12 13 14 13 12 11 12 13
  14 14 13 12 11 10 11 12 13 14 15 14 13 12 11 12 13 13 12 11 10 11 12 13 14 13
  14 13 12 11 12 13 14 14 13 12 11 12 13 14 15 14 13 12 13 12 11 12 13 13 12 11
  10 11 12 13 14 13 12 13 14 13 12 13 14 14 13 12 11 10 11 12 13 14 13 14 15 14
  13 12 13 13 12 11 12 11 12 13 14 15 14 13 14 13 12 13 14 14 13 12 13 12 13 12
  13 14 13 12 13 12 13 12 13 13 14 13 14 13 14 13 14 13 14 13 14 13 14 13 14 14
  13 12 13 14 13 14 15 14 13 12 13 12 13 12 13 13 12 13 14 15 14 13 14 13 12 11
  12 11 12 13 14 14 13 12 13 14 13 12 13 14 13 12 11 10 11 12 13 13 12 11 12 13
  12 13 14 15 14 13 12 11 12 13 14 14 13 12 11 12 13 14 13 14 13 12 11 10 11 12
  13 13 12 11 12 13 14 15 14 13 12 11 10 11 12 13 14 14 13 12 11 12 13 14 13 12
  13 12 11 10 11 12 13 13 12 11 10 11 12 13 12 13 14 13 12 11 12 13 14 14 13 12
  11 10 11 12 13 14 15 14 13 12 11 12 13 13 12 11 10 11 12 13 14 13 14 13 12 11
  12 13 14 14 13 12 11 12 13 14 15 14 13 12 13 12 11 12 13 13 12 11 10 11 12 13
  14 13 12 13 14 13 12 13 14 14 13 12 11 10 11 12 13 14 13 14 15 14 13 12 13 13
  12 11 12 11 12 13 14 15 14 13 14 13 12 13 14 14 13 12 13 12 13 12 13 14 13 12
  13 12 13 12 13 13 14 13 14 13 14 13 14 13 14 13 14 13 14 13 14 14 13 12 13 14
  13 14 15 14 13 12 13 12 13 12 13 13 12 13 14 15 14 13 14 13 12 11 12 11 12 13
  14 14 13 12 13 14 13 12 13 14 13 12 11 10 11 12 13 13 12 11 12 13 12 13 14 15
  14 13 12 11 12 13 14 14 13 12 11 12 13 14 13 14 13 12 11 10 11 12 13 13 12 11
  12 13 14 15 14 13 12 11 10 11 12 13 14 14 13 12 11 12 13 14 13 12 13 12 11 10
  11 12 13 13 12 11 10 11 12 13 12 13 14 13 12 11 12 13 14 14 13 12 11 10 11 12
  13 14 15 14 13 12 11 12 13 13 12 11 10 11 12 13 14 13 14 13 12 11 12 13 14 14
  13 12 11 12 13 14 15 14 13 12 13 12 11 12 13 13 12 11 10 11 12 13 14 13 12 13
  14 13 12 13 14 14 13 12 11 10 11 12 13 14 13 14 15 14 13 12 13 13 12 11 12 11
  12 13 14 15 14 13 14 13 12 13 14 14 13 12 13 12 13 12 13 14 13 12 13 12 13 12
  13 13 14 13 14 13 14 13 14 13 14 13 14 13 14 13 14 14 13 12 13 14 13 14 15 14
  13 12 13 12 13 12 13 13 12 13 14 15 14 13 14 13 12 11 12 11 12 13 14 14 13 12
  13 14 13 12 13 14 13 12 11 10 11 12 13 13 12 11 12 13 12 13 14 15 14 13 12 11
  12 13 14 14 13 12 11 12 13 14 13 14 13 12 11 10 11 12 13 13 12 11 12 13 14 15
  14 13 12 11 10 11 12 13 14 14 13 12 11 12 13 14 13 12 13 12 11 10 11 12 13 13
  12 11 10 11 12 13 12 13 14 13 12 11 12 13 14 14 13 12 11 10 11 12 13 14 15 14
  13 12 11 12 13 13 12 11 10 11 12 13 14 13 14 13 12 11 12 13 14 14 13 12 11 12
  13 14 15 14 13 12 13 12 11 12 13 13 12 11 10 11 12 13 14 13 12 13 14 13 12 13
  14 14 13 12 11 10 11 12 13 14 13 14 15 14 13 12 13 13 12 11 12 11 12 13 14 15
  14 13 14 13 12 13 14 14 13 12 13 12 13 12 13 14 13 12 13 12 13 12 13 13 14 13
  14 13 14 13 14 13 14 13 14 13 14 13 14 14 13 12 13 14 13 14 15 14 13 12 13 12
  13 12 13 13 12 13 14 15 14 13 14 13 12 11 12 11 12 13 14 14 13 12 13 14 13 12
  13 14 13 12 11 10 11 12 13 13 12 11 12 13 12 13 14 15 14 13 12 11 12 13 14 14
  13 12 11 12 13 14 13 14 13 12 11 10 11 12 13 13 12 11 12 13 14 15 14 13 12 11
  10 11 12 13 14 14 13 12 11 12 13 14 13 12 13 12 11 10 11 12 13 13 12 11 10 11
  12 13 12 13 14 13 12 11 12 13 14 14 13 12 11 10 11 12 13 14 15 14 13 12 11 12
  13 13 12 11 10 11 12 13 14 13 14 13 12 11 12 13 14 14 13 12 11 12 13 14 15 14
  13 12 13 12 11 12 13 13 12 11 10 11 12 13 14 13 12 13 14 13 12 13 14 14 13 12
  11 10 11 12 13 14 13 14 15 14 13 12 13 13 12 11 12 11 12 13 14 15 14 13 14 13
  12 13 14 14 13 12 13 12 13 12 13 14 13 12 13 12 13 12 13 13 14 13 14 13 14 13
  14 13 14 13 14 13 14 13 14 14 13 12 13 14 13 14 15 14 13 12 13 12 13 12 13 13
  12 13 14 15 14 13 14 13 12 11 12 11 12 13 14 14 13 12 13 14 13 12 13 14 13 12
  11 10 11 12 13 13 12 11 12 13 12 13 14 15 14 13 12 11 12 13 14 14 13 12 11 12
  13 14 13 14 13 12 11 10 11 12 13 13 12 11 12 13 14 15 14 13 12 11 10 11 12 13
  14 14 13 12 11 12 13 14 13 12 13 12 11 10 11 12 13 13 12 11 10 11 12 13 12 13
  14 13 12 11 12 13 14 14 13 12 11 10 11 12 13 14 15 14 13 12 11 12 13 13 12 11
  10 11 12 13 14 13 14 13 12 11 12 13 14 14 13 12 11 12 13 14 15 14 13 12 13 12
  11 12 13 13 12 11 10 11 12 13 14 13 12 13 14 13 12 13 14 14 13 12 11 10 11 12
  13 14 13 14 15 14 13 12 13 13 12 11 12 11 12 13 14 15 14 13 14 13 0 13 14 14
  13 12 13 12 13 12 13 14 13 12 13 12 13 12 0 13 14 13 14 13 14 13 14 13 14 13
  14 13 14 13 14 14 13 12 13 14 13 14 15 14 13 12 13 12 13 12 13 13 12 13 14 15
  14 13 14 13 12 11 12 11 12 13 14 14 13 12 13 14 13 12 13 14 13 12 11 10 11 12
  13 13 12 11 12 13 12 13 14 15 14 13 12 11 12 13 14 14 13 12 11 12 13 14 13 14
  13 12 11 10 11 12 13 13 12 11 12 13 14 15 14 13 12 11 10 11 12 13 14 14 13 12
  11 12 13 14 13 12 13 12 11 10 11 12 13 13 12 11 10 11 12 13 12 13 14 13 12 11
  11 12 0 14 13 12 11 10 11 12 13 14 15 14 13 12 11 11 0 13 12 11 10 11 12 13
  14 13 14 13 12 11 11 12 0 14 13 12 11 12 13 14 15 14 13 12 13 12 11 0 0 13 12
  11 10 11 12 13 14 13 12 13 14 13 0 0 0 14 13 12 11 10 11 12 13 14 13 14 15 14
  0 0 0 13 12 11 12 11 12 13 14 15 14 13 14 13 0 0 0 14 13 12 13 12 13 12 13 14
  13 12 13 12 13 0 13 13 14 13 14 13 14 13 14 13 14 13 14 13 14 13 0 14 13 12
  13 14 13 14 15 14 13 12 13 12 13 12 0 13 12 13 14 15 14 13 14 13 12 11 12 11
  12 0 0 14 13 12 13 14 13 12 13 14 13 12 11 10 11 0 0 13 12 11 12 13 12 13 14
  15 14 13 12 11 11 0 0 14 13 12 11 12 13 14 13 14 13 12 11 10 10 0 0 13 12 11
  12 13 14 15 14 13 12 11 10 10 11 0 0 14 13 12 11 12 13 14 13 12 13 12 11 10
  11 0 0 13 12 11 10 11 12 13 12 13 14 13 12 11 12 13 14 14 13 12 11 10 11 12
  13 14 15 14 13 12 11 12 13 13 12 11 10 11 12 13 14 13 14 13 12 11 11 0 14 14
  13 12 11 12 13 14 15 14 13 12 13 12 0 0 13 13 12 11 10 11 12 13 14 13 12 13
  14 13 0 0 14 14 13 12 11 10 11 12 13 14 13 14 15 14 0 0 13 13 12 11 12 11 12
  13 14 15 14 13 14 13 0 0 14 14 13 12 13 12 13 12 13 14 13 12 13 12 13 12 13) 