
#(58 58 58 58 58 58 58 58 58 58 58 58 58 58 58 58 0 0 0 0 0 0 0 0 0 0 0 0 0 0 0
  0 0 0 0 0 0 0 0 0 0 0 0 0 0 0 0 0 0 0 0 0 0 0 0 0 0 0 0 0 0 0 0 0 0 0 0 0 0 0
  0 0 0 0 0 0 0 0 0 0 0 0 0 0 0 0 0 0 0 0 0 0 0 0 0 0 0 0 0 0 0 0 0 0 0 0 0 0 0
  0 0 0 0 0 0 0 0 0 0 0 0 0 0 0 0 0 0 0 0 0 0 0 0 0 0 0 0 0 0 0 0 0 0 0 0 0 0 0
  0 0 0 0 0 0 0 0 0 0 0 0 0 0 0 0 0 0 0 0 0 0 0 0 0 0 0 0 0 0 0 0 0 0 0 0 0 0 0
  0 0 0 0 0 0 0 0 0 0 0 0 0 0 0 0 0 0 0 0 0 0 0 0 0 0 0 0 0 0 0 0 0 0 0 0 0 0 0
  0 0 0 0 0 0 0 0 0 0 0 0 0 0 0 0 0 0 0 0 0 0 0 0 0 0 0 0 0 0 0 0 0 0 0 0 0 0 0
  0 0 0 0 0 0 0 0 0 0 0 0 0 0 0 0 0 0 0 0 0 0 0 0 0 0 0 0 0 0 0 0 0 0 0 0 0 0 0
  0 0 0 0 0 0 0 0 0 0 0 0 0 0 0 0 0 0 0 0 0 0 0 0 0 0 0 0 0 0 0 0 0 0 0 0 0 0 0
  0 0 0 0 0 0 0 0 0 0 0 0 0 0 0 0 0 0 0 0 0 0 0 0 0 0 0 0 0 0 0 0 0 0 0 0 0 0 0
  0 0 0 0 0 0 0 0 0 0 0 0 0 0 0 0 0 0 0 0 0 0 0 0 0 0 0 0 0 0 0 0 0 0 0 0 0 0 0
  0 0 0 0 0 0 0 0 0 0 0 0 0 0 0 0 0 0 0 0 0 0 0 0 0 0 0 0 0 0 0 0 0 0 0 0 0 0 0
  0 0 0 0 0 0 0 0 0 0 0 0 0 0 0 0 0 0 0 0 0 0 0 0 0 0 0 0 0 0 0 0 0 0 0 0 0 0 0
  0 0 0 0 0 0 0 0 0 0 0 0 0 0 0 0 0 0 0 0 0 0 0 0 0 0 0 0 0 0 0 0 0 0 0 0 0 0 0
  0 0 0 0 0 0 0 0 0 0 0 0 0 0 0 0 0 0 0 0 0 0 0 0 0 0 0 0 0 0 0 0 0 0 0 0 0 0 0
  0 0 0 0 0 0 0 0 0 0 0 0 0 0 0 0 0 0 0 0 0 0 0 0 0 0 0 0 0 0 0 0 0 0 0 0 0 0 0
  0 0 0 0 0 0 0 0 0 0 0 0 0 0 0 0 0 0 0 0 0 0 0 0 0 0 0 0 0 0 0 0 0 0 0 0 0 0 0
  0 0 0 0 0 0 0 0 0 0 0 0 0 0 0 0 0 0 0 0 0 0 0 0 0 0 0 0 0 0 0 0 0 0 0 0 0 0 0
  0 0 0 0 0 0 0 0 0 0 0 0 0 0 0 0 0 0 0 0 0 0 0 0 0 0 0 0 0 0 0 0 0 0 0 0 0 0 0
  0 0 0 0 0 0 0 0 0 0 0 0 0 0 0 0 0 0 0 0 0 0 0 0 0 0 0 0 0 0 0 0 0 0 0 0 0 0 0
  0 0 0 0 0 0 0 0 0 0 0 0 0 0 0 0 0 0 0 0 0 0 0 0 0 0 0 0 0 0 0 0 0 0 0 0 0 0 0
  0 0 0 0 0 0 0 0 0 0 0 0 0 0 0 0 0 0 0 0 0 0 0 0 0 0 0 0 0 0 0 0 0 0 0 0 0 0 0
  0 0 0 0 0 0 0 0 0 0 0 0 0 0 0 0 0 0 0 0 0 0 0 0 0 0 0 0 0 0 0 0 0 0 0 0 0 0 0
  0 0 0 0 0 0 0 0 0 0 0 0 0 0 0 0 0 0 0 0 0 0 0 0 0 0 0 0 0 0 0 0 0 0 0 0 0 0 0
  0 0 0 0 0 0 0 0 0 0 0 0 0 0 0 0 0 0 0 0 0 0 0 0 0 0 0 0 0 0 0 0 0 0 0 0 0 0 0
  0 0 0 0 0 0 0 0 0 0 0 0 0 0 0 0 0 0 0 0 0 0 0 0 0 0 0 0 0 0 0 0 0 0 0 0 0 0 0
  0 0 0 0 0 0 0 0 0 0 0 0 0 0 0 0 0 0 0 0 0 0 0 0 0 0 0 0 0 0 0 0 0 0 0 0 0 0 0
  0 0 0 0 0 0 0 0 0 0 0 0 0 0 0 0 0 0 0 0 0 0 0 0 0 0 0 0 0 0 0 0 0 0 0 0 0 0 0
  0 0 0 0 0 0 0 0 0 0 0 0 0 0 0 0 0 0 0 0 0 0 0 0 0 0 0 0 0 0 0 0 0 0 0 0 0 0 0
  0 0 0 0 0 0 0 0 0 0 0 0 0 0 0 0 0 0 0 0 0 0 0 0 0 0 0 0 0 0 0 0 0 0 0 0 0 0 0
  0 0 0 0 0 0 0 0 0 0 0 0 0 0 0 0 0 0 0 0 0 0 0 0 0 0 0 0 0 0 0 0 0 0 0 0 0 0 0
  0 0 0 0 0 0 0 0 0 0 0 0 0 0 0 0 0 0 0 0 0 0 0 0 0 0 0 0 0 0 0 0 0 0 0 0 0 0 0
  0 0 0 0 0 0 0 0 0 0 0 0 0 0 0 0 0 0 0 0 0 0 0 0 0 0 0 0 0 0 0 0 0 0 0 0 0 0 0
  0 0 0 0 0 0 0 0 0 0 0 0 0 0 0 0 0 0 0 0 0 0 0 0 0 0 0 0 0 0 0 0 0 0 0 0 0 0 0
  0 0 0 0 0 0 0 0 0 0 0 0 0 0 0 0 0 0 0 0 0 0 0 0 0 0 0 0 0 0 0 0 0 0 0 0 0 0 0
  0 0 0 0 0 0 0 0 0 0 0 0 0 0 0 0 0 0 0 0 0 0 0 0 0 0 0 0 0 0 0 0 0 0 0 0 0 0 0
  0 0 0 0 0 0 0 0 0 0 0 0 0 0 0 0 0 0 0 0 0 0 0 0 0 0 0 0 0 0 0 0 0 0 0 0 0 0 0
  0 0 0 0 0 0 0 0 0 0 0 0 0 0 0 0 0 0 0 0 0 0 0 0 0 0 0 0 0 0 0 0 0 0 0 0 0 0 0
  0 0 0 0 0 0 0 0 0 0 0 0 0 0 0 0 0 0 0 0 0 0 0 0 0 0 0 0 0 0 0 0 0 0 0 0 0 0 0
  0 0 0 0 0 0 0 0 0 0 0 0 0 0 0 0 0 0 0 0 0 0 0 0 0 0 0 0 0 0 0 0 0 0 0 0 0 0 0
  0 0 0 0 0 0 0 0 0 0 0 0 0 0 0 0 0 0 0 0 0 0 0 0 0 0 0 0 0 0 0 0 0 0 0 0 0 0 0
  0 0 0 0 0 0 0 0 0 0 0 0 0 0 0 0 0 0 0 0 0 0 0 0 0 0 0 0 0 0 0 0 0 0 0 0 0 0 0
  0 0 0 0 0 0 0 0 0 0 0 0 0 0 0 0 0 0 0 0 0 0 0 0 0 0 0 0 0 0 0 0 0 0 0 0 0 0 0
  0 0 0 0 0 0 0 0 0 0 0 0 0 0 0 0 0 0 0 0 0 0 0 0 0 0 0 0 0 0 0 0 0 0 0 0 0 0 0
  0 0 0 0 0 0 0 0 0 0 0 0 0 0 0 0 0 0 0 0 0 0 0 0 0 0 0 0 0 0 0 0 0 0 0 0 0 0 0
  0 0 0 0 0 0 0 0 0 0 0 0 0 0 0 0 0 0 0 0 0 0 0 0 0 0 0 0 0 0 0 0 0 0 0 0 0 0 0
  0 0 0 0 0 0 0 0 0 0 0 0 0 0 0 0 0 0 0 0 0 0 0 0 0 0 0 0 0 0 0 0 0 0 0 0 0 0 0
  0 0 0 0 0 0 0 0 0 0 0 0 0 0 0 0 0 0 0 0 0 0 0 0 0 0 0 0 0 0 0 0 0 0 0 0 0 0 0
  0 0 0 0 0 0 0 0 0 0 0 0 0 0 0 0 0 0 0 0 0 0 0 0 0 0 0 0 0 0 0 0 0 0 0 0 0 0 0
  0 0 0 0 0 0 0 0 0 0 0 0 0 0 0 0 0 0 0 0 0 0 0 0 0 0 0 0 0 0 0 0 0 0 0 0 0 0 0
  0 0 0 0 0 0 0 0 0 0 0 0 0 0 0 0 0 0 0 0 0 0 0 0 0 0 0 0 0 0 0 0 0 0 0 0 0 0 0
  0 0 0 0 0 0 0 0 0 0 0 0 0 0 0 0 0 0 0 0 0 0 0 0 0 0 0 0 0 0 0 0 0 0 0 0 0 0 0
  0 0 0 0 0 0 0 0 0 0 0 0 0 0 0 0 0 0 0 0 0 0 0 0 0 0 0 0 0 0 0 0 0 0 0 0 0 0 0
  0 0 0 0 0 0 0 0 0 0 0 0 0 0 0 0 0 0 0 0 0 0 0 0 0 0 0 0 0 0 0 0 0 0 0 0 0 0 0
  0 0 0 0 0 0 0 0 0 0 0 0 0 0 0 0 0 0 0 0 0 0 0 0 0 0 0 0 0 0 0 0 0 0 0 0 0 0 0
  0 0 0 0 0 0 0 0 0 0 0 0 0 0 0 0 0 0 0 0 0 0 0 0 0 0 0 0 0 0 0 0 0 0 0 0 0 0 0
  0 0 0 0 0 0 0 0 0 0 0 0 0 0 0 0 0 0 0 0 0 0 0 0 0 0 0 0 0 0 0 0 0 0 0 0 0 0 0
  0 0 0 0 0 0 0 0 0 0 0 0 0 0 0 0 0 0 0 0 0 0 0 0 0 0 0 0 0 0 0 0 0 0 0 0 0 0 0
  0 0 0 0 0 0 0 0 0 0 0 0 0 0 0 0 0 0 0 0 0 0 0 0 0 0 0 0 0 0 0 0 0 0 0 0 0 0 0
  0 0 0 0 0 0 0 0 0 0 0 0 0 0 0 0 0 0 0 0 0 0 0 0 0 0 0 0 0 0 0 0 0 0 0 0 0 0 0
  0 0 0 0 0 0 0 0 0 0 0 0 0 0 0 0 0 0 0 0 0 0 0 0 0 0 0 0 0 0 0 0 0 0 0 0 0 0 0
  0 0 0 0 0 0 0 0 0 0 0 0 0 0 0 0 0 0 0 0 0 0 0 0 0 0 0 0 0 0 0 0 0 0 0 0 0 0 0
  0 0 0 0 0 0 0 0 0 0 0 0 0 0 0 0 0 0 0 0 0 0 0 0 0 0 0 0 0 0 0 0 0 0 0 0 0 0 0
  0 0 0 0 0 0 0 0 0 0 0 0 0 0 0 0 0 0 0 0 0 0 0 0 0 0 0 0 0 0 0 0 0 0 0 0 0 0 0
  0 0 0 0 0 0 0 0 0 0 0 0 0 0 0 0 0 0 0 0 0 0 0 0 0 0 0 0 0 0 0 0 0 0 0 0 0 0 0
  0 0 0 0 0 0 0 0 0 0 0 0 0 0 0 0 0 0 0 0 0 0 0 0 0 0 0 0 0 0 0 0 0 0 0 0 0 0 0
  0 0 0 0 0 0 0 0 0 0 0 0 0 0 0 0 0 0 0 0 0 0 0 0 0 0 0 0 0 0 0 0 0 0 0 0 0 0 0
  0 0 0 0 0 0 0 0 0 0 0 0 0 0 0 0 0 0 0 0 0 0 0 0 0 0 0 0 0 0 0 0 0 0 0 0 0 0 0
  0 0 0 0 0 0 0 0 0 0 0 0 0 0 0 0 0 0 0 0 0 0 0 0 0 0 0 0 0 0 0 0 0 0 0 0 0 0 0
  0 0 0 0 0 0 0 0 0 0 0 0 0 0 0 0 0 0 0 0 0 0 0 0 0 0 0 0 0 0 0 0 0 0 0 0 0 0 0
  0 0 0 0 0 0 0 0 0 0 0 0 0 0 0 0 0 0 0 0 0 0 0 0 0 0 0 0 0 0 0 0 0 0 0 0 0 0 0
  0 0 0 0 0 0 0 0 0 0 0 0 0 0 0 0 0 0 0 0 0 0 0 0 0 0 0 0 0 0 0 0 0 0 0 0 0 0 0
  0 0 0 0 0 0 0 0 0 0 0 0 0 0 0 0 0 0 0 0 0 0 0 0 0 0 0 0 0 0 0 0 0 0 0 0 0 0 0
  0 0 0 0 0 0 0 0 0 0 0 0 0 0 0 0 0 0 0 0 0 0 0 0 0 0 0 0 0 0 0 0 0 0 0 0 0 0 0
  0 0 0 0 0 0 0 0 0 0 0 0 0 0 0 0 0 0 0 0 0 0 0 0 0 0 0 0 0 0 0 0 0 0 0 0 0 0 0
  0 0 0 0 0 0 0 0 0 0 0 0 0 0 0 0 0 0 0 0 0 0 0 0 0 0 0 0 0 0 0 0 0 0 0 0 0 0 0
  0 0 0 0 0 0 0 0 0 0 0 0 0 0 0 0 0 0 0 0 0 0 0 0 0 0 0 0 0 0 0 0 0 0 0 0 0 0 0
  0 0 0 0 0 0 0 0 0 0 0 0 0 0 0 0 0 0 0 0 0 0 0 0 0 0 0 0 0 0 0 0 0 0 0 0 0 0 0
  0 0 0 0 0 0 0 0 0 0 0 0 0 0 0 0 0 0 0 0 0 0 0 0 0 0 0 0 0 0 0 0 0 0 0 0 0 0 0
  0 0 0 0 0 0 0 0 0 0 0 0 0 0 0 0 0 0 0 0 0 0 0 0 0 0 0 0 0 0 0 0 0 0 0 0 0 0 0
  0 0 0 0 0 0 0 0 0 0 0 0 0 0 0 0 0 0 0 0 0 0 0 0 0 0 0 0 0 0 0 0 0 0 0 0 0 0 0
  0 0 0 0 0 0 0 0 0 0 0 0 0 0 0 0 0 0 0 0 0 0 0 0 0 0 0 0 0 0 0 0 0 0 0 0 0 0 0
  0 0 0 0 0 0 0 0 0 0 0 0 0 0 0 0 0 0 0 0 0 0 0 0 0 0 0 0 0 0 0 0 0 0 0 0 0 0 0
  0 0 0 0 0 0 0 0 0 0 0 0 0 0 0 0 0 0 0 0 0 0 0 0 0 0 0 0 0 0 0 0 0 0 0 0 0 0 0
  0 0 0 0 0 0 0 0 0 0 0 0 0 0 0 0 0 0 0 0 0 0 0 0 0 0 0 0 0 0 0 0 0 0 0 0 0 0 0
  0 0 0 0 0 0 0 0 0 0 0 0 0 0 0 0 0 0 0 0 0 0 0 0 0 0 0 0 0 0 0 0 0 0 0 0 0 0 0
  0 0 0 0 0 0 0 0 0 0 0 0 0 0 0 0 0 0 0 0 0 0 0 0 0 0 0 0 0 0 0 0 0 0 0 0 0 0 0
  0 0 0 0 0 0 0 0 0 0 0 0 0 0 0 0 0 0 0 0 0 0 0 0 0 0 0 0 0 0 0 0 0 0 0 0 0 0 0
  0 0 0 0 0 0 0 0 0 0 0 0 0 0 0 0 0 0 0 0 0 0 0 0 0 0 0 0 0 0 0 0 0 0 0 0 0 0 0
  0 0 0 0 0 0 0 0 0 0 0 0 0 0 0 0 0 0 0 0 0 0 0 0 0 0 0 0 0 0 0 0 0 0 0 0 0 0 0
  0 0 0 0 0 0 0 0 0 0 0 0 0 0 0 0 0 0 0 0 0 0 0 0 0 0 0 0 0 0 0 0 0 0 0 0 0 0 0
  0 0 0 0 0 0 0 0 0 0 0 0 0 0 0 0 0 0 0 0 0 0 0 0 0 0 0 0 0 0 0 0 0 0 0 0 0 0 0
  0 0 0 0 0 0 0 0 0 0 0 0 0 0 0 0 0 0 0 0 0 0 0 0 0 0 0 0 0 0 0 0 0 0 0 0 0 0 0
  0 0 0 0 0 0 0 0 0 0 0 0 0 0 0 0 0 0 0 0 0 0 0 0 0 0 0 0 0 0 0 0 0 0 0 0 0 0 0
  0 0 0 0 0 0 0 0 0 0 0 0 0 0 0 0 0 0 0 0 0 0 0 0 0 0 0 0 0 0 0 0 0 0 0 0 0 0 0
  0 0 0 0 0 0 0 0 0 0 0 0 0 0 0 0 0 0 0 0 0 0 0 0 0 0 0 0 0 0 0 0 0 0 0 0 0 0 0
  0 0 0 0 0 0 0 0 0 0 0 0 0 0 0 0 0 0 0 0 0 0 0 0 0 0 0 0 0 0 0 0 0 0 0 0 0 0 0
  0 0 0 0 0 0 0 0 0 0 0 0 0 0 0 0 0 0 0 0 0 0 0 0 0 0 0 0 0 0 0 0 0 0 0 0 0 0 0
  0 0 0 0 0 0 0 0 0 0 0 0 0 0 0 0 0 0 0 0 0 0 0 0 0 0 0 0 0 0 0 0 0 0 0 0 0 0 0
  0 0 0 0 0 0 0 0 0 0 0 0 0 0 0 0 0 0 0 0 0 0 0 0 0 0 0 0 0 0 0 0 0 0 0 0 0 0 0
  0 0 0 0 0 0 0 0 0 0 0 0 0 0 0 0 0 0 0 0 0 0 0 0 0 0 0 0 0 0 0 0 0 0 0 0 0 0 0
  0 0 0 0 0 0 0 0 0 0 0 0 0 0 0 0 0 0 0 0 0 0 0 0 0 0 0 0 0 0 0 0 0 0 0 0 0 0 0
  0 0 0 0 0 0 0 0 0 0 0 0 0 0 0 0 0 0 0 0 0 0 0 0 0 0 0 0 0 0 0 0 0 0 0 0 0 0 0
  0 0 0 0 0 0 0 0 0 0 0 0 0 0 0 0 0 0 0 0 0 0 0 0 0 0 0 0 0 0 0 0 0 0 0 0 0 0 0
  0 0 0 0 0 0 0 0 0 0 0 0 0 0 0 0 0 0 0 0 0 0 0 0 0 0 0 0 0 0 0 0 58 58 58 58
  58 58 58 58 58 58 58 58 58 58 58 58) 
#(0 0 0 0 0 0 0 0 0 0 0 0 0 0 0 0 0 0 0 0 0 0 0 0 0 0 0 0 0 0 0 0 0 0 0 0 0 0 0
  0 0 0 0 0 0 0 0 0 0 0 0 0 0 0 0 0 0 0 0 0 0 0 0 0 0 0 0 0 0 0 0 0 0 0 0 0 0 0
  0 0 0 0 0 0 0 0 0 0 0 0 0 0 0 0 0 0 0 0 0 0 0 0 0 0 0 0 0 0 0 0 0 0 0 0 0 0 0
  0 0 0 0 0 0 0 0 0 0 0 0 0 0 0 0 0 0 0 0 0 0 0 0 0 0 0 0 0 0 0 0 0 0 0 0 0 0 0
  0 0 0 0 0 0 0 0 0 0 0 0 0 0 0 0 0 0 0 0 0 0 0 0 0 0 0 0 0 0 0 0 0 0 0 0 0 0 0
  0 0 0 0 0 0 0 0 0 0 0 0 0 0 0 0 0 0 0 0 0 0 0 0 0 0 0 0 0 0 0 0 0 0 0 0 0 0 0
  0 0 0 0 0 0 0 0 0 0 0 0 0 0 0 0 0 0 0 0 0 0 0 0 0 0 0 0 0 0 0 0 0 0 0 0 0 0 0
  0 0 0 0 0 0 0 0 0 0 0 0 0 0 0 0 0 0 0 0 0 0 0 0 0 0 0 0 0 0 0 0 0 0 0 0 0 0 0
  0 0 0 0 0 0 0 0 0 0 0 0 0 0 0 0 0 0 0 0 0 0 0 0 0 0 0 0 0 0 0 0 0 0 0 0 0 0 0
  0 0 0 0 0 0 0 0 0 0 0 0 0 0 0 0 0 0 0 0 0 0 0 0 0 0 0 0 0 0 0 0 0 0 0 0 0 0 0
  0 0 0 0 0 0 0 0 0 0 0 0 0 0 0 0 0 0 0 0 0 0 0 0 0 0 0 0 0 0 0 0 0 0 0 0 0 0 0
  0 0 0 0 0 0 0 0 0 0 0 0 0 0 0 0 0 0 0 0 0 0 0 0 0 0 0 0 0 0 0 0 0 0 0 0 0 0 0
  0 0 0 0 0 0 0 0 0 0 0 0 0 0 0 0 0 0 0 0 0 0 0 0 0 0 0 0 0 0 0 0 0 0 0 0 0 0 0
  0 0 0 0 0 0 0 0 0 0 0 0 0 0 0 0 0 0 0 0 0 0 0 0 0 0 0 0 0 0 0 0 0 0 0 0 0 0 0
  0 0 0 0 0 0 0 0 0 0 0 0 0 0 0 0 0 0 0 0 0 0 0 0 0 0 0 0 0 0 0 0 0 0 0 0 0 0 0
  0 0 0 0 0 0 0 0 0 0 0 0 0 0 0 0 0 0 0 0 0 0 0 0 0 0 0 0 0 0 0 0 0 0 0 0 0 0 0
  0 0 0 0 0 0 0 0 0 0 0 0 0 0 0 0 0 0 0 0 0 0 0 0 0 0 0 0 0 0 0 0 0 0 0 0 0 0 0
  0 0 0 0 0 0 0 0 0 0 0 0 0 0 0 0 0 0 0 0 0 0 0 0 0 0 0 0 0 0 0 0 0 0 0 0 0 0 0
  0 0 0 0 0 0 0 0 0 0 0 0 0 0 0 0 0 0 0 0 0 0 0 0 0 0 0 0 0 0 0 0 0 0 0 0 0 0 0
  0 0 0 0 0 0 0 0 0 0 0 0 0 0 0 0 0 0 0 0 0 0 0 0 0 0 0 0 0 0 0 0 0 0 0 0 0 0 0
  0 0 0 0 0 0 0 0 0 0 0 0 0 0 0 0 0 0 0 0 0 0 0 0 0 0 0 0 0 0 0 0 0 0 0 0 0 0 0
  0 0 0 0 0 0 0 0 0 0 0 0 0 0 0 0 0 0 0 0 0 0 0 0 0 0 0 0 0 0 0 0 0 0 0 0 0 0 0
  0 0 0 0 0 0 0 0 0 0 0 0 0 0 0 0 0 0 0 0 0 0 0 0 0 0 0 0 0 0 0 0 0 0 0 0 0 0 0
  0 0 0 0 0 0 0 0 0 0 0 0 0 0 0 0 0 0 0 0 0 0 0 0 0 0 0 0 0 0 0 0 0 0 0 0 0 0 0
  0 0 0 0 0 0 0 0 0 0 0 0 0 0 0 0 0 0 0 0 0 0 0 0 0 0 0 0 0 0 0 0 0 0 0 0 0 0 0
  0 0 0 0 0 0 0 0 0 0 0 0 0 0 0 0 0 0 0 0 0 0 0 0 0 0 0 0 0 0 0 0 0 0 0 0 0 0 0
  0 0 0 0 0 0 0 0 0 0 0 0 0 0 0 0 0 0 0 0 0 0 0 0 0 0 0 0 0 0 0 0 0 0 0 0 0 0 0
  0 0 0 0 0 0 0 0 0 0 0 0 0 0 0 0 0 0 0 0 0 0 0 0 0 0 0 0 0 0 0 0 0 0 0 0 0 0 0
  0 0 0 0 0 0 0 0 0 0 0 0 0 0 0 0 0 0 0 0 0 0 0 0 0 0 0 0 0 0 0 0 0 0 0 0 0 0 0
  0 0 0 0 0 0 0 0 0 0 0 0 0 0 0 0 0 0 0 0 0 0 0 0 0 0 0 0 0 0 0 0 0 0 0 0 0 0 0
  0 0 0 0 0 0 0 0 0 0 0 0 0 0 0 0 0 0 0 0 0 0 0 0 0 0 0 0 0 0 0 0 0 0 0 0 0 0 0
  0 0 0 0 0 0 0 0 0 0 0 0 0 0 0 0 0 0 0 0 0 0 0 0 0 0 0 0 0 0 0 0 0 0 0 0 0 0 0
  0 0 0 0 0 0 0 0 0 0 0 0 0 0 0 0 0 0 0 0 0 0 0 0 0 0 0 0 0 0 0 0 0 0 0 0 0 0 0
  0 0 0 0 0 0 0 0 0 0 0 0 0 0 0 0 0 0 0 0 0 0 0 0 0 0 0 0 0 0 0 0 0 0 0 0 0 0 0
  0 0 0 0 0 0 0 0 0 0 0 0 0 0 0 0 0 0 0 0 0 0 0 0 0 0 0 0 0 0 0 0 0 0 0 0 0 0 0
  0 0 0 0 0 0 0 0 0 0 0 0 0 0 0 0 0 0 0 0 0 0 0 0 0 0 0 0 0 0 0 0 0 0 0 0 0 0 0
  0 0 0 0 0 0 0 0 0 0 0 0 0 0 0 0 0 0 0 0 0 0 0 0 0 0 0 0 0 0 0 0 0 0 0 0 0 0 0
  0 0 0 0 0 0 0 0 0 0 0 0 0 0 0 0 0 0 0 0 0 0 0 0 0 0 0 0 0 0 0 0 0 0 0 0 0 0 0
  0 0 0 0 0 0 0 0 0 0 0 0 0 0 0 0 0 0 0 0 0 0 0 0 0 0 0 0 0 0 0 0 0 0 0 0 0 0 0
  0 0 0 0 0 0 0 0 0 0 0 0 0 0 0 0 0 0 0 0 0 0 0 0 0 0 0 0 0 0 0 0 0 0 0 0 0 0 0
  0 0 0 0 0 0 0 0 0 0 0 0 0 0 0 0 0 0 0 0 0 0 0 0 0 0 0 0 0 0 0 0 0 0 0 0 0 0 0
  0 0 0 0 0 0 0 0 0 0 0 0 0 0 0 0 0 0 0 0 0 0 0 0 0 0 0 0 0 0 0 0 0 0 0 0 0 0 0
  0 0 0 0 0 0 0 0 0 0 0 0 0 0 0 0 0 0 0 0 0 0 0 0 0 0 0 0 0 0 0 0 0 0 0 0 0 0 0
  0 0 0 0 0 0 0 0 0 0 0 0 0 0 0 0 0 0 0 0 0 0 0 0 0 0 0 0 0 0 0 0 0 0 0 0 0 0 0
  0 0 0 0 0 0 0 0 0 0 0 0 0 0 0 0 0 0 0 0 0 0 0 0 0 0 0 0 0 0 0 0 0 0 0 0 0 0 0
  0 0 0 0 0 0 0 0 0 0 0 0 0 0 0 0 0 0 0 0 0 0 0 0 0 0 0 0 0 0 0 0 0 0 0 0 0 0 0
  0 0 0 0 0 0 0 0 0 0 0 0 0 0 0 0 0 0 0 0 0 0 0 0 0 0 0 0 0 0 0 0 0 0 0 0 0 0 0
  0 0 0 0 0 0 0 0 0 0 0 0 0 0 0 0 0 0 0 0 0 0 0 0 0 0 0 0 0 0 0 0 0 0 0 0 0 0 0
  0 0 0 0 0 0 0 0 0 0 0 0 0 0 0 0 0 0 0 0 0 0 0 0 0 0 0 0 0 0 0 0 0 0 0 0 0 0 0
  0 0 0 0 0 0 0 0 0 0 0 0 0 0 0 0 0 0 0 0 0 0 0 0 0 0 0 0 0 0 0 0 0 0 0 0 0 0 0
  0 0 0 0 0 0 0 0 0 0 0 0 0 0 0 0 0 0 0 0 0 0 0 0 0 0 0 0 0 0 0 0 0 0 0 0 0 0 0
  0 0 0 0 0 0 0 0 0 0 0 0 0 0 0 0 0 0 0 0 0 0 0 0 0 0 0 0 0 0 0 0 0 0 0 0 0 0 0
  0 0 0 0 0 0 0 0 0 0 0 0 0 0 0 0 0 0 0 0 0 0 0 0 0 0 0 0 0 0 0 0 0 0 0 0 0 0 0
  0 0 0 0 0 0 0 0 0 0 0 0 0 0 0 0 0 0 0 0 0 0 0 0 0 0 0 0 0 0 0 0 0 0 0 0 0 0 0
  0 0 0 0 0 0 0 0 0 0 0 0 0 0 0 0 0 0 0 0 0 0 0 0 0 0 0 0 0 0 0 0 0 0 0 0 0 0 0
  0 0 0 0 0 0 0 0 0 0 0 0 0 0 0 0 0 0 0 0 0 0 0 0 0 0 0 0 0 0 0 0 0 0 0 0 0 0 0
  0 0 0 0 0 0 0 0 0 0 0 0 0 0 0 0 0 0 0 0 0 0 0 0 0 0 0 0 0 0 0 0 0 0 0 0 0 0 0
  0 0 0 0 0 0 0 0 0 0 0 0 0 0 0 0 0 0 0 0 0 0 0 0 0 0 0 0 0 0 0 0 0 0 0 0 0 0 0
  0 0 0 0 0 0 0 0 0 0 0 0 0 0 0 0 0 0 0 0 0 0 0 0 0 0 0 0 0 0 0 0 0 0 0 0 0 0 0
  0 0 0 0 0 0 0 0 0 0 0 0 0 0 0 0 0 0 0 0 0 0 0 0 0 0 0 0 0 0 0 0 0 0 0 0 0 0 0
  0 0 0 0 0 0 0 0 0 0 0 0 0 0 0 0 0 0 0 0 0 0 0 0 0 0 0 0 0 0 0 0 0 0 0 0 0 0 0
  0 0 0 0 0 0 0 0 0 0 0 0 0 0 0 0 0 0 0 0 0 0 0 0 0 0 0 0 0 0 0 0 0 0 0 0 0 0 0
  0 0 0 0 0 0 0 0 0 0 0 0 0 0 0 0 0 0 0 0 0 0 0 0 0 0 0 0 0 0 0 0 0 0 0 0 0 0 0
  0 0 0 0 0 0 0 0 0 0 0 0 0 0 0 0 0 0 0 0 0 0 0 0 0 0 0 0 0 0 0 0 0 0 0 0 0 0 0
  0 0 0 0 0 0 0 0 0 0 0 0 0 0 0 0 0 0 0 0 0 0 0 0 0 0 0 0 0 0 0 0 0 0 0 0 0 0 0
  0 0 0 0 0 0 0 0 0 0 0 0 0 0 0 0 0 0 0 0 0 0 0 0 0 0 0 0 0 0 0 0 0 0 0 0 0 0 0
  0 0 0 0 0 0 0 0 0 0 0 0 0 0 0 0 0 0 0 0 0 0 0 0 0 0 0 0 0 0 0 0 0 0 0 0 0 0 0
  0 0 0 0 0 0 0 0 0 0 0 0 0 0 0 0 0 0 0 0 0 0 0 0 0 0 0 0 0 0 0 0 0 0 0 0 0 0 0
  0 0 0 0 0 0 0 0 0 0 0 0 0 0 0 0 0 0 0 0 0 0 0 0 0 0 0 0 0 0 0 0 0 0 0 0 0 0 0
  0 0 0 0 0 0 0 0 0 0 0 0 0 0 0 0 0 0 0 0 0 0 0 0 0 0 0 0 0 0 0 0 0 0 0 0 0 0 0
  0 0 0 0 0 0 0 0 0 0 0 0 0 0 0 0 0 0 0 0 0 0 0 0 0 0 0 0 0 0 0 0 0 0 0 0 0 0 0
  0 0 0 0 0 0 0 0 0 0 0 0 0 0 0 0 0 0 0 0 0 0 0 0 0 0 0 0 0 0 0 0 0 0 0 0 0 0 0
  0 0 0 0 0 0 0 0 0 0 0 0 0 0 0 0 0 0 0 0 0 0 0 0 0 0 0 0 0 0 0 0 0 0 0 0 0 0 0
  0 0 0 0 0 0 0 0 0 0 0 0 0 0 0 0 0 0 0 0 0 0 0 0 0 0 0 0 0 0 0 0 0 0 0 0 0 0 0
  0 0 0 0 0 0 0 0 0 0 0 0 0 0 0 0 0 0 0 0 0 0 0 0 0 0 0 0 0 0 0 0 0 0 0 0 0 0 0
  0 0 0 0 0 0 0 0 0 0 0 0 0 0 0 0 0 0 0 0 0 0 0 0 0 0 0 0 0 0 0 0 0 0 0 0 0 0 0
  0 0 0 0 0 0 0 0 0 0 0 0 0 0 0 0 0 0 0 0 0 0 0 0 0 0 0 0 0 0 0 0 0 0 0 0 0 0 0
  0 0 0 0 0 0 0 0 0 0 0 0 0 0 0 0 0 0 0 0 0 0 0 0 0 0 0 0 0 0 0 0 0 0 0 0 0 0 0
  0 0 0 0 0 0 0 0 0 0 0 0 0 0 0 0 0 0 0 0 0 0 0 0 0 0 0 0 0 0 0 0 0 0 0 0 0 0 0
  0 0 0 0 0 0 0 0 0 0 0 0 0 0 0 0 0 0 0 0 0 0 0 0 0 0 0 0 0 0 0 0 0 0 0 0 0 0 0
  0 0 0 0 0 0 0 0 0 0 0 0 0 0 0 0 0 0 0 0 0 0 0 0 0 0 0 0 0 0 0 0 0 0 0 0 0 0 0
  0 0 0 0 0 0 0 0 0 0 0 0 0 0 0 0 0 0 0 0 0 0 0 0 0 0 0 0 0 0 0 0 0 0 0 0 0 0 0
  0 0 0 0 0 0 0 0 0 0 0 0 0 0 0 0 0 0 0 0 0 0 0 0 0 0 0 0 0 0 0 0 0 0 0 0 0 0 0
  0 0 0 0 0 0 0 0 0 0 0 0 0 0 0 0 0 0 0 0 0 0 0 0 0 0 0 0 0 0 0 0 0 0 0 0 0 0 0
  0 0 0 0 0 0 0 0 0 0 0 0 0 0 0 0 0 0 0 0 0 0 0 0 0 0 0 0 0 0 0 0 0 0 0 0 0 0 0
  0 0 0 0 0 0 0 0 0 0 0 0 0 0 0 0 0 0 0 0 0 0 0 0 0 0 0 0 0 0 0 0 0 0 0 0 0 0 0
  0 0 0 0 0 0 0 0 0 0 0 0 0 0 0 0 0 0 0 0 0 0 0 0 0 0 0 0 0 0 0 0 0 0 0 0 0 0 0
  0 0 0 0 0 0 0 0 0 0 0 0 0 0 0 0 0 0 0 0 0 0 0 0 0 0 0 0 0 0 0 0 0 0 0 0 0 0 0
  0 0 0 0 0 0 0 0 0 0 0 0 0 0 0 0 0 0 0 0 0 0 0 0 0 0 0 0 0 0 0 0 0 0 0 0 0 0 0
  0 0 0 0 0 0 0 0 0 0 0 0 0 0 0 0 0 0 0 0 0 0 0 0 0 0 0 0 0 0 0 0 0 0 0 0 0 0 0
  0 0 0 0 0 0 0 0 0 0 0 0 0 0 0 0 0 0 0 0 0 0 0 0 0 0 0 0 0 0 0 0 0 0 0 0 0 0 0
  0 0 0 0 0 0 0 0 0 0 0 0 0 0 0 0 0 0 0 0 0 0 0 0 0 0 0 0 0 0 0 0 0 0 0 0 0 0 0
  0 0 0 0 0 0 0 0 0 0 0 0 0 0 0 0 0 0 0 0 0 0 0 0 0 0 0 0 0 0 0 0 0 0 0 0 0 0 0
  0 0 0 0 0 0 0 0 0 0 0 0 0 0 0 0 0 0 0 0 0 0 0 0 0 0 0 0 0 0 0 0 0 0 0 0 0 0 0
  0 0 0 0 0 0 0 0 0 0 0 0 0 0 0 0 0 0 0 0 0 0 0 0 0 0 0 0 0 0 0 0 0 0 0 0 0 0 0
  0 0 0 0 0 0 0 0 0 0 0 0 0 0 0 0 0 0 0 0 0 0 0 0 0 0 0 0 0 0 0 0 0 0 0 0 0 0 0
  0 0 0 0 0 0 0 0 0 0 0 0 0 0 0 0 0 0 0 0 0 0 0 0 0 0 0 0 0 0 0 0 0 0 0 0 0 0 0
  0 0 0 0 0 0 0 0 0 0 0 0 0 0 0 0 0 0 0 0 0 0 0 0 0 0 0 0 0 0 0 0 0 0 0 0 0 0 0
  0 0 0 0 0 0 0 0 0 0 0 0 0 0 0 0 0 0 0 0 0 0 0 0 0 0 0 0 0 0 0 0 0 0 0 0 0 0 0
  0 0 0 0 0 0 0 0 0 0 0 0 0 0 0 0 0 0 0 0 0 0 0 0 0 0 0 0 0 0 0 0 0 0 0 0 0 0 0
  0 0 0 0 0 0 0 0 0 0 0 0 0 0 0 0 0 0 0 0 0 0 0 0 0 0 0 0 0 0 0 0 0 0 0 0 0 0 0
  0 0 0 0 0 0 0 0 0 0 0 0 0 0 0 0 0 0 0 0 0 0 0 0 0 0 0 0 0 0 0 0 0 0 0 0 0 0 0
  0 0 0 0 0 0 0 0 0 0 0 0 0 0 0 0 0 0 0 0 0 0 0 0 0 0 0 0 0 0 0 0 0 0 0 0 0 0 0
  0 0 0 0 0 0 0 0 0 0 0 0 0 0 0 0 0 0 0 0 0 0 0 0 0 0 0 0 0 0 0 0 0 0 0 0 0 0 0
  0 0 0 0 0 0 0 0 0 0 0 0 0 0 0 0 0 0 0 0 0 0 0 0 0 0 0 0 0 0 0 0 0 0 0 0 0 0 0
  0) 
#(0 0 0 0 0 0 0 0 0 0 0 0 0 0 0 0 13 12 11 12 11 12 11 12 11 12 11 12 11 12 12
  13 12 11 10 11 10 11 10 11 10 11 10 11 10 11 11 12 13 12 11 10 9 10 9 10 9 10
  9 10 9 10 10 11 12 11 10 9 8 9 8 9 8 9 8 9 9 10 11 12 13 12 11 10 9 8 7 8 7 8
  8 9 10 11 12 13 12 11 10 9 8 7 6 7 6 7 7 8 9 10 11 12 13 12 11 10 9 8 7 6 6 7
  8 9 10 11 12 13 12 11 10 9 8 7 6 5 5 6 7 8 9 10 11 12 13 12 11 10 9 8 7 6 6 7
  8 9 10 11 12 13 12 11 10 9 8 7 6 5 5 6 7 8 9 10 11 12 13 12 11 10 9 8 7 6 5 5
  6 7 8 9 10 11 12 11 10 9 8 7 6 5 4 4 5 6 7 8 9 10 13 12 11 10 9 8 7 6 5 5 6 7
  8 9 10 11 12 11 10 9 8 7 6 5 4 4 5 6 7 8 9 10 11 10 9 8 7 6 5 4 3 3 4 5 6 7 8
  9 13 14 13 14 13 14 13 14 13 14 13 14 13 14 13 14 14 13 12 13 12 13 12 13 12
  13 12 13 12 13 12 13 13 12 11 12 11 12 11 12 11 12 11 12 11 12 11 12 14 13 12
  11 10 11 10 11 10 11 10 11 10 11 10 11 13 12 11 10 9 10 9 10 9 10 9 10 9 10
  11 12 14 13 12 11 10 9 8 9 8 9 8 9 10 11 12 13 13 12 11 10 9 8 7 8 7 8 7 8 9
  10 11 12 14 13 12 11 10 9 8 7 6 7 8 9 10 11 12 13 13 12 11 10 9 8 7 6 5 6 7 8
  9 10 11 12 14 13 12 11 10 9 8 7 6 7 8 9 10 11 12 13 13 12 11 10 9 8 7 6 5 6 7
  8 9 10 11 12 14 13 12 11 10 9 8 7 6 5 6 7 8 9 10 11 13 12 11 10 9 8 7 6 5 4 5
  6 7 8 9 10 14 13 12 11 10 9 8 7 6 5 6 7 8 9 10 11 13 12 11 10 9 8 7 6 5 4 5 6
  7 8 9 10 12 11 10 9 8 7 6 5 4 3 4 5 6 7 8 9 13 14 13 14 13 14 13 14 13 14 13
  14 13 14 13 14 14 13 12 13 12 13 12 13 12 13 12 13 12 13 12 13 13 12 11 12 11
  12 11 12 11 12 11 12 11 12 11 12 14 13 12 11 10 11 10 11 10 11 10 11 10 11 10
  11 13 12 11 10 9 10 9 10 9 10 9 10 9 10 11 12 14 13 12 11 10 9 8 9 8 9 8 9 10
  11 12 13 13 12 11 10 9 8 7 8 7 8 7 8 9 10 11 12 14 13 12 11 10 9 8 7 6 7 8 9
  10 11 12 13 13 12 11 10 9 8 7 6 5 6 7 8 9 10 11 12 14 13 12 11 10 9 8 7 6 7 8
  9 10 11 12 13 13 12 11 10 9 8 7 6 5 6 7 8 9 10 11 12 14 13 12 11 10 9 8 7 6 5
  6 7 8 9 10 11 13 12 11 10 9 8 7 6 5 4 5 6 7 8 9 10 14 13 12 11 10 9 8 7 6 5 6
  7 8 9 10 11 13 12 11 10 9 8 7 6 5 4 5 6 7 8 9 10 12 11 10 9 8 7 6 5 4 3 4 5 6
  7 8 9 13 14 13 14 13 14 13 14 13 14 13 14 13 14 13 14 14 13 12 13 12 13 12 13
  12 13 12 13 12 13 12 13 13 12 11 12 11 12 11 12 11 12 11 12 11 12 11 12 14 13
  12 11 10 11 10 11 10 11 10 11 10 11 10 11 13 12 11 10 9 10 9 10 9 10 9 10 9
  10 11 12 14 13 12 11 10 9 8 9 8 9 8 9 10 11 12 13 13 12 11 10 9 8 7 8 7 8 7 8
  9 10 11 12 14 13 12 11 10 9 8 7 6 7 8 9 10 11 12 13 13 12 11 10 9 8 7 6 5 6 7
  8 9 10 11 12 14 13 12 11 10 9 8 7 6 7 8 9 10 11 12 13 13 12 11 10 9 8 7 6 5 6
  7 8 9 10 11 12 14 13 12 11 10 9 8 7 6 5 6 7 8 9 10 11 13 12 11 10 9 8 7 6 5 4
  5 6 7 8 9 10 14 13 12 11 10 9 8 7 6 5 6 7 8 9 10 11 13 12 11 10 9 8 7 6 5 4 5
  6 7 8 9 10 12 11 10 9 8 7 6 5 4 3 4 5 6 7 8 9 13 14 13 14 13 14 13 14 13 14
  13 14 13 14 13 14 14 13 12 13 12 13 12 13 12 13 12 13 12 13 12 13 13 12 11 12
  11 12 11 12 11 12 11 12 11 12 11 12 14 13 12 11 10 11 10 11 10 11 10 11 10 11
  10 11 13 12 11 10 9 10 9 10 9 10 9 10 9 10 11 12 14 13 12 11 10 9 8 9 8 9 8 9
  10 11 12 13 13 12 11 10 9 8 7 8 7 8 7 8 9 10 11 12 14 13 12 11 10 9 8 7 6 7 8
  9 10 11 12 13 13 12 11 10 9 8 7 6 5 6 7 8 9 10 11 12 14 13 12 11 10 9 8 7 6 7
  8 9 10 11 12 13 13 12 11 10 9 8 7 6 5 6 7 8 9 10 11 12 14 13 12 11 10 9 8 7 6
  5 6 7 8 9 10 11 13 12 11 10 9 8 7 6 5 4 5 6 7 8 9 10 14 13 12 11 10 9 8 7 6 5
  6 7 8 9 10 11 13 12 11 10 9 8 7 6 5 4 5 6 7 8 9 10 12 11 10 9 8 7 6 5 4 3 4 5
  6 7 8 9 13 14 13 14 13 14 13 14 13 14 13 14 13 14 13 14 14 13 12 13 12 13 12
  13 12 13 12 13 12 13 12 13 13 12 11 12 11 12 11 12 11 12 11 12 11 12 11 12 14
  13 12 11 10 11 10 11 10 11 10 11 10 11 10 11 13 12 11 10 9 10 9 10 9 10 9 10
  9 10 11 12 14 13 12 11 10 9 8 9 8 9 8 9 10 11 12 13 13 12 11 10 9 8 7 8 7 8 7
  8 9 10 11 12 14 13 12 11 10 9 8 7 6 7 8 9 10 11 12 13 13 12 11 10 9 8 7 6 5 6
  7 8 9 10 11 12 14 13 12 11 10 9 8 7 6 7 8 9 10 11 12 13 13 12 11 10 9 8 7 6 5
  6 7 8 9 10 11 12 14 13 12 11 10 9 8 7 6 5 6 7 8 9 10 11 13 12 11 10 9 8 7 6 5
  4 5 6 7 8 9 10 14 13 12 11 10 9 8 7 6 5 6 7 8 9 10 11 13 12 11 10 9 8 7 6 5 4
  5 6 7 8 9 10 12 11 10 9 8 7 6 5 4 3 4 5 6 7 8 9 13 14 13 14 13 14 13 14 13 14
  13 14 13 14 13 14 14 13 12 13 12 13 12 13 12 13 12 13 12 13 12 13 13 12 11 12
  11 12 11 12 11 12 11 12 11 12 11 12 14 13 12 11 10 11 10 11 10 11 10 11 10 11
  10 11 13 12 11 10 9 10 9 10 9 10 9 10 9 10 11 12 14 13 12 11 10 9 8 9 8 9 8 9
  10 11 12 13 13 12 11 10 9 8 7 8 7 8 7 8 9 10 11 12 14 13 12 11 10 9 8 7 6 7 8
  9 10 11 12 13 13 12 11 10 9 8 7 6 5 6 7 8 9 10 11 12 14 13 12 11 10 9 8 7 6 7
  8 9 10 11 12 13 13 12 11 10 9 8 7 6 5 6 7 8 9 10 11 12 14 13 12 11 10 9 8 7 6
  5 6 7 8 9 10 11 13 12 11 10 9 8 7 6 5 4 5 6 7 8 9 10 14 13 12 11 10 9 8 7 6 5
  6 7 8 9 10 11 13 12 11 10 9 8 7 6 5 4 5 6 7 8 9 10 12 11 10 9 8 7 6 5 4 3 4 5
  6 7 8 9 13 14 13 14 13 14 13 14 13 14 13 14 13 14 13 14 14 13 12 13 12 13 12
  13 12 13 12 13 12 13 12 13 13 12 11 12 11 12 11 12 11 12 11 12 11 12 11 12 14
  13 12 11 10 11 10 11 10 11 10 11 10 11 10 11 13 12 11 10 9 10 9 10 9 10 9 10
  9 10 11 12 14 13 12 11 10 9 8 9 8 9 8 9 10 11 12 13 13 12 11 10 9 8 7 8 7 8 7
  8 9 10 11 12 14 13 12 11 10 9 8 7 6 7 8 9 10 11 12 13 13 12 11 10 9 8 7 6 5 6
  7 8 9 10 11 12 14 13 12 11 10 9 8 7 6 7 8 9 10 11 12 13 13 12 11 10 9 8 7 6 5
  6 7 8 9 10 11 12 14 13 12 11 10 9 8 7 6 5 6 7 8 9 10 11 13 12 11 10 9 8 7 6 5
  4 5 6 7 8 9 10 14 13 12 11 10 9 8 7 6 5 6 7 8 9 10 11 13 12 11 10 9 8 7 6 5 4
  5 6 7 8 9 10 12 11 10 9 8 7 6 5 4 3 4 5 6 7 8 9 13 14 13 14 13 14 13 14 13 14
  13 14 13 14 13 14 14 13 12 13 12 13 12 13 12 13 12 13 12 13 12 13 13 12 11 12
  11 12 11 12 11 12 11 12 11 12 11 12 14 13 12 11 10 11 10 11 10 11 10 11 10 11
  10 11 13 12 11 10 9 10 9 10 9 10 9 10 9 10 11 12 14 13 12 11 10 9 8 9 8 9 8 9
  10 11 12 13 13 12 11 10 9 8 7 8 7 8 7 8 9 10 11 12 14 13 12 11 10 9 8 7 6 7 8
  9 10 11 12 13 13 12 11 10 9 8 7 6 5 6 7 8 9 10 11 12 14 13 12 11 10 9 8 7 6 7
  8 9 10 11 12 13 13 12 11 10 9 8 7 6 5 6 7 8 9 10 11 12 14 13 12 11 10 9 8 7 6
  5 6 7 8 9 10 11 13 12 11 10 9 8 7 6 5 4 5 6 7 8 9 10 14 13 12 11 10 9 8 7 6 5
  6 7 8 9 10 11 13 12 11 10 9 8 7 6 5 4 5 6 7 8 9 10 12 11 10 9 8 7 6 5 4 3 4 5
  6 7 8 9 13 14 13 14 13 14 13 14 13 14 13 14 13 14 13 14 14 13 12 13 12 13 12
  13 12 13 12 13 12 13 12 13 13 12 11 12 11 12 11 12 11 12 11 12 11 12 11 12 14
  13 12 11 10 11 10 11 10 11 10 11 10 11 10 11 13 12 11 10 9 10 9 10 9 10 9 10
  9 10 11 12 14 13 12 11 10 9 8 9 8 9 8 9 10 11 12 13 13 12 11 10 9 8 7 8 7 8 7
  8 9 10 11 12 14 13 12 11 10 9 8 7 6 7 8 9 10 11 12 13 13 12 11 10 9 8 7 6 5 6
  7 8 9 10 11 12 14 13 12 11 10 9 8 7 6 7 8 9 10 11 12 13 13 12 11 10 9 8 7 6 5
  6 7 8 9 10 11 12 14 13 12 11 10 9 8 7 6 5 6 7 8 9 10 11 13 12 11 10 9 8 7 6 5
  4 5 6 7 8 9 10 14 13 12 11 10 9 8 7 6 5 6 7 8 9 10 11 13 12 11 10 9 8 7 6 5 4
  5 6 7 8 9 10 12 11 10 9 8 7 6 5 4 3 4 5 6 7 8 9 13 14 13 14 13 14 13 14 13 14
  13 14 13 14 13 14 14 13 12 13 12 13 12 13 12 13 12 13 12 13 12 13 13 12 11 12
  11 12 11 12 11 12 11 12 11 12 11 12 14 13 12 11 10 11 10 11 10 11 10 11 10 11
  10 11 13 12 11 10 9 10 9 10 9 10 9 10 9 10 11 12 14 13 12 11 10 9 8 9 8 9 8 9
  10 11 12 13 13 12 11 10 9 8 7 8 7 8 7 8 9 10 11 12 14 13 12 11 10 9 8 7 6 7 8
  9 10 11 12 13 13 12 11 10 9 8 7 6 5 6 7 8 9 10 11 12 14 13 12 11 10 9 8 7 6 7
  8 9 10 11 12 13 13 12 11 10 9 8 7 6 5 6 7 8 9 10 11 12 14 13 12 11 10 9 8 7 6
  5 6 7 8 9 10 11 13 12 11 10 9 8 7 6 5 4 5 6 7 8 9 10 14 13 12 11 10 9 8 7 6 5
  6 7 8 9 10 11 13 12 11 10 9 8 7 6 5 4 5 6 7 8 9 10 12 11 10 9 8 7 6 5 4 3 4 5
  6 7 8 9 13 14 13 14 13 14 13 14 13 14 13 14 13 14 13 14 14 13 12 13 12 13 12
  13 12 13 12 13 12 13 12 13 13 12 11 12 11 12 11 12 11 12 11 12 11 12 11 12 14
  13 12 11 10 11 10 11 10 11 10 11 10 11 10 11 13 12 11 10 9 10 9 10 9 10 9 10
  9 10 11 12 14 13 12 11 10 9 8 9 8 9 8 9 10 11 12 13 13 12 11 10 9 8 7 8 7 8 7
  8 9 10 11 12 14 13 12 11 10 9 8 7 6 7 8 9 10 11 12 13 13 12 11 10 9 8 7 6 5 6
  7 8 9 10 11 12 14 13 12 11 10 9 8 7 6 7 8 9 10 11 12 13 13 12 11 10 9 8 7 6 5
  6 7 8 9 10 11 12 14 13 12 11 10 9 8 7 6 5 6 7 8 9 10 11 13 12 11 10 9 8 7 6 5
  4 5 6 7 8 9 10 14 13 12 11 10 9 8 7 6 5 6 7 8 9 10 11 13 12 11 10 9 8 7 6 5 4
  5 6 7 8 9 10 12 11 10 9 8 7 6 5 4 3 4 5 6 7 8 9 13 14 13 14 13 14 13 14 13 14
  13 14 13 14 13 14 14 13 12 13 12 13 12 13 12 13 12 13 12 13 12 13 13 12 11 12
  11 12 11 12 11 12 11 12 11 12 11 12 14 13 12 11 10 11 10 11 10 11 10 11 10 11
  10 11 13 12 11 10 9 10 9 10 9 10 9 10 9 10 11 12 14 13 12 11 10 9 8 9 8 9 8 9
  10 11 12 13 13 12 11 10 9 8 7 8 7 8 7 8 9 10 11 12 14 13 12 11 10 9 8 7 6 7 8
  9 10 11 12 13 13 12 11 10 9 8 7 6 5 6 7 8 9 10 11 12 14 13 12 11 10 9 8 7 6 7
  8 9 10 11 12 13 13 12 11 10 9 8 7 6 5 6 7 8 9 10 11 12 14 13 12 11 10 9 8 7 6
  5 6 7 8 9 10 11 13 12 11 10 9 8 7 6 5 4 5 6 7 8 9 10 14 13 12 11 10 9 8 7 6 5
  6 7 8 9 10 11 13 12 11 10 9 8 7 6 5 4 5 6 7 8 9 10 12 11 10 9 8 7 6 5 4 3 4 5
  6 7 8 9 13 14 13 14 13 14 13 14 13 14 13 14 13 14 13 14 14 13 12 13 12 13 12
  13 12 13 12 13 12 13 12 13 13 12 11 12 11 12 11 12 11 12 11 12 11 12 11 12 14
  13 12 11 10 11 10 11 10 11 10 11 10 11 10 11 13 12 11 10 9 10 9 10 9 10 9 10
  9 10 11 12 14 13 12 11 10 9 8 9 8 9 8 9 10 11 12 13 13 12 11 10 9 8 7 8 7 8 7
  8 9 10 11 12 14 13 12 11 10 9 8 7 6 7 8 9 10 11 12 13 13 12 11 10 9 8 7 6 5 6
  7 8 9 10 11 12 14 13 12 11 10 9 8 7 6 7 8 9 10 11 12 13 13 12 11 10 9 8 7 6 5
  6 7 8 9 10 11 12 14 13 12 11 10 9 8 7 6 5 6 7 8 9 10 11 13 12 11 10 9 8 7 6 5
  4 5 6 7 8 9 10 14 13 12 11 10 9 8 7 6 5 6 7 8 9 10 11 13 12 11 10 9 8 7 6 5 4
  5 6 7 8 9 10 12 11 10 9 8 7 6 5 4 3 4 5 6 7 8 9 13 14 13 14 13 14 13 14 13 14
  13 14 13 14 13 14 14 13 12 13 12 13 12 13 12 13 12 13 12 13 12 13 13 12 11 12
  11 12 11 12 11 12 11 12 11 12 11 12 14 13 12 11 10 11 10 11 10 11 10 11 10 11
  10 11 13 12 11 10 9 10 9 10 9 10 9 10 9 10 11 12 14 13 12 11 10 9 8 9 8 9 8 9
  10 11 12 13 13 12 11 10 9 8 7 8 7 8 7 8 9 10 11 12 14 13 12 11 10 9 8 7 6 7 8
  9 10 11 12 13 13 12 11 10 9 8 7 6 5 6 7 8 9 10 11 12 14 13 12 11 10 9 8 7 6 7
  8 9 10 11 12 13 13 12 11 10 9 8 7 6 5 6 7 8 9 10 11 12 14 13 12 11 10 9 8 7 6
  5 6 7 8 9 10 11 13 12 11 10 9 8 7 6 5 4 5 6 7 8 9 10 14 13 12 11 10 9 8 7 6 5
  6 7 8 9 10 11 13 12 11 10 9 8 7 6 5 4 5 6 7 8 9 10 12 11 10 9 8 7 6 5 4 3 4 5
  6 7 8 9 13 14 13 14 13 14 13 14 13 14 13 14 13 14 13 14 14 13 12 13 12 13 12
  13 12 13 12 13 12 13 12 13 13 12 11 12 11 12 11 12 11 12 11 12 11 12 11 12 14
  13 12 11 10 11 10 11 10 11 10 11 10 11 10 11 13 12 11 10 9 10 9 10 9 10 9 10
  9 10 11 12 14 13 12 11 10 9 8 9 8 9 8 9 10 11 12 13 13 12 11 10 9 8 7 8 7 8 7
  8 9 10 11 12 14 13 12 11 10 9 8 7 6 7 8 9 10 11 12 13 13 12 11 10 9 8 7 6 5 6
  7 8 9 10 11 12 14 13 12 11 10 9 8 7 6 7 8 9 10 11 12 13 13 12 11 10 9 8 7 6 5
  6 7 8 9 10 11 12 14 13 12 11 10 9 8 7 6 5 6 7 8 9 10 11 13 12 11 10 9 8 7 6 5
  4 5 6 7 8 9 10 14 13 12 11 10 9 8 7 6 5 6 7 8 9 10 11 13 12 11 10 9 8 7 6 5 4
  5 6 7 8 9 10 0 0 0 0 0 0 0 0 0 0 0 0 0 0 0 0) 