
#(58 58 4 0 0 0 0 0 0 4 0 0 0 0 0 0 0 0 0 0 0 0 0 0 0 0 0 0 0 0 0 0 0 0 0 0 0 0
  0 0 0 0 0 0 0 0 0 0 0 0 0 0 0 0 0 0 0 0 0 0 0 0 0 0 0 0 0 0 0 0 0 0 0 0 0 0 0
  0 0 0 0 0 0 0 0 0 0 0 0 0 0 0 0 0 0 0 0 0 0 0 0 0 0 0 0 0 0 0 0 0 0 0 0 0 0 0
  0 0 0 0 0 0 0 0 0 0 0 0 0 0 0 0 0 0 0 0 0 0 0 0 0 0 0 0 0 0 0 0 0 0 0 0 0 0 0
  0 0 0 0 0 0 0 0 0 0 0 0 0 0 0 0 0 0 0 0 0 0 0 0 0 0 0 0 0 0 0 0 0 0 0 0 0 0 0
  0 0 0 0 0 0 0 0 0 0 0 0 0 0 0 0 0 0 0 0 0 0 0 0 0 0 0 0 0 0 0 0 0 0 0 0 0 0 0
  0 0 0 0 0 0 0 0 0 0 0 0 0 0 0 0 0 0 0 0 0 0 0 58 4 0 0 0 0 0 4 4 0 0 0 0 0 0
  0 0 0 0 0 0 0 0 0 0 0 0 0 0 0 0 0 0 0 0 0 0 0 0 0 0 0 0 0 0 0 0 0 0 0 0 0 0 0
  0 0 0 0 0 0 0 0 0 0 0 0 0 0 0 0 0 0 0 0 0 0 0 0 0 0 0 0 0 0 0 0 0 0 0 0 0 0 0
  0 0 0 0 0 0 0 0 0 0 0 0 0 0 0 0 0 0 0 0 0 0 0 0 0 0 0 0 0 0 0 0 0 0 0 0 0 0 0
  0 0 0 0 0 0 0 0 0 0 0 0 0 0 0 0 0 0 0 0 0 0 0 0 0 0 0 0 0 0 0 0 0 0 0 0 0 0 0
  0 0 0 0 0 0 0 0 0 0 0 0 0 0 0 0 0 0 0 0 0 0 0 0 0 0 0 0 0 0 0 0 0 0 0 0 0 0 0
  0 0 0 0 0 0 0 0 0 0 0 0 0 0 0 0 0 0 0 0 0 0 0 0 0 0 0 0 0 0 4 4 0 0 0 0 0 0 0
  0 0 0 0 0 0 0 4 0 0 0 0 0 4 4 0 0 0 0 0 0 0 0 0 0 0 0 0 0 0 0 0 0 0 0 0 0 0 0
  0 0 0 0 0 0 0 0 0 0 0 0 0 0 0 0 0 0 0 0 0 0 0 0 0 0 0 0 0 0 0 0 0 0 0 0 0 0 0
  0 0 0 0 0 0 0 0 0 0 0 0 0 0 0 0 0 0 0 0 0 0 0 0 0 0 0 0 0 0 0 0 0 0 0 0 0 0 0
  0 0 0 0 0 0 0 0 0 0 0 0 0 0 0 0 0 0 0 0 0 0 0 0 0 0 0 0 0 0 0 0 0 0 0 0 0 0 0
  0 0 0 0 0 0 0 0 0 0 0 0 0 0 0 0 0 0 0 0 0 0 0 0 0 0 0 0 0 0 0 0 0 0 0 0 0 0 0
  0 0 0 0 0 0 0 0 0 0 0 0 0 0 0 0 0 0 0 0 0 0 0 0 0 0 0 0 0 0 0 0 0 0 0 0 0 0 0
  0 0 0 0 0 0 0 0 0 0 0 0 0 4 58 4 0 0 0 0 0 0 0 0 0 0 0 0 0 0 0 0 0 0 4 4 0 0
  0 0 0 0 0 0 0 0 0 0 0 0 0 0 0 0 0 0 0 0 0 0 0 0 0 0 0 0 0 0 0 0 0 0 0 0 0 0 0
  0 0 0 0 0 0 0 0 0 0 0 0 0 0 0 0 0 0 0 0 0 0 0 0 0 0 0 0 0 0 0 0 0 0 0 0 0 0 0
  0 0 0 0 0 0 0 0 0 0 0 0 0 0 0 0 0 0 0 0 0 0 0 0 0 0 0 0 0 0 0 0 0 0 0 0 0 0 0
  0 0 0 0 0 0 0 0 0 0 0 0 0 0 0 0 0 0 0 0 0 0 0 0 0 0 0 0 0 0 0 0 0 0 0 0 0 0 0
  0 0 0 0 0 0 0 0 0 0 0 0 0 0 0 0 0 0 0 0 0 0 0 0 0 0 0 0 0 0 0 0 0 0 0 0 0 0 0
  0 0 0 0 0 0 0 0 0 0 0 0 0 0 0 0 0 0 0 0 0 0 0 0 0 0 0 0 0 0 0 0 0 0 0 0 4 4 4
  4 4 0 0 0 0 0 0 0 0 0 0 0 0 0 0 4 4 4 0 0 0 0 0 0 0 0 0 0 0 0 0 0 0 0 0 0 0 0
  0 0 0 0 0 0 0 0 0 0 0 0 0 0 0 0 0 0 0 0 0 0 0 0 0 0 0 0 0 0 0 0 0 0 0 0 0 0 0
  0 0 0 0 0 0 0 0 0 0 0 0 0 0 0 0 0 0 0 0 0 0 0 0 0 0 0 0 0 0 0 0 0 0 0 0 0 0 0
  0 0 0 0 0 0 0 0 0 0 0 0 0 0 0 0 0 0 0 0 0 0 0 0 0 0 0 0 0 0 0 0 0 0 0 0 0 0 0
  0 0 0 0 0 0 0 0 0 0 0 0 0 0 0 0 0 0 0 0 0 0 0 0 0 0 0 0 0 0 0 0 0 0 0 0 0 0 0
  0 0 0 0 0 0 0 0 0 0 0 0 0 0 0 0 0 0 0 0 0 0 0 0 0 0 0 0 0 0 0 0 0 0 0 0 0 0 0
  0 0 0 0 0 0 0 0 0 0 0 0 0 0 0 0 0 0 0 0 0 0 4 4 4 4 4 0 0 0 0 0 0 0 0 0 0 0 4
  4 0 0 0 0 0 0 0 0 0 0 0 0 0 0 0 0 0 0 0 0 0 0 0 0 0 0 0 0 0 0 0 0 0 0 0 0 0 0
  0 0 0 0 0 0 0 0 0 0 0 0 0 0 0 0 0 0 0 0 0 0 0 0 0 0 0 0 0 0 0 0 0 0 0 0 0 0 0
  0 0 0 0 0 0 0 0 0 0 0 0 0 0 0 0 0 0 0 0 0 0 0 0 0 0 0 0 0 0 0 0 0 0 0 0 0 0 0
  0 0 0 0 0 0 0 0 0 0 0 0 0 0 0 0 0 0 0 0 0 0 0 0 0 0 0 0 0 0 0 0 0 0 0 0 0 0 0
  0 0 0 0 0 0 0 0 0 0 0 0 0 0 0 0 0 0 0 0 0 0 0 0 0 0 0 0 0 0 0 0 0 0 0 0 0 0 0
  0 0 0 0 0 0 0 0 0 0 0 0 0 0 0 0 0 0 0 0 0 0 0 0 0 0 0 0 0 0 0 0 0 0 0 0 0 0 0
  0 0 0 0 0 0 0 0 0 4 4 4 4 4 4 0 0 0 0 0 4 4 4 4 4 4 4 4 4 4 4 4 4 4 0 0 0 0 0
  0 0 0 0 0 0 0 0 0 0 0 0 0 0 0 0 0 0 0 0 0 0 0 0 0 0 0 0 0 0 0 0 0 0 0 0 0 0 0
  0 0 0 0 0 0 0 0 0 0 0 0 0 0 0 0 0 0 0 0 0 0 0 0 0 0 0 0 0 0 0 0 0 0 0 0 0 0 0
  0 0 0 0 0 0 0 0 0 0 0 0 0 0 0 0 0 0 0 0 0 0 0 0 0 0 0 0 0 0 0 0 0 0 0 0 0 0 0
  0 0 0 0 0 0 0 0 0 0 0 0 0 0 0 0 0 0 0 0 0 0 0 0 0 0 0 0 0 0 0 0 0 0 0 0 0 0 0
  0 0 0 0 0 0 0 0 0 0 0 0 0 0 0 0 0 0 0 0 0 0 0 0 0 0 0 0 0 0 0 0 0 0 0 0 0 0 0
  0 0 0 0 0 0 0 0 0 0 0 0 0 0 0 0 0 0 0 0 0 0 0 0 0 0 0 0 0 0 0 0 0 0 0 0 0 4 0
  4 0 4 4 0 0 0 0 0 0 0 0 0 4 0 0 0 0 0 0 0 0 0 0 0 0 0 0 0 0 0 0 0 0 0 0 0 0 0
  0 0 0 0 0 0 0 0 0 0 0 0 0 0 0 0 0 0 0 0 0 0 0 0 0 0 0 0 0 0 0 0 0 0 0 0 0 0 0
  0 0 0 0 0 0 0 0 0 0 0 0 0 0 0 0 0 0 0 0 0 0 0 0 0 0 0 0 0 0 0 0 0 0 0 0 0 0 0
  0 0 0 0 0 0 0 0 0 0 0 0 0 0 0 0 0 0 0 0 0 0 0 0 0 0 0 0 0 0 0 0 0 0 0 0 0 0 0
  0 0 0 0 0 0 0 0 0 0 0 0 0 0 0 0 0 0 0 0 0 0 0 0 0 0 0 0 0 0 0 0 0 0 0 0 0 0 0
  0 0 0 0 0 0 0 0 0 0 0 0 0 0 0 0 0 0 0 0 0 0 0 0 0 0 0 0 0 0 0 0 0 0 0 0 0 0 0
  0 0 0 0 0 0 0 0 0 0 4 0 0 0 0 0 0 0 0 0 4 4 4 4 4 4 0 0 0 0 0 0 0 0 0 4 0 0 0
  0 0 0 0 0 0 0 0 0 0 0 0 0 0 0 0 0 0 0 0 0 0 0 0 0 0 0 0 0 0 0 0 0 0 0 0 0 0 0
  0 0 0 0 0 0 0 0 0 0 0 0 0 0 0 0 0 0 0 0 0 0 0 0 0 0 0 0 0 0 0 0 0 0 0 0 0 0 0
  0 0 0 0 0 0 0 0 0 0 0 0 0 0 0 0 0 0 0 0 0 0 0 0 0 0 0 0 0 0 0 0 0 0 0 0 0 0 0
  0 0 0 0 0 0 0 0 0 0 0 0 0 0 0 0 0 0 0 0 0 0 0 0 0 0 0 0 0 0 0 0 0 0 0 0 0 0 0
  0 0 0 0 0 0 0 0 0 0 0 0 0 0 0 0 0 0 0 0 0 0 0 0 0 0 0 0 0 0 0 0 0 0 0 0 0 0 0
  0 0 0 0 0 0 0 0 0 0 0 0 0 0 0 0 0 0 0 0 0 0 0 0 0 0 0 0 0 0 0 0 4 0 0 0 0 0 0
  0 0 0 4 4 0 4 0 4 0 0 0 0 0 0 0 0 0 0 0 0 0 0 0 0 0 0 0 0 0 0 0 0 0 0 0 0 0 0
  0 0 0 0 0 0 0 0 0 0 0 0 0 0 0 0 0 0 0 0 0 0 0 0 0 0 0 0 0 0 0 0 0 0 0 0 0 0 0
  0 0 0 0 0 0 0 0 0 0 0 0 0 0 0 0 0 0 0 0 0 0 0 0 0 0 0 0 0 0 0 0 0 0 0 0 0 0 0
  0 0 0 0 0 0 0 0 0 0 0 0 0 0 0 0 0 0 0 0 0 0 0 0 0 0 0 0 0 0 0 0 0 0 0 0 0 0 0
  0 0 0 0 0 0 0 0 0 0 0 0 0 0 0 0 0 0 0 0 0 0 0 0 0 0 0 0 0 0 0 0 0 0 0 0 0 0 0
  0 0 0 0 0 0 0 0 0 0 0 0 0 0 0 0 0 0 0 0 0 0 0 0 0 0 0 0 0 0 0 0 0 0 0 0 0 0 0
  0 0 0 0 0 0 0 0 0 0 0 0 4 4 4 4 4 4 4 4 4 4 4 4 4 4 0 0 0 0 0 4 4 4 4 4 4 0 0
  0 0 0 0 0 0 0 0 0 0 0 0 0 0 0 0 0 0 0 0 0 0 0 0 0 0 0 0 0 0 0 0 0 0 0 0 0 0 0
  0 0 0 0 0 0 0 0 0 0 0 0 0 0 0 0 0 0 0 0 0 0 0 0 0 0 0 0 0 0 0 0 0 0 0 0 0 0 0
  0 0 0 0 0 0 0 0 0 0 0 0 0 0 0 0 0 0 0 0 0 0 0 0 0 0 0 0 0 0 0 0 0 0 0 0 0 0 0
  0 0 0 0 0 0 0 0 0 0 0 0 0 0 0 0 0 0 0 0 0 0 0 0 0 0 0 0 0 0 0 0 0 0 0 0 0 0 0
  0 0 0 0 0 0 0 0 0 0 0 0 0 0 0 0 0 0 0 0 0 0 0 0 0 0 0 0 0 0 0 0 0 0 0 0 0 0 0
  0 0 0 0 0 0 0 0 0 0 0 0 0 0 0 0 0 0 0 0 0 0 0 0 0 0 0 0 0 0 0 0 0 0 0 0 0 0 0
  0 0 0 0 0 0 4 4 0 0 0 0 0 0 0 0 0 0 0 4 4 4 4 4 0 0 0 0 0 0 0 0 0 0 0 0 0 0 0
  0 0 0 0 0 0 0 0 0 0 0 0 0 0 0 0 0 0 0 0 0 0 0 0 0 0 0 0 0 0 0 0 0 0 0 0 0 0 0
  0 0 0 0 0 0 0 0 0 0 0 0 0 0 0 0 0 0 0 0 0 0 0 0 0 0 0 0 0 0 0 0 0 0 0 0 0 0 0
  0 0 0 0 0 0 0 0 0 0 0 0 0 0 0 0 0 0 0 0 0 0 0 0 0 0 0 0 0 0 0 0 0 0 0 0 0 0 0
  0 0 0 0 0 0 0 0 0 0 0 0 0 0 0 0 0 0 0 0 0 0 0 0 0 0 0 0 0 0 0 0 0 0 0 0 0 0 0
  0 0 0 0 0 0 0 0 0 0 0 0 0 0 0 0 0 0 0 0 0 0 0 0 0 0 0 0 0 0 0 0 0 0 0 0 0 0 0
  0 0 0 0 0 0 0 0 0 0 0 0 0 0 0 0 0 0 0 0 0 0 0 0 0 0 0 4 4 4 0 0 0 0 0 0 0 0 0
  0 0 0 0 0 4 4 4 4 4 0 0 0 0 0 0 0 0 0 0 0 0 0 0 0 0 0 0 0 0 0 0 0 0 0 0 0 0 0
  0 0 0 0 0 0 0 0 0 0 0 0 0 0 0 0 0 0 0 0 0 0 0 0 0 0 0 0 0 0 0 0 0 0 0 0 0 0 0
  0 0 0 0 0 0 0 0 0 0 0 0 0 0 0 0 0 0 0 0 0 0 0 0 0 0 0 0 0 0 0 0 0 0 0 0 0 0 0
  0 0 0 0 0 0 0 0 0 0 0 0 0 0 0 0 0 0 0 0 0 0 0 0 0 0 0 0 0 0 0 0 0 0 0 0 0 0 0
  0 0 0 0 0 0 0 0 0 0 0 0 0 0 0 0 0 0 0 0 0 0 0 0 0 0 0 0 0 0 0 0 0 0 0 0 0 0 0
  0 0 0 0 0 0 0 0 0 0 0 0 0 0 0 0 0 0 0 0 0 0 0 0 0 0 0 0 0 0 0 0 0 0 0 0 0 0 0
  0 0 0 0 0 0 0 0 0 4 4 0 0 0 0 0 0 0 0 0 0 0 0 0 0 0 0 0 0 4 58 58 0 0 0 0 0 0
  0 0 0 0 0 0 0 0 0 0 0 0 0 0 0 0 0 0 0 0 0 0 0 0 0 0 0 0 0 0 0 0 0 0 0 0 0 0 0
  0 0 0 0 0 0 0 0 0 0 0 0 0 0 0 0 0 0 0 0 0 0 0 0 0 0 0 0 0 0 0 0 0 0 0 0 0 0 0
  0 0 0 0 0 0 0 0 0 0 0 0 0 0 0 0 0 0 0 0 0 0 0 0 0 0 0 0 0 0 0 0 0 0 0 0 0 0 0
  0 0 0 0 0 0 0 0 0 0 0 0 0 0 0 0 0 0 0 0 0 0 0 0 0 0 0 0 0 0 0 0 0 0 0 0 0 0 0
  0 0 0 0 0 0 0 0 0 0 0 0 0 0 0 0 0 0 0 0 0 0 0 0 0 0 0 0 0 0 0 0 0 0 0 0 0 0 0
  0 0 0 0 0 0 0 0 0 0 0 0 0 0 0 0 0 0 0 0 0 0 0 0 0 0 0 0 0 0 0 4 4 0 0 0 0 0 4
  0 0 0 0 0 0 0 0 0 0 0 0 0 0 4 4 0 0 0 0 0 0 0 0 0 0 0 0 0 0 0 0 0 0 0 0 0 0 0
  0 0 0 0 0 0 0 0 0 0 0 0 0 0 0 0 0 0 0 0 0 0 0 0 0 0 0 0 0 0 0 0 0 0 0 0 0 0 0
  0 0 0 0 0 0 0 0 0 0 0 0 0 0 0 0 0 0 0 0 0 0 0 0 0 0 0 0 0 0 0 0 0 0 0 0 0 0 0
  0 0 0 0 0 0 0 0 0 0 0 0 0 0 0 0 0 0 0 0 0 0 0 0 0 0 0 0 0 0 0 0 0 0 0 0 0 0 0
  0 0 0 0 0 0 0 0 0 0 0 0 0 0 0 0 0 0 0 0 0 0 0 0 0 0 0 0 0 0 0 0 0 0 0 0 0 0 0
  0 0 0 0 0 0 0 0 0 0 0 0 0 0 0 0 0 0 0 0 0 0 0 0 0 0 0 0 0 0 0 0 0 0 0 0 0 0 0
  0 0 0 0 0 0 0 0 0 0 0 0 0 4 4 0 0 0 0 0 4 58 0 0 0 0 0 0 0 0 0 0 0 0 0 0 0 0
  0 0 0 0 0 0 0 0 0 0 0 0 0 0 0 0 0 0 0 0 0 0 0 0 0 0 0 0 0 0 0 0 0 0 0 0 0 0 0
  0 0 0 0 0 0 0 0 0 0 0 0 0 0 0 0 0 0 0 0 0 0 0 0 0 0 0 0 0 0 0 0 0 0 0 0 0 0 0
  0 0 0 0 0 0 0 0 0 0 0 0 0 0 0 0 0 0 0 0 0 0 0 0 0 0 0 0 0 0 0 0 0 0 0 0 0 0 0
  0 0 0 0 0 0 0 0 0 0 0 0 0 0 0 0 0 0 0 0 0 0 0 0 0 0 0 0 0 0 0 0 0 0 0 0 0 0 0
  0 0 0 0 0 0 0 0 0 0 0 0 0 0 0 0 0 0 0 0 0 0 0 0 0 0 0 0 0 0 0 0 0 0 0 0 0 0 0
  0 0 0 0 0 0 0 0 0 0 0 0 0 0 0 0 0 0 0 0 0 0 0 0 0 0 0 0 0 0 0 0 0 0 0 4 0 0 0
  0 0 0 4 4 4) 
#(0 0 0 0 0 0 0 0 0 0 0 0 0 0 0 0 0 0 0 0 0 0 0 0 0 0 0 0 0 0 0 0 0 0 0 0 0 0 0
  0 0 0 0 0 0 0 0 0 0 0 0 0 0 0 0 0 0 0 0 0 0 0 0 0 0 0 0 0 0 0 0 0 0 0 0 0 0 0
  0 0 0 0 0 0 0 0 0 0 0 0 0 0 0 0 0 0 0 0 0 0 0 0 0 0 0 0 0 0 0 0 0 0 0 0 0 0 0
  0 0 0 0 0 0 0 0 0 0 0 0 0 0 0 0 0 0 0 0 0 0 0 0 0 0 0 0 0 0 0 0 0 0 0 0 0 0 0
  0 0 0 0 0 0 0 0 0 0 0 0 0 0 0 0 0 0 0 0 0 0 0 0 0 0 0 0 0 0 0 0 0 0 0 0 0 0 0
  0 0 0 0 0 0 0 0 0 0 0 0 0 0 0 0 0 0 0 0 0 0 0 0 0 0 0 0 0 0 0 0 0 0 0 0 0 0 0
  0 0 0 0 0 0 0 0 0 0 0 0 0 0 0 0 0 0 0 0 0 0 0 0 0 0 0 0 0 0 0 0 0 0 0 0 0 0 0
  0 0 0 0 0 0 0 0 0 0 0 0 0 0 0 0 0 0 0 0 0 0 0 0 0 0 0 0 0 0 0 0 0 0 0 0 0 0 0
  0 0 0 0 0 0 0 0 0 0 0 0 0 0 0 0 0 0 0 0 0 0 0 0 0 0 0 0 0 0 0 0 0 0 0 0 0 0 0
  0 0 0 0 0 0 0 0 0 0 0 0 0 0 0 0 0 0 0 0 0 0 0 0 0 0 0 0 0 0 0 0 0 0 0 0 0 0 0
  0 0 0 0 0 0 0 0 0 0 0 0 0 0 0 0 0 0 0 0 0 0 0 0 0 0 0 0 0 0 0 0 0 0 0 0 0 0 0
  0 0 0 0 0 0 0 0 0 0 0 0 0 0 0 0 0 0 0 0 0 0 0 0 0 0 0 0 0 0 0 0 0 0 0 0 0 0 0
  0 0 0 0 0 0 0 0 0 0 0 0 0 0 0 0 0 0 0 0 0 0 0 0 0 0 0 0 0 0 0 0 0 0 0 0 0 0 0
  0 0 0 0 0 0 0 0 0 0 0 0 0 0 0 0 0 0 0 0 0 0 0 0 0 0 0 0 0 0 0 0 0 0 0 0 0 0 0
  0 0 0 0 0 0 0 0 0 0 0 0 0 0 0 0 0 0 0 0 0 0 0 0 0 0 0 0 0 0 0 0 0 0 0 0 0 0 0
  0 0 0 0 0 0 0 0 0 0 0 0 0 0 0 0 0 0 0 0 0 0 0 0 0 0 0 0 0 0 0 0 0 0 0 0 0 0 0
  0 0 0 0 0 0 0 0 0 0 0 0 0 0 0 0 0 0 0 0 0 0 0 0 0 0 0 0 0 0 0 0 0 0 0 0 0 0 0
  0 0 0 0 0 0 0 0 0 0 0 0 0 0 0 0 0 0 0 0 0 0 0 0 0 0 0 0 0 0 0 0 0 0 0 0 0 0 0
  0 0 0 0 0 0 0 0 0 0 0 0 0 0 0 0 0 0 0 0 0 0 0 0 0 0 0 0 0 0 0 0 0 0 0 0 0 0 0
  0 0 0 0 0 0 0 0 0 0 0 0 0 0 0 0 0 0 0 0 0 0 0 0 0 0 0 0 0 0 0 0 0 0 0 0 0 0 0
  0 0 0 0 0 0 0 0 0 0 0 0 0 0 0 0 0 0 0 0 0 0 0 0 0 0 0 0 0 0 0 0 0 0 0 0 0 0 0
  0 0 0 0 0 0 0 0 0 0 0 0 0 0 0 0 0 0 0 0 0 0 0 0 0 0 0 0 0 0 0 0 0 0 0 0 0 0 0
  0 0 0 0 0 0 0 0 0 0 0 0 0 0 0 0 0 0 0 0 0 0 0 0 0 0 0 0 0 0 0 0 0 0 0 0 0 0 0
  0 0 0 0 0 0 0 0 0 0 0 0 0 0 0 0 0 0 0 0 0 0 0 0 0 0 0 0 0 0 0 0 0 0 0 0 0 0 0
  0 0 0 0 0 0 0 0 0 0 0 0 0 0 0 0 0 0 0 0 0 0 0 0 0 0 0 0 0 0 0 0 0 0 0 0 0 0 0
  0 0 0 0 0 0 0 0 0 0 0 0 0 0 0 0 0 0 0 0 0 0 0 0 0 0 0 0 0 0 0 0 0 0 0 0 0 0 0
  0 0 0 0 0 0 0 0 0 0 0 0 0 0 0 0 0 0 0 0 0 0 0 0 0 0 0 0 0 0 0 0 0 0 0 0 0 0 0
  0 0 0 0 0 0 0 0 0 0 0 0 0 0 0 0 0 0 0 0 0 0 0 0 0 0 0 0 0 0 0 0 0 0 0 0 0 0 0
  0 0 0 0 0 0 0 0 0 0 0 0 0 0 0 0 0 0 0 0 0 0 0 0 0 0 0 0 0 0 0 0 0 0 0 0 0 0 0
  0 0 0 0 0 0 0 0 0 0 0 0 0 0 0 0 0 0 0 0 0 0 0 0 0 0 0 0 0 0 0 0 0 0 0 0 0 0 0
  0 0 0 0 0 0 0 0 0 0 0 0 0 0 0 0 0 0 0 0 0 0 0 0 0 0 0 0 0 0 0 0 0 0 0 0 0 0 0
  0 0 0 0 0 0 0 0 0 0 0 0 0 0 0 0 0 0 0 0 0 0 0 0 0 0 0 0 0 0 0 0 0 0 0 0 0 0 0
  0 0 0 0 0 0 0 0 0 0 0 0 0 0 0 0 0 0 0 0 0 0 0 0 0 0 0 0 0 0 0 0 0 0 0 0 0 0 0
  0 0 0 0 0 0 0 0 0 0 0 0 0 0 0 0 0 0 0 0 0 0 0 0 0 0 0 0 0 0 0 0 0 0 0 0 0 0 0
  0 0 0 0 0 0 0 0 0 0 0 0 0 0 0 0 0 0 0 0 0 0 0 0 0 0 0 0 0 0 0 0 0 0 0 0 0 0 0
  0 0 0 0 0 0 0 0 0 0 0 0 0 0 0 0 0 0 0 0 0 0 0 0 0 0 0 0 0 0 0 0 0 0 0 0 0 0 0
  0 0 0 0 0 0 0 0 0 0 0 0 0 0 0 0 0 0 0 0 0 0 0 0 0 0 0 0 0 0 0 0 0 0 0 0 0 0 0
  0 0 0 0 0 0 0 0 0 0 0 0 0 0 0 0 0 0 0 0 0 0 0 0 0 0 0 0 0 0 0 0 0 0 0 0 0 0 0
  0 0 0 0 0 0 0 0 0 0 0 0 0 0 0 0 0 0 0 0 0 0 0 0 0 0 0 0 0 0 0 0 0 0 0 0 0 0 0
  0 0 0 0 0 0 0 0 0 0 0 0 0 0 0 0 0 0 0 0 0 0 0 0 0 0 0 0 0 0 0 0 0 0 0 0 0 0 0
  0 0 0 0 0 0 0 0 0 0 0 0 0 0 0 0 0 0 0 0 0 0 0 0 0 0 0 0 0 0 0 0 0 0 0 0 0 0 0
  0 0 0 0 0 0 0 0 0 0 0 0 0 0 0 0 0 0 0 0 0 0 0 0 0 0 0 0 0 0 0 0 0 0 0 0 0 0 0
  0 0 0 0 0 0 0 0 0 0 0 0 0 0 0 0 0 0 0 0 0 0 0 0 0 0 0 0 0 0 0 0 0 0 0 0 0 0 0
  0 0 0 0 0 0 0 0 0 0 0 0 0 0 0 0 0 0 0 0 0 0 0 0 0 0 0 0 0 0 0 0 0 0 0 0 0 0 0
  0 0 0 0 0 0 0 0 0 0 0 0 0 0 0 0 0 0 0 0 0 0 0 0 0 0 0 0 0 0 0 0 0 0 0 0 0 0 0
  0 0 0 0 0 0 0 0 0 0 0 0 0 0 0 0 0 0 0 0 0 0 0 0 0 0 0 0 0 0 0 0 0 0 0 0 0 0 0
  0 0 0 0 0 0 0 0 0 0 0 0 0 0 0 0 0 0 0 0 0 0 0 0 0 0 0 0 0 0 0 0 0 0 0 0 0 0 0
  0 0 0 0 0 0 0 0 0 0 0 0 0 0 0 0 0 0 0 0 0 0 0 0 0 0 0 0 0 0 0 0 0 0 0 0 0 0 0
  0 0 0 0 0 0 0 0 0 0 0 0 0 0 0 0 0 0 0 0 0 0 0 0 0 0 0 0 0 0 0 0 0 0 0 0 0 0 0
  0 0 0 0 0 0 0 0 0 0 0 0 0 0 0 0 0 0 0 0 0 0 0 0 0 0 0 0 0 0 0 0 0 0 0 0 0 0 0
  0 0 0 0 0 0 0 0 0 0 0 0 0 0 0 0 0 0 0 0 0 0 0 0 0 0 0 0 0 0 0 0 0 0 0 0 0 0 0
  0 0 0 0 0 0 0 0 0 0 0 0 0 0 0 0 0 0 0 0 0 0 0 0 0 0 0 0 0 0 0 0 0 0 0 0 0 0 0
  0 0 0 0 0 0 0 0 0 0 0 0 0 0 0 0 0 0 0 0 0 0 0 0 0 0 0 0 0 0 0 0 0 0 0 0 0 0 0
  0 0 0 0 0 0 0 0 0 0 0 0 0 0 0 0 0 0 0 0 0 0 0 0 0 0 0 0 0 0 0 0 0 0 0 0 0 0 0
  0 0 0 0 0 0 0 0 0 0 0 0 0 0 0 0 0 0 0 0 0 0 0 0 0 0 0 0 0 0 0 0 0 0 0 0 0 0 0
  0 0 0 0 0 0 0 0 0 0 0 0 0 0 0 0 0 0 0 0 0 0 0 0 0 0 0 0 0 0 0 0 0 0 0 0 0 0 0
  0 0 0 0 0 0 0 0 0 0 0 0 0 0 0 0 0 0 0 0 0 0 0 0 0 0 0 0 0 0 0 0 0 0 0 0 0 0 0
  0 0 0 0 0 0 0 0 0 0 0 0 0 0 0 0 0 0 0 0 0 0 0 0 0 0 0 0 0 0 0 0 0 0 0 0 0 0 0
  0 0 0 0 0 0 0 0 0 0 0 0 0 0 0 0 0 0 0 0 0 0 0 0 0 0 0 0 0 0 0 0 0 0 0 0 0 0 0
  0 0 0 0 0 0 0 0 0 0 0 0 0 0 0 0 0 0 0 0 0 0 0 0 0 0 0 0 0 0 0 0 0 0 0 0 0 0 0
  0 0 0 0 0 0 0 0 0 0 0 0 0 0 0 0 0 0 0 0 0 0 0 0 0 0 0 0 0 0 0 0 0 0 0 0 0 0 0
  0 0 0 0 0 0 0 0 0 0 0 0 0 0 0 0 0 0 0 0 0 0 0 0 0 0 0 0 0 0 0 0 0 0 0 0 0 0 0
  0 0 0 0 0 0 0 0 0 0 0 0 0 0 0 0 0 0 0 0 0 0 0 0 0 0 0 0 0 0 0 0 0 0 0 0 0 0 0
  0 0 0 0 0 0 0 0 0 0 0 0 0 0 0 0 0 0 0 0 0 0 0 0 0 0 0 0 0 0 0 0 0 0 0 0 0 0 0
  0 0 0 0 0 0 0 0 0 0 0 0 0 0 0 0 0 0 0 0 0 0 0 0 0 0 0 0 0 0 0 0 0 0 0 0 0 0 0
  0 0 0 0 0 0 0 0 0 0 0 0 0 0 0 0 0 0 0 0 0 0 0 0 0 0 0 0 0 0 0 0 0 0 0 0 0 0 0
  0 0 0 0 0 0 0 0 0 0 0 0 0 0 0 0 0 0 0 0 0 0 0 0 0 0 0 0 0 0 0 0 0 0 0 0 0 0 0
  0 0 0 0 0 0 0 0 0 0 0 0 0 0 0 0 0 0 0 0 0 0 0 0 0 0 0 0 0 0 0 0 0 0 0 0 0 0 0
  0 0 0 0 0 0 0 0 0 0 0 0 0 0 0 0 0 0 0 0 0 0 0 0 0 0 0 0 0 0 0 0 0 0 0 0 0 0 0
  0 0 0 0 0 0 0 0 0 0 0 0 0 0 0 0 0 0 0 0 0 0 0 0 0 0 0 0 0 0 0 0 0 0 0 0 0 0 0
  0 0 0 0 0 0 0 0 0 0 0 0 0 0 0 0 0 0 0 0 0 0 0 0 0 0 0 0 0 0 0 0 0 0 0 0 0 0 0
  0 0 0 0 0 0 0 0 0 0 0 0 0 0 0 0 0 0 0 0 0 0 0 0 0 0 0 0 0 0 0 0 0 0 0 0 0 0 0
  0 0 0 0 0 0 0 0 0 0 0 0 0 0 0 0 0 0 0 0 0 0 0 0 0 0 0 0 0 0 0 0 0 0 0 0 0 0 0
  0 0 0 0 0 0 0 0 0 0 0 0 0 0 0 0 0 0 0 0 0 0 0 0 0 0 0 0 0 0 0 0 0 0 0 0 0 0 0
  0 0 0 0 0 0 0 0 0 0 0 0 0 0 0 0 0 0 0 0 0 0 0 0 0 0 0 0 0 0 0 0 0 0 0 0 0 0 0
  0 0 0 0 0 0 0 0 0 0 0 0 0 0 0 0 0 0 0 0 0 0 0 0 0 0 0 0 0 0 0 0 0 0 0 0 0 0 0
  0 0 0 0 0 0 0 0 0 0 0 0 0 0 0 0 0 0 0 0 0 0 0 0 0 0 0 0 0 0 0 0 0 0 0 0 0 0 0
  0 0 0 0 0 0 0 0 0 0 0 0 0 0 0 0 0 0 0 0 0 0 0 0 0 0 0 0 0 0 0 0 0 0 0 0 0 0 0
  0 0 0 0 0 0 0 0 0 0 0 0 0 0 0 0 0 0 0 0 0 0 0 0 0 0 0 0 0 0 0 0 0 0 0 0 0 0 0
  0 0 0 0 0 0 0 0 0 0 0 0 0 0 0 0 0 0 0 0 0 0 0 0 0 0 0 0 0 0 0 0 0 0 0 0 0 0 0
  0 0 0 0 0 0 0 0 0 0 0 0 0 0 0 0 0 0 0 0 0 0 0 0 0 0 0 0 0 0 0 0 0 0 0 0 0 0 0
  0 0 0 0 0 0 0 0 0 0 0 0 0 0 0 0 0 0 0 0 0 0 0 0 0 0 0 0 0 0 0 0 0 0 0 0 0 0 0
  0 0 0 0 0 0 0 0 0 0 0 0 0 0 0 0 0 0 0 0 0 0 0 0 0 0 0 0 0 0 0 0 0 0 0 0 0 0 0
  0 0 0 0 0 0 0 0 0 0 0 0 0 0 0 0 0 0 0 0 0 0 0 0 0 0 0 0 0 0 0 0 0 0 0 0 0 0 0
  0 0 0 0 0 0 0 0 0 0 0 0 0 0 0 0 0 0 0 0 0 0 0 0 0 0 0 0 0 0 0 0 0 0 0 0 0 0 0
  0 0 0 0 0 0 0 0 0 0 0 0 0 0 0 0 0 0 0 0 0 0 0 0 0 0 0 0 0 0 0 0 0 0 0 0 0 0 0
  0 0 0 0 0 0 0 0 0 0 0 0 0 0 0 0 0 0 0 0 0 0 0 0 0 0 0 0 0 0 0 0 0 0 0 0 0 0 0
  0 0 0 0 0 0 0 0 0 0 0 0 0 0 0 0 0 0 0 0 0 0 0 0 0 0 0 0 0 0 0 0 0 0 0 0 0 0 0
  0 0 0 0 0 0 0 0 0 0 0 0 0 0 0 0 0 0 0 0 0 0 0 0 0 0 0 0 0 0 0 0 0 0 0 0 0 0 0
  0 0 0 0 0 0 0 0 0 0 0 0 0 0 0 0 0 0 0 0 0 0 0 0 0 0 0 0 0 0 0 0 0 0 0 0 0 0 0
  0 0 0 0 0 0 0 0 0 0 0 0 0 0 0 0 0 0 0 0 0 0 0 0 0 0 0 0 0 0 0 0 0 0 0 0 0 0 0
  0 0 0 0 0 0 0 0 0 0 0 0 0 0 0 0 0 0 0 0 0 0 0 0 0 0 0 0 0 0 0 0 0 0 0 0 0 0 0
  0 0 0 0 0 0 0 0 0 0 0 0 0 0 0 0 0 0 0 0 0 0 0 0 0 0 0 0 0 0 0 0 0 0 0 0 0 0 0
  0 0 0 0 0 0 0 0 0 0 0 0 0 0 0 0 0 0 0 0 0 0 0 0 0 0 0 0 0 0 0 0 0 0 0 0 0 0 0
  0 0 0 0 0 0 0 0 0 0 0 0 0 0 0 0 0 0 0 0 0 0 0 0 0 0 0 0 0 0 0 0 0 0 0 0 0 0 0
  0 0 0 0 0 0 0 0 0 0 0 0 0 0 0 0 0 0 0 0 0 0 0 0 0 0 0 0 0 0 0 0 0 0 0 0 0 0 0
  0 0 0 0 0 0 0 0 0 0 0 0 0 0 0 0 0 0 0 0 0 0 0 0 0 0 0 0 0 0 0 0 0 0 0 0 0 0 0
  0 0 0 0 0 0 0 0 0 0 0 0 0 0 0 0 0 0 0 0 0 0 0 0 0 0 0 0 0 0 0 0 0 0 0 0 0 0 0
  0 0 0 0 0 0 0 0 0 0 0 0 0 0 0 0 0 0 0 0 0 0 0 0 0 0 0 0 0 0 0 0 0 0 0 0 0 0 0
  0 0 0 0 0 0 0 0 0 0 0 0 0 0 0 0 0 0 0 0 0 0 0 0 0 0 0 0 0 0 0 0 0 0 0 0 0 0 0
  0 0 0 0 0 0 0 0 0 0 0 0 0 0 0 0 0 0 0 0 0 0 0 0 0 0 0 0 0 0 0 0 0 0 0 0 0 0 0
  0 0 0 0 0 0 0 0 0 0 0 0 0 0 0 0 0 0 0 0 0 0 0 0 0 0 0 0 0 0 0 0 0 0 0 0 0 0 0
  0 0 0 0 0 0 0 0 0 0 0 0 0 0 0 0 0 0 0 0 0 0 0 0 0 0 0 0 0 0 0 0 0 0 0 0 0 0 0
  0 0 0 0 0 0 0 0 0 0 0 0 0 0 0 0 0 0 0 0 0 0 0 0 0 0 0 0 0 0 0 0 0 0 0 0 0 0 0
  0 0 0 0 0 0 0 0 0 0 0 0 0 0 0 0 0 0 0 0 0 0 0 0 0 0 0 0 0 0 0 0 0 0 0 0 0 0 0
  0) 
#(0 0 0 14 13 14 13 14 13 0 13 14 13 14 13 12 14 15 14 15 14 15 14 15 14 15 14
  15 14 15 14 13 13 14 15 14 15 14 13 14 15 14 15 14 13 14 15 14 14 15 14 15 14
  15 14 15 14 13 14 15 14 15 14 13 13 14 15 14 15 14 15 14 15 14 15 14 13 14 15
  14 14 15 14 15 14 15 14 15 14 13 14 15 14 15 14 13 13 14 15 14 15 14 13 14 15
  14 15 14 13 14 15 14 14 15 14 15 14 15 14 15 14 13 14 15 14 15 14 13 13 14 15
  14 15 14 13 14 15 14 15 14 15 14 15 14 14 15 14 13 14 15 14 15 14 13 14 15 14
  15 14 13 13 14 15 14 15 14 13 14 15 14 15 14 15 14 15 14 14 15 14 13 14 15 14
  15 14 15 14 15 14 15 14 13 13 14 15 14 15 14 13 14 15 14 15 14 15 14 15 14 14
  15 14 13 14 15 14 15 14 13 14 15 14 15 14 13 13 14 15 14 15 14 15 14 15 14 15
  14 15 14 15 14 12 13 14 13 14 13 14 13 14 13 14 13 14 13 14 13 0 0 13 14 13
  14 13 0 0 14 13 14 13 14 13 12 14 15 14 15 14 15 14 15 14 15 14 15 14 15 14
  13 13 14 15 14 15 14 13 14 15 14 15 14 13 14 15 14 14 15 14 15 14 15 14 15 14
  13 14 15 14 15 14 13 13 14 15 14 15 14 15 14 15 14 15 14 13 14 15 14 14 15 14
  15 14 15 14 15 14 13 14 15 14 15 14 13 13 14 15 14 15 14 13 14 15 14 15 14 13
  14 15 14 14 15 14 15 14 15 14 15 14 13 14 15 14 15 14 13 13 14 15 14 15 14 13
  14 15 14 15 14 15 14 15 14 14 15 14 13 14 15 14 15 14 13 14 15 14 15 14 13 13
  14 15 14 15 14 13 14 15 14 15 14 15 14 15 14 14 15 14 13 14 15 14 15 14 15 14
  15 14 15 14 13 13 14 15 14 15 14 13 14 15 14 15 14 15 14 15 14 14 15 14 13 14
  15 14 15 14 13 14 15 14 15 14 13 13 14 15 14 15 14 15 14 15 14 15 14 15 14 15
  14 0 0 14 13 14 13 14 13 14 13 14 13 14 13 14 13 0 14 13 14 13 14 0 0 13 14
  13 14 13 14 13 12 14 15 14 15 14 15 14 15 14 15 14 15 14 15 14 13 13 14 15 14
  15 14 13 14 15 14 15 14 13 14 15 14 14 15 14 15 14 15 14 15 14 13 14 15 14 15
  14 13 13 14 15 14 15 14 15 14 15 14 15 14 13 14 15 14 14 15 14 15 14 15 14 15
  14 13 14 15 14 15 14 13 13 14 15 14 15 14 13 14 15 14 15 14 13 14 15 14 14 15
  14 15 14 15 14 15 14 13 14 15 14 15 14 13 13 14 15 14 15 14 13 14 15 14 15 14
  15 14 15 14 14 15 14 13 14 15 14 15 14 13 14 15 14 15 14 13 13 14 15 14 15 14
  13 14 15 14 15 14 15 14 15 14 14 15 14 13 14 15 14 15 14 15 14 15 14 15 14 13
  13 14 15 14 15 14 13 14 15 14 15 14 15 14 15 14 14 15 14 13 14 15 14 15 14 13
  14 15 14 15 14 13 13 14 15 14 15 14 15 14 15 14 15 14 15 14 15 14 0 0 0 13 14
  13 14 13 14 13 14 13 14 13 14 13 13 14 13 14 13 0 0 14 13 14 13 14 13 14 13
  12 14 15 14 15 14 15 14 15 14 15 14 15 14 15 14 13 13 14 15 14 15 14 13 14 15
  14 15 14 13 14 15 14 14 15 14 15 14 15 14 15 14 13 14 15 14 15 14 13 13 14 15
  14 15 14 15 14 15 14 15 14 13 14 15 14 14 15 14 15 14 15 14 15 14 13 14 15 14
  15 14 13 13 14 15 14 15 14 13 14 15 14 15 14 13 14 15 14 14 15 14 15 14 15 14
  15 14 13 14 15 14 15 14 13 13 14 15 14 15 14 13 14 15 14 15 14 15 14 15 14 14
  15 14 13 14 15 14 15 14 13 14 15 14 15 14 13 13 14 15 14 15 14 13 14 15 14 15
  14 15 14 15 14 14 15 14 13 14 15 14 15 14 15 14 15 14 15 14 13 13 14 15 14 15
  14 13 14 15 14 15 14 15 14 15 14 14 15 14 13 14 15 14 15 14 13 14 15 14 15 14
  13 13 14 15 14 15 14 15 14 15 14 15 14 15 14 15 14 0 0 0 0 0 13 14 13 14 13
  14 13 14 13 14 13 13 14 13 0 0 0 13 14 13 14 13 14 13 14 13 12 14 15 14 15 14
  15 14 15 14 15 14 15 14 15 14 13 13 14 15 14 15 14 13 14 15 14 15 14 13 14 15
  14 14 15 14 15 14 15 14 15 14 13 14 15 14 15 14 13 13 14 15 14 15 14 15 14 15
  14 15 14 13 14 15 14 14 15 14 15 14 15 14 15 14 13 14 15 14 15 14 13 13 14 15
  14 15 14 13 14 15 14 15 14 13 14 15 14 14 15 14 15 14 15 14 15 14 13 14 15 14
  15 14 13 13 14 15 14 15 14 13 14 15 14 15 14 15 14 15 14 14 15 14 13 14 15 14
  15 14 13 14 15 14 15 14 13 13 14 15 14 15 14 13 14 15 14 15 14 15 14 15 14 14
  15 14 13 14 15 14 15 14 15 14 15 14 15 14 13 13 14 15 14 15 14 13 14 15 14 15
  14 15 14 15 14 14 15 14 13 14 15 14 15 14 13 14 15 14 15 14 13 13 14 15 14 15
  14 15 14 15 14 15 14 15 14 15 14 12 13 14 0 0 0 0 0 14 13 14 13 14 13 14 13
  13 14 13 0 0 14 13 14 13 14 13 14 13 14 13 12 14 15 14 15 14 15 14 15 14 15
  14 15 14 15 14 13 13 14 15 14 15 14 13 14 15 14 15 14 13 14 15 14 14 15 14 15
  14 15 14 15 14 13 14 15 14 15 14 13 13 14 15 14 15 14 15 14 15 14 15 14 13 14
  15 14 14 15 14 15 14 15 14 15 14 13 14 15 14 15 14 13 13 14 15 14 15 14 13 14
  15 14 15 14 13 14 15 14 14 15 14 15 14 15 14 15 14 13 14 15 14 15 14 13 13 14
  15 14 15 14 13 14 15 14 15 14 15 14 15 14 14 15 14 13 14 15 14 15 14 13 14 15
  14 15 14 13 13 14 15 14 15 14 13 14 15 14 15 14 15 14 15 14 14 15 14 13 14 15
  14 15 14 15 14 15 14 15 14 13 13 14 15 14 15 14 13 14 15 14 15 14 15 14 15 14
  14 15 14 13 14 15 14 15 14 13 14 15 14 15 14 13 13 14 15 14 15 14 15 14 15 14
  15 14 15 14 15 14 12 13 14 13 14 13 14 0 0 0 0 0 0 13 14 13 13 14 0 0 0 0 0 0
  0 0 0 0 0 0 0 0 14 15 14 15 14 15 14 15 14 15 14 15 14 15 14 13 13 14 15 14
  15 14 13 14 15 14 15 14 13 14 15 14 14 15 14 15 14 15 14 15 14 13 14 15 14 15
  14 13 13 14 15 14 15 14 15 14 15 14 15 14 13 14 15 14 14 15 14 15 14 15 14 15
  14 13 14 15 14 15 14 13 13 14 15 14 15 14 13 14 15 14 15 14 13 14 15 14 14 15
  14 15 14 15 14 15 14 13 14 15 14 15 14 13 13 14 15 14 15 14 13 14 15 14 15 14
  15 14 15 14 14 15 14 13 14 15 14 15 14 13 14 15 14 15 14 13 13 14 15 14 15 14
  13 14 15 14 15 14 15 14 15 14 14 15 14 13 14 15 14 15 14 15 14 15 14 15 14 13
  13 14 15 14 15 14 13 14 15 14 15 14 15 14 15 14 14 15 14 13 14 15 14 15 14 13
  14 15 14 15 14 13 13 14 15 14 15 14 15 14 15 14 15 14 15 14 15 14 12 13 14 13
  14 13 14 13 14 13 14 13 14 0 14 0 13 0 0 14 13 14 13 14 13 14 13 14 0 14 13
  12 14 15 14 15 14 15 14 15 14 15 14 15 14 15 14 13 13 14 15 14 15 14 13 14 15
  14 15 14 13 14 15 14 14 15 14 15 14 15 14 15 14 13 14 15 14 15 14 13 13 14 15
  14 15 14 15 14 15 14 15 14 13 14 15 14 14 15 14 15 14 15 14 15 14 13 14 15 14
  15 14 13 13 14 15 14 15 14 13 14 15 14 15 14 13 14 15 14 14 15 14 15 14 15 14
  15 14 13 14 15 14 15 14 13 13 14 15 14 15 14 13 14 15 14 15 14 15 14 15 14 14
  15 14 13 14 15 14 15 14 13 14 15 14 15 14 13 13 14 15 14 15 14 13 14 15 14 15
  14 15 14 15 14 14 15 14 13 14 15 14 15 14 15 14 15 14 15 14 13 13 14 15 14 15
  14 13 14 15 14 15 14 15 14 15 14 14 15 14 13 14 15 14 15 14 13 14 15 14 15 14
  13 13 14 15 14 15 14 15 14 15 14 15 14 15 14 15 14 12 13 14 0 14 13 14 13 14
  13 14 13 14 0 0 0 0 0 0 14 13 14 13 14 13 14 13 14 0 14 13 12 14 15 14 15 14
  15 14 15 14 15 14 15 14 15 14 13 13 14 15 14 15 14 13 14 15 14 15 14 13 14 15
  14 14 15 14 15 14 15 14 15 14 13 14 15 14 15 14 13 13 14 15 14 15 14 15 14 15
  14 15 14 13 14 15 14 14 15 14 15 14 15 14 15 14 13 14 15 14 15 14 13 13 14 15
  14 15 14 13 14 15 14 15 14 13 14 15 14 14 15 14 15 14 15 14 15 14 13 14 15 14
  15 14 13 13 14 15 14 15 14 13 14 15 14 15 14 15 14 15 14 14 15 14 13 14 15 14
  15 14 13 14 15 14 15 14 13 13 14 15 14 15 14 13 14 15 14 15 14 15 14 15 14 14
  15 14 13 14 15 14 15 14 15 14 15 14 15 14 13 13 14 15 14 15 14 13 14 15 14 15
  14 15 14 15 14 14 15 14 13 14 15 14 15 14 13 14 15 14 15 14 13 13 14 15 14 15
  14 15 14 15 14 15 14 15 14 15 14 12 13 14 0 14 13 14 13 14 13 14 13 14 0 0 13
  0 14 0 14 13 14 13 14 13 14 13 14 13 14 13 12 14 15 14 15 14 15 14 15 14 15
  14 15 14 15 14 13 13 14 15 14 15 14 13 14 15 14 15 14 13 14 15 14 14 15 14 15
  14 15 14 15 14 13 14 15 14 15 14 13 13 14 15 14 15 14 15 14 15 14 15 14 13 14
  15 14 14 15 14 15 14 15 14 15 14 13 14 15 14 15 14 13 13 14 15 14 15 14 13 14
  15 14 15 14 13 14 15 14 14 15 14 15 14 15 14 15 14 13 14 15 14 15 14 13 13 14
  15 14 15 14 13 14 15 14 15 14 15 14 15 14 14 15 14 13 14 15 14 15 14 13 14 15
  14 15 14 13 13 14 15 14 15 14 13 14 15 14 15 14 15 14 15 14 14 15 14 13 14 15
  14 15 14 15 14 15 14 15 14 13 13 14 15 14 15 14 13 14 15 14 15 14 15 14 15 14
  14 15 14 13 14 15 14 15 14 13 14 15 14 15 14 13 13 14 15 14 15 14 15 14 15 14
  15 14 15 14 15 14 0 0 0 0 0 0 0 0 0 0 0 0 0 0 14 13 13 14 13 0 0 0 0 0 0 14
  13 14 13 14 13 12 14 15 14 15 14 15 14 15 14 15 14 15 14 15 14 13 13 14 15 14
  15 14 13 14 15 14 15 14 13 14 15 14 14 15 14 15 14 15 14 15 14 13 14 15 14 15
  14 13 13 14 15 14 15 14 15 14 15 14 15 14 13 14 15 14 14 15 14 15 14 15 14 15
  14 13 14 15 14 15 14 13 13 14 15 14 15 14 13 14 15 14 15 14 13 14 15 14 14 15
  14 15 14 15 14 15 14 13 14 15 14 15 14 13 13 14 15 14 15 14 13 14 15 14 15 14
  15 14 15 14 14 15 14 13 14 15 14 15 14 13 14 15 14 15 14 13 13 14 15 14 15 14
  13 14 15 14 15 14 15 14 15 14 14 15 14 13 14 15 14 15 14 15 14 15 14 15 14 13
  13 14 15 14 15 14 13 14 15 14 15 14 15 14 15 14 14 15 14 13 14 15 14 15 14 13
  14 15 14 15 14 13 13 14 15 14 15 14 15 14 15 14 15 14 15 14 15 14 12 13 14 13
  14 13 14 13 14 13 14 0 0 13 14 13 13 14 13 14 13 14 13 14 0 0 0 0 0 14 13 12
  14 15 14 15 14 15 14 15 14 15 14 15 14 15 14 13 13 14 15 14 15 14 13 14 15 14
  15 14 13 14 15 14 14 15 14 15 14 15 14 15 14 13 14 15 14 15 14 13 13 14 15 14
  15 14 15 14 15 14 15 14 13 14 15 14 14 15 14 15 14 15 14 15 14 13 14 15 14 15
  14 13 13 14 15 14 15 14 13 14 15 14 15 14 13 14 15 14 14 15 14 15 14 15 14 15
  14 13 14 15 14 15 14 13 13 14 15 14 15 14 13 14 15 14 15 14 15 14 15 14 14 15
  14 13 14 15 14 15 14 13 14 15 14 15 14 13 13 14 15 14 15 14 13 14 15 14 15 14
  15 14 15 14 14 15 14 13 14 15 14 15 14 15 14 15 14 15 14 13 13 14 15 14 15 14
  13 14 15 14 15 14 15 14 15 14 14 15 14 13 14 15 14 15 14 13 14 15 14 15 14 13
  13 14 15 14 15 14 15 14 15 14 15 14 15 14 15 14 12 13 14 13 14 13 14 13 14 13
  0 0 0 13 14 13 13 14 13 14 13 14 13 14 13 14 13 0 0 0 0 0 14 15 14 15 14 15
  14 15 14 15 14 15 14 15 14 13 13 14 15 14 15 14 13 14 15 14 15 14 13 14 15 14
  14 15 14 15 14 15 14 15 14 13 14 15 14 15 14 13 13 14 15 14 15 14 15 14 15 14
  15 14 13 14 15 14 14 15 14 15 14 15 14 15 14 13 14 15 14 15 14 13 13 14 15 14
  15 14 13 14 15 14 15 14 13 14 15 14 14 15 14 15 14 15 14 15 14 13 14 15 14 15
  14 13 13 14 15 14 15 14 13 14 15 14 15 14 15 14 15 14 14 15 14 13 14 15 14 15
  14 13 14 15 14 15 14 13 13 14 15 14 15 14 13 14 15 14 15 14 15 14 15 14 14 15
  14 13 14 15 14 15 14 15 14 15 14 15 14 13 13 14 15 14 15 14 13 14 15 14 15 14
  15 14 15 14 14 15 14 13 14 15 14 15 14 13 14 15 14 15 14 13 13 14 15 14 15 14
  15 14 15 14 15 14 15 14 15 14 12 13 14 13 14 13 14 13 14 0 0 13 14 13 14 13
  13 14 13 14 13 14 13 14 13 14 13 14 13 0 0 0 14 15 14 15 14 15 14 15 14 15 14
  15 14 15 14 13 13 14 15 14 15 14 13 14 15 14 15 14 13 14 15 14 14 15 14 15 14
  15 14 15 14 13 14 15 14 15 14 13 13 14 15 14 15 14 15 14 15 14 15 14 13 14 15
  14 14 15 14 15 14 15 14 15 14 13 14 15 14 15 14 13 13 14 15 14 15 14 13 14 15
  14 15 14 13 14 15 14 14 15 14 15 14 15 14 15 14 13 14 15 14 15 14 13 13 14 15
  14 15 14 13 14 15 14 15 14 15 14 15 14 14 15 14 13 14 15 14 15 14 13 14 15 14
  15 14 13 13 14 15 14 15 14 13 14 15 14 15 14 15 14 15 14 14 15 14 13 14 15 14
  15 14 15 14 15 14 15 14 13 13 14 15 14 15 14 13 14 15 14 15 14 15 14 15 14 14
  15 14 13 14 15 14 15 14 13 14 15 14 15 14 13 13 14 15 14 15 14 15 14 15 14 15
  14 15 14 15 14 12 13 14 13 14 13 14 13 0 0 14 13 14 13 14 0 13 14 13 14 13 14
  13 14 13 14 13 14 13 14 0 0 14 15 14 15 14 15 14 15 14 15 14 15 14 15 14 13
  13 14 15 14 15 14 13 14 15 14 15 14 13 14 15 14 14 15 14 15 14 15 14 15 14 13
  14 15 14 15 14 13 13 14 15 14 15 14 15 14 15 14 15 14 13 14 15 14 14 15 14 15
  14 15 14 15 14 13 14 15 14 15 14 13 13 14 15 14 15 14 13 14 15 14 15 14 13 14
  15 14 14 15 14 15 14 15 14 15 14 13 14 15 14 15 14 13 13 14 15 14 15 14 13 14
  15 14 15 14 15 14 15 14 14 15 14 13 14 15 14 15 14 13 14 15 14 15 14 13 13 14
  15 14 15 14 13 14 15 14 15 14 15 14 15 14 14 15 14 13 14 15 14 15 14 15 14 15
  14 15 14 13 13 14 15 14 15 14 13 14 15 14 15 14 15 14 15 14 14 15 14 13 14 15
  14 15 14 13 14 15 14 15 14 13 13 14 15 14 15 14 15 14 15 14 15 14 15 14 15 14
  12 13 14 13 14 13 14 0 0 13 14 13 14 13 0 0 13 14 13 14 13 14 13 14 13 14 13
  14 13 14 13 13 14 15 14 15 14 15 14 15 14 15 14 15 14 15 14 13 13 14 15 14 15
  14 13 14 15 14 15 14 13 14 15 14 14 15 14 15 14 15 14 15 14 13 14 15 14 15 14
  13 13 14 15 14 15 14 15 14 15 14 15 14 13 14 15 14 14 15 14 15 14 15 14 15 14
  13 14 15 14 15 14 13 13 14 15 14 15 14 13 14 15 14 15 14 13 14 15 14 14 15 14
  15 14 15 14 15 14 13 14 15 14 15 14 13 13 14 15 14 15 14 13 14 15 14 15 14 15
  14 15 14 14 15 14 13 14 15 14 15 14 13 14 15 14 15 14 13 13 14 15 14 15 14 13
  14 15 14 15 14 15 14 15 14 14 15 14 13 14 15 14 15 14 15 14 15 14 15 14 13 13
  14 15 14 15 14 13 14 15 14 15 14 15 14 15 14 14 15 14 13 14 15 14 15 14 13 14
  15 14 15 14 13 13 14 15 14 15 14 15 14 15 14 15 14 15 14 15 14 13 13 14 13 14
  13 0 13 14 13 14 13 14 0 0 0) 