
#(58 58 58 58 0 0 0 0 0 0 0 0 0 0 0 49 0 0 58 49 0 0 0 0 0 0 0 0 0 0 0 58 0 49
  0 0 0 0 0 0 0 0 0 0 0 0 0 58 49 0 0 0 0 0 0 0 0 0 0 0 0 0 0 58 0 0 0 0 0 0 0
  0 0 0 0 0 0 0 0 58 0 0 0 0 0 0 0 0 0 0 0 0 0 0 0 58 0 0 0 0 0 0 0 0 0 0 0 0 0
  0 49 0 0 0 0 0 0 0 0 0 0 0 0 0 0 0 58 0 0 0 0 0 0 0 0 0 0 0 0 0 0 0 58 0 0 0
  0 0 0 0 0 0 0 0 0 0 0 0 49 0 0 0 0 0 0 0 0 0 0 0 0 0 0 0 0 0 0 0 0 0 0 0 0 0
  0 0 0 0 0 0 0 0 0 0 0 0 0 0 0 0 0 0 0 0 0 0 0 0 0 0 0 0 0 0 0 0 0 0 0 49 58 0
  0 0 0 0 0 0 0 0 0 0 0 0 49 0 58 0 0 0 0 0 0 0 0 0 0 0 0 49 0 0 58 0 0 0 0 0 0
  0 0 0 0 0 0 0 0 0 0 49 58 0 0 0 0 0 0 0 0 0 0 0 0 0 0 58 0 0 0 0 0 0 0 0 0 0
  0 0 0 0 0 58 0 0 0 0 0 0 0 0 0 0 0 0 0 0 0 58 0 0 0 0 0 0 0 0 0 0 0 0 0 0 0
  58 0 0 0 0 0 0 0 0 0 0 0 0 0 0 0 58 0 0 0 0 0 0 0 0 0 0 0 0 0 0 49 0 0 0 0 0
  0 0 0 0 0 0 0 0 0 0 58 1 58 0 0 0 0 0 0 0 0 0 0 0 49 58 0 0 58 58 0 0 0 0 0 0
  0 0 49 58 0 0 0 0 0 1 0 0 0 0 0 0 0 49 0 0 0 0 0 0 0 0 0 0 0 0 0 0 49 0 0 0 0
  0 0 0 0 0 0 0 0 0 0 0 58 0 0 0 0 0 0 58 58 0 0 0 0 0 0 49 0 0 0 0 0 0 0 0 0 0
  0 0 0 0 0 58 0 0 0 0 0 0 0 0 0 0 0 0 0 0 49 0 0 0 0 0 0 0 0 0 0 0 0 0 0 0 0 0
  0 0 0 0 0 0 49 0 0 0 0 0 0 0 0 0 0 0 0 0 0 0 58 0 0 0 0 0 0 0 0 0 0 0 0 0 0 0
  58 0 0 0 0 0 0 0 0 0 0 0 0 0 0 0 58 0 0 0 0 0 0 0 0 0 0 49 58 58 58 58 0 0 0
  0 0 0 0 0 0 0 49 0 0 0 0 0 0 0 0 0 0 0 0 0 0 49 0 0 0 0 0 0 0 0 0 0 0 0 0 49
  58 0 0 0 0 0 0 0 0 1 1 0 0 0 0 58 0 0 0 0 0 0 0 0 0 0 1 58 0 0 49 0 0 0 0 0 0
  0 0 0 0 0 0 1 0 49 0 0 0 0 0 0 0 0 0 0 0 0 0 0 0 58 0 0 0 0 0 0 0 0 0 0 0 0 0
  0 49 0 0 0 0 0 0 0 0 0 0 0 0 0 0 0 58 0 0 0 0 0 0 0 0 0 0 0 0 0 0 0 58 0 0 0
  0 0 0 0 0 0 0 0 0 0 0 0 0 0 0 0 0 0 0 0 0 0 0 0 0 0 0 0 0 0 0 0 0 49 49 0 0 0
  0 0 0 0 0 0 0 0 0 49 58 0 58 0 0 0 0 0 0 0 0 0 0 0 49 0 0 0 58 0 0 0 0 0 0 0
  0 0 0 49 0 0 0 0 58 0 0 0 0 0 0 0 0 0 49 0 0 0 0 0 0 0 0 0 0 0 0 0 0 0 0 0 0
  0 0 0 0 0 0 0 0 0 0 0 0 0 0 0 0 0 0 0 0 0 0 0 0 0 0 0 0 0 0 0 0 1 0 0 0 0 0 0
  0 0 0 0 0 0 0 0 0 0 0 0 0 0 0 0 0 0 0 0 0 0 0 0 0 0 0 0 0 0 0 0 0 0 0 0 0 0 0
  1 0 0 0 0 0 0 0 0 0 0 0 0 0 0 0 0 0 0 0 0 0 0 0 0 0 0 0 0 0 0 0 0 0 0 0 0 0 0
  0 0 0 0 0 0 0 0 0 0 0 0 0 0 0 0 0 0 0 0 0 0 0 0 0 0 0 0 0 0 0 0 0 0 0 0 0 0 0
  0 1 0 0 0 0 0 0 0 0 0 0 0 0 0 0 0 58 58 58 58 58 0 0 49 0 49 49 58 0 0 0 0 0
  0 0 0 0 0 0 58 0 58 58 58 0 0 0 0 0 0 0 0 0 0 0 0 58 0 0 0 0 0 0 0 0 0 0 0 0
  0 0 0 0 0 0 0 0 0 0 0 0 0 0 0 0 0 0 0 0 0 0 0 0 0 0 0 0 0 0 0 0 0 0 0 0 0 0 0
  0 0 0 0 0 0 0 0 0 0 0 0 0 0 0 0 0 0 0 0 0 0 0 0 0 0 0 0 0 0 0 0 0 0 0 0 0 0 0
  0 0 0 0 0 0 0 0 0 0 0 0 0 0 0 0 0 0 0 0 0 0 0 0 0 0 0 0 0 0 0 0 0 0 0 0 0 0 0
  0 0 0 0 0 0 0 0 0 0 0 0 0 0 0 0 0 0 0 0 0 0 0 0 0 0 0 0 0 0 0 0 0 0 0 0 0 0 0
  0 0 0 0 0 0 0 0 0 0 0 0 0 0 0 0 0 0 0 0 0 0 0 0 0 0 0 0 0 0 0 1 0 0 0 0 0 0 0
  0 0 0 0 0 0 0 0 0 0 0 0 0 0 0 49 0 49 0 0 58 0 0 0 0 0 0 0 0 0 0 58 0 58 0 0
  0 0 0 0 0 0 0 0 0 0 0 0 0 0 0 0 0 0 0 0 0 0 0 0 0 0 0 0 0 0 0 0 0 0 0 0 0 0 0
  0 0 0 0 0 0 0 0 0 0 0 0 0 0 0 0 0 0 0 0 0 0 0 0 0 0 0 0 0 0 0 0 0 0 0 0 0 0 0
  0 0 0 0 0 0 0 0 0 0 0 0 0 0 0 0 0 0 0 0 0 0 0 0 0 0 0 0 0 0 0 0 0 0 0 0 0 0 0
  0 0 0 0 0 0 0 0 0 0 0 0 0 0 0 0 0 0 0 0 0 0 0 0 0 0 0 0 0 0 0 0 0 0 0 0 0 0 0
  0 0 0 0 0 0 0 0 0 0 0 0 0 0 0 0 0 0 0 0 0 0 0 0 0 0 0 0 0 0 0 0 0 0 0 0 0 0 0
  0 0 0 0 0 0 0 0 0 0 0 0 0 0 0 0 0 0 0 0 0 58 58 0 0 0 0 0 0 0 0 0 0 0 0 0 0 0
  0 58 0 0 49 0 0 58 0 0 0 0 0 0 0 0 0 0 0 0 58 0 0 0 0 0 0 0 0 0 0 0 0 0 0 0 0
  0 0 0 0 0 0 0 0 0 0 0 0 0 0 0 0 0 0 0 0 0 0 0 0 0 0 0 0 0 0 0 0 0 0 0 0 0 0 0
  0 0 0 0 0 0 0 0 0 0 0 0 0 0 0 0 0 0 0 0 0 0 0 0 0 0 0 0 0 0 0 0 0 0 0 0 0 0 0
  0 0 0 0 0 0 0 0 0 0 0 0 0 0 0 0 0 0 0 0 0 0 0 0 0 0 0 0 0 0 0 0 0 0 0 0 0 0 0
  0 0 0 0 0 0 0 0 0 0 0 0 0 0 0 0 0 0 0 0 0 0 0 0 0 0 0 0 0 0 0 0 0 0 0 0 0 0 0
  0 0 0 0 0 0 0 0 0 0 0 0 0 0 0 0 0 0 0 0 0 0 0 0 0 0 0 0 0 0 0 0 0 0 0 0 0 0 0
  0 0 0 0 0 0 58 0 0 58 58 58 0 0 0 0 0 0 0 0 0 0 0 0 0 58 0 0 49 0 0 58 0 0 0
  0 0 0 0 0 0 0 0 0 58 0 0 0 0 0 0 0 0 0 0 0 0 0 0 0 0 0 0 0 0 0 0 0 0 0 0 0 0
  0 0 0 0 0 0 0 0 0 0 0 0 0 0 0 0 0 0 0 0 0 0 0 0 0 0 0 0 0 0 0 0 0 0 0 0 0 0 0
  0 0 0 0 0 0 0 0 0 0 0 0 0 0 0 0 0 0 0 0 0 0 0 0 0 0 0 0 0 0 0 0 0 0 0 0 0 0 0
  0 0 0 0 0 0 0 0 0 0 0 0 0 0 0 0 0 0 0 0 0 0 0 0 0 0 0 0 0 0 0 0 0 0 0 0 0 0 0
  0 0 0 0 0 0 0 0 0 0 0 0 0 0 0 0 0 0 0 0 0 0 0 0 0 0 0 0 0 0 0 0 0 0 0 0 0 0 0
  0 0 1 1 0 0 0 0 0 0 0 0 0 0 0 0 0 0 58 58 0 0 0 0 0 0 0 0 0 0 0 0 0 58 0 0 49
  0 0 58 0 0 0 0 0 0 0 0 0 0 0 0 58 0 0 49 0 0 58 0 0 0 0 0 0 0 0 0 0 0 0 0 58
  58 0 0 0 0 0 0 0 0 0 0 0 0 0 0 1 1 0 0 0 0 0 0 0 0 0 0 0 0 0 0 0 0 0 0 0 0 0
  0 0 0 0 0 0 0 0 0 0 0 0 0 0 0 0 0 0 0 0 0 0 0 0 0 0 0 0 0 0 0 0 0 0 0 0 0 0 0
  0 0 0 0 0 0 0 0 0 0 0 0 0 0 0 0 0 0 0 0 0 0 0 0 0 0 0 0 0 0 0 0 0 0 0 0 0 0 0
  0 0 0 0 0 0 0 0 0 0 0 0 0 0 0 0 0 0 0 0 0 0 0 0 0 0 0 0 0 0 0 0 0 0 0 0 0 0 0
  0 0 0 0 0 0 0 0 0 0 0 0 0 0 0 0 0 0 0 0 0 0 0 0 0 0 0 0 0 0 0 0 0 0 0 0 0 0 0
  0 0 0 0 0 0 0 0 0 58 0 0 0 0 0 0 0 0 0 0 0 0 58 0 0 49 0 0 58 0 0 0 0 0 0 0 0
  0 0 0 0 0 58 58 58 0 0 58 0 0 0 0 0 0 0 0 0 0 0 0 0 0 0 0 0 0 0 0 0 0 0 0 0 0
  0 0 0 0 0 0 0 0 0 0 0 0 0 0 0 0 0 0 0 0 0 0 0 0 0 0 0 0 0 0 0 0 0 0 0 0 0 0 0
  0 0 0 0 0 0 0 0 0 0 0 0 0 0 0 0 0 0 0 0 0 0 0 0 0 0 0 0 0 0 0 0 0 0 0 0 0 0 0
  0 0 0 0 0 0 0 0 0 0 0 0 0 0 0 0 0 0 0 0 0 0 0 0 0 0 0 0 0 0 0 0 0 0 0 0 0 0 0
  0 0 0 0 0 0 0 0 0 0 0 0 0 0 0 0 0 0 0 0 0 0 0 0 0 0 0 0 0 0 0 0 0 0 0 0 0 0 0
  0 0 0 0 0 0 0 0 0 0 0 0 0 0 0 0 0 0 0 0 0 0 0 0 0 0 0 0 0 0 0 0 0 0 0 58 0 0
  0 0 0 0 0 0 0 0 0 0 58 0 0 49 0 0 58 0 0 0 0 0 0 0 0 0 0 0 0 0 0 0 0 58 58 0
  0 0 0 0 0 0 0 0 0 0 0 0 0 0 0 0 0 0 0 0 0 0 0 0 0 0 0 0 0 0 0 0 0 0 0 0 0 0 0
  0 0 0 0 0 0 0 0 0 0 0 0 0 0 0 0 0 0 0 0 0 0 0 0 0 0 0 0 0 0 0 0 0 0 0 0 0 0 0
  0 0 0 0 0 0 0 0 0 0 0 0 0 0 0 0 0 0 0 0 0 0 0 0 0 0 0 0 0 0 0 0 0 0 0 0 0 0 0
  0 0 0 0 0 0 0 0 0 0 0 0 0 0 0 0 0 0 0 0 0 0 0 0 0 0 0 0 0 0 0 0 0 0 0 0 0 0 0
  0 0 0 0 0 0 0 0 0 0 0 0 0 0 0 0 0 0 0 0 0 0 0 0 0 0 0 0 0 0 0 0 0 0 0 0 0 0 0
  0 0 0 0 0 0 0 0 0 0 0 0 0 0 0 0 0 0 0 0 0 0 58 0 58 0 0 0 0 0 0 0 0 0 0 58 0
  0 49 0 49 0 0 0 0 0 0 0 0 0 0 0 0 0 0 0 0 0 0 0 0 0 0 1 0 0 0 0 0 0 0 0 0 0 0
  0 0 0 0 0 0 0 0 0 0 0 0 0 0 0 0 0 0 0 0 0 0 0 0 0 0 0 0 0 0 0 0 0 0 0 0 0 0 0
  0 0 0 0 0 0 0 0 0 0 0 0 0 0 0 0 0 0 0 0 0 0 0 0 0 0 0 0 0 0 0 0 0 0 0 0 0 0 0
  0 0 0 0 0 0 0 0 0 0 0 0 0 0 0 0 0 0 0 0 0 0 0 0 0 0 0 0 0 0 0 0 0 0 0 0 0 0 0
  0 0 0 0 0 0 0 0 0 0 0 0 0 0 0 0 0 0 0 0 0 0 0 0 0 0 0 0 0 0 0 0 0 0 0 0 0 0 0
  0 0 0 0 0 0 0 0 0 0 0 0 0 0 0 0 0 0 0 0 0 0 0 0 0 0 0 0 0 0 0 0 58 0 0 0 0 0
  0 0 0 0 0 0 0 58 58 58 0 58 0 0 0 0 0 0 0 0 0 0 0 58 49 49 0 49 0 0 58 58 58
  58 58 0 0 0 0 0 0 0 0 0 0 0 0 0 0 0 1 0 0 0 0 0 0 0 0 0 0 0 0 0 0 0 0 0 0 0 0
  0 0 0 0 0 0 0 0 0 0 0 0 0 0 0 0 0 0 0 0 0 0 0 0 0 0 0 0 0 0 0 0 0 0 0 0 0 0 0
  0 0 0 0 0 0 0 0 0 0 0 0 0 0 0 0 0 0 0 1 0 0 0 0 0 0 0 0 0 0 0 0 0 0 0 0 0 0 0
  0 0 0 0 0 0 0 0 0 0 0 0 0 0 0 0 0 0 0 0 0 0 0 0 0 0 1 0 0 0 0 0 0 0 0 0 0 0 0
  0 0 0 0 0 0 0 0 0 0 0 0 0 0 0 0 0 0 0 0 0 0 0 0 0 0 0 0 0 0 0 0 0 0 0 0 0 0
  49 0 0 0 0 0 0 0 0 0 58 0 0 0 0 49 0 0 0 0 0 0 0 0 0 0 58 0 0 0 49 0 0 0 0 0
  0 0 0 0 0 0 58 0 58 49 0 0 0 0 0 0 0 0 0 0 0 0 49 49 0 0 0 0 0 0 0 0 0 0 0 0
  0 0 0 0 0 0 0 0 0 0 0 0 0 0 0 0 0 0 0 0 0 0 0 0 58 0 0 0 0 0 0 0 0 0 0 0 0 0
  0 0 58 0 0 0 0 0 0 0 0 0 0 0 0 0 0 0 49 0 0 0 0 0 0 0 0 0 0 0 0 0 0 58 0 0 0
  0 0 0 0 0 0 0 0 0 0 0 0 49 0 1 0 0 0 0 0 0 0 0 0 0 0 0 49 0 0 58 1 0 0 0 0 0
  0 0 0 0 0 58 0 0 0 0 1 1 0 0 0 0 0 0 0 0 58 49 0 0 0 0 0 0 0 0 0 0 0 0 0 49 0
  0 0 0 0 0 0 0 0 0 0 0 0 0 49 0 0 0 0 0 0 0 0 0 0 58 58 58 58 49 0 0 0 0 0 0 0
  0 0 0 58 0 0 0 0 0 0 0 0 0 0 0 0 0 0 0 58 0 0 0 0 0 0 0 0 0 0 0 0 0 0 0 58 0
  0 0 0 0 0 0 0 0 0 0 0 0 0 0 49 0 0 0 0 0 0 0 0 0 0 0 0 0 0 0 0 0 0 0 0 0 0 0
  49 0 0 0 0 0 0 0 0 0 0 0 0 0 0 58 0 0 0 0 0 0 0 0 0 0 0 0 0 0 0 49 0 0 0 0 0
  0 58 58 0 0 0 0 0 0 58 0 0 0 0 0 0 0 0 0 0 0 0 0 0 0 49 0 0 0 0 0 0 0 0 0 0 0
  0 0 0 49 0 0 0 0 0 0 0 1 0 0 0 0 0 58 49 0 0 0 0 0 0 0 0 1 58 0 0 58 49 0 0 0
  0 0 0 0 0 0 0 0 58 1 58 0 0 0 0 0 0 0 0 0 0 0 0 0 0 0 49 0 0 0 0 0 0 0 0 0 0
  0 0 0 0 58 0 0 0 0 0 0 0 0 0 0 0 0 0 0 0 58 0 0 0 0 0 0 0 0 0 0 0 0 0 0 0 58
  0 0 0 0 0 0 0 0 0 0 0 0 0 0 0 58 0 0 0 0 0 0 0 0 0 0 0 0 0 0 0 58 0 0 0 0 0 0
  0 0 0 0 0 0 0 0 58 49 0 0 0 0 0 0 0 0 0 0 0 0 0 0 0 0 58 0 0 49 0 0 0 0 0 0 0
  0 0 0 0 0 58 0 49 0 0 0 0 0 0 0 0 0 0 0 0 0 58 49 0 0 0 0 0 0 0 0 0 0 0 0 0 0
  0 0 0 0 0 0 0 0 0 0 0 0 0 0 0 0 0 0 0 0 0 0 0 0 0 0 0 0 0 0 0 0 0 0 0 0 0 0 0
  0 0 0 0 0 0 0 49 0 0 0 0 0 0 0 0 0 0 0 0 0 0 0 58 0 0 0 0 0 0 0 0 0 0 0 0 0 0
  0 58 0 0 0 0 0 0 0 0 0 0 0 0 0 0 0 49 0 0 0 0 0 0 0 0 0 0 0 0 0 0 58 0 0 0 0
  0 0 0 0 0 0 0 0 0 0 0 58 0 0 0 0 0 0 0 0 0 0 0 0 0 0 0 58 0 0 0 0 0 0 0 0 0 0
  0 0 0 0 49 58 0 0 0 0 0 0 0 0 0 0 0 0 0 49 0 58 0 0 0 0 0 0 0 0 0 0 0 49 58 0
  0 49 0 0 0 0 0 0 0 0 0 0 0 58 58 58 58) 
#(0 0 0 0 0 0 0 0 0 0 0 0 0 0 0 0 0 0 0 0 0 0 0 0 0 0 0 0 0 0 0 0 0 0 0 0 0 0 0
  0 0 0 0 0 0 0 0 0 0 0 0 0 0 0 0 0 0 0 0 0 0 0 0 0 0 0 0 0 0 0 0 0 0 0 0 0 0 0
  0 0 0 0 0 0 0 0 0 0 0 0 0 0 0 0 0 0 0 0 0 0 0 0 0 0 0 0 0 0 0 0 0 0 0 0 0 0 0
  0 0 0 0 0 0 0 0 0 0 0 0 0 0 0 0 0 0 0 0 0 0 0 0 0 0 0 0 0 0 0 0 0 0 0 0 0 0 0
  0 0 0 0 0 0 0 0 0 0 0 0 0 0 0 0 0 0 0 0 0 0 0 0 0 0 0 0 0 0 0 0 0 0 0 0 0 0 0
  0 0 0 0 0 0 0 0 0 0 0 0 0 0 0 0 0 0 0 0 0 0 0 0 0 0 0 0 0 0 0 0 0 0 0 0 0 0 0
  0 0 0 0 0 0 0 0 0 0 0 0 0 0 0 0 0 0 0 0 0 0 0 0 0 0 0 0 0 0 0 0 0 0 0 0 0 0 0
  0 0 0 0 0 0 0 0 0 0 0 0 0 0 0 0 0 0 0 0 0 0 0 0 0 0 0 0 0 0 0 0 0 0 0 0 0 0 0
  0 0 0 0 0 0 0 0 0 0 0 0 0 0 0 0 0 0 0 0 0 0 0 0 0 0 0 0 0 0 0 0 0 0 0 0 0 0 0
  0 0 0 0 0 0 0 0 0 0 0 0 0 0 0 0 0 0 0 0 0 0 0 0 0 0 0 0 0 0 0 0 0 0 0 0 0 0 0
  0 0 0 0 0 0 0 0 0 0 0 0 0 0 0 0 0 0 0 0 0 0 0 0 0 0 0 0 0 0 0 0 0 0 0 0 0 0 0
  0 0 0 0 0 0 0 0 0 0 0 0 0 0 0 0 0 0 0 0 0 0 0 0 0 0 0 0 0 0 0 0 0 0 0 0 0 0 0
  0 0 0 0 0 0 0 0 0 0 0 0 0 0 0 0 0 0 0 0 0 0 0 0 0 0 0 0 0 0 0 0 0 0 0 0 0 0 0
  0 0 0 0 0 0 0 0 0 0 0 0 0 0 0 0 0 0 0 0 0 0 0 0 0 0 0 0 0 0 0 0 0 0 0 0 0 0 0
  0 0 0 0 0 0 0 0 0 0 0 0 0 0 0 0 0 0 0 0 0 0 0 0 0 0 0 0 0 0 0 0 0 0 0 0 0 0 0
  0 0 0 0 0 0 0 0 0 0 0 0 0 0 0 0 0 0 0 0 0 0 0 0 0 0 0 0 0 0 0 0 0 0 0 0 0 0 0
  0 0 0 0 0 0 0 0 0 0 0 0 0 0 0 0 0 0 0 0 0 0 0 0 0 0 0 0 0 0 0 0 0 0 0 0 0 0 0
  0 0 0 0 0 0 0 0 0 0 0 0 0 0 0 0 0 0 0 0 0 0 0 0 0 0 0 0 0 0 0 0 0 0 0 0 0 0 0
  0 0 0 0 0 0 0 0 0 0 0 0 0 0 0 0 0 0 0 0 0 0 0 0 0 0 0 0 0 0 0 0 0 0 0 0 0 0 0
  0 0 0 0 0 0 0 0 0 0 0 0 0 0 0 0 0 0 0 0 0 0 0 0 0 0 0 0 0 0 0 0 0 0 0 0 0 0 0
  0 0 0 0 0 0 0 0 0 0 0 0 0 0 0 0 0 0 0 0 0 0 0 0 0 0 0 0 0 0 0 0 0 0 0 0 0 0 0
  0 0 0 0 0 0 0 0 0 0 0 0 0 0 0 0 0 0 0 0 0 0 0 0 0 0 0 0 0 0 0 0 0 0 0 0 0 0 0
  0 0 0 0 0 0 0 0 0 0 0 0 0 0 0 0 0 0 0 0 0 0 0 0 0 0 0 0 0 0 0 0 0 0 0 0 0 0 0
  0 0 0 0 0 0 0 0 0 0 0 0 0 0 0 0 0 0 0 0 0 0 0 0 0 0 0 0 0 0 0 0 0 0 0 0 0 0 0
  0 0 0 0 0 0 0 0 0 0 0 0 0 0 0 0 0 0 0 0 0 0 0 0 0 0 0 0 0 0 0 0 0 0 0 0 0 0 0
  0 0 0 0 0 0 0 0 0 0 0 0 0 0 0 0 0 0 0 0 0 0 0 0 0 0 0 0 0 0 0 0 0 0 0 0 0 0 0
  0 0 0 0 0 0 0 0 0 0 0 0 0 0 0 0 0 0 0 0 0 0 0 0 0 0 0 0 0 0 0 0 0 0 0 0 0 0 0
  0 0 0 0 0 0 0 0 0 0 0 0 0 0 0 0 0 0 0 0 0 0 0 0 0 0 0 0 0 0 0 0 0 0 0 0 0 0 0
  0 0 0 0 0 0 0 0 0 0 0 0 0 0 0 0 0 0 0 0 0 0 0 0 0 0 0 0 0 0 0 0 0 0 0 0 0 0 0
  0 0 0 0 0 0 0 0 0 0 0 0 0 0 0 0 0 0 0 0 0 0 0 0 0 0 0 0 0 0 0 0 0 0 0 0 0 0 0
  0 0 0 0 0 0 0 0 0 0 0 0 0 0 0 0 0 0 0 0 0 0 0 0 0 0 0 0 0 0 0 0 0 0 0 0 0 0 0
  0 0 0 0 0 0 0 0 0 0 0 0 0 0 0 0 0 0 0 0 0 0 0 0 0 0 0 0 0 0 0 0 0 0 0 0 0 0 0
  0 0 0 0 0 0 0 0 0 0 0 0 0 0 0 0 0 0 0 0 0 0 0 0 0 0 0 0 0 0 0 0 0 0 0 0 0 0 0
  0 0 0 0 0 0 0 0 0 0 0 0 0 0 0 0 0 0 0 0 0 0 0 0 0 0 0 0 0 0 0 0 0 0 0 0 0 0 0
  0 0 0 0 0 0 0 0 0 0 0 0 0 0 0 0 0 0 0 0 0 0 0 0 0 0 0 0 0 0 0 0 0 0 0 0 0 0 0
  0 0 0 0 0 0 0 0 0 0 0 0 0 0 0 0 0 0 0 0 0 0 0 0 0 0 0 0 0 0 0 0 0 0 0 0 0 0 0
  0 0 0 0 0 0 0 0 0 0 0 0 0 0 0 0 0 0 0 0 0 0 0 0 0 0 0 0 0 0 0 0 0 0 0 0 0 0 0
  0 0 0 0 0 0 0 0 0 0 0 0 0 0 0 0 0 0 0 0 0 0 0 0 0 0 0 0 0 0 0 0 0 0 0 0 0 0 0
  0 0 0 0 0 0 0 0 0 0 0 0 0 0 0 0 0 0 0 0 0 0 0 0 0 0 0 0 0 0 0 0 0 0 0 0 0 0 0
  0 0 0 0 0 0 0 0 0 0 0 0 0 0 0 0 0 0 0 0 0 0 0 0 0 0 0 0 0 0 0 0 0 0 0 0 0 0 0
  0 0 0 0 0 0 0 0 0 0 0 0 0 0 0 0 0 0 0 0 0 0 0 0 0 0 0 0 0 0 0 0 0 0 0 0 0 0 0
  0 0 0 0 0 0 0 0 0 0 0 0 0 0 0 0 0 0 0 0 0 0 0 0 0 0 0 0 0 0 0 0 0 0 0 0 0 0 0
  0 0 0 0 0 0 0 0 0 0 0 0 0 0 0 0 0 0 0 0 0 0 0 0 0 0 0 0 0 0 0 0 0 0 0 0 0 0 0
  0 0 0 0 0 0 0 0 0 0 0 0 0 0 0 0 0 0 0 0 0 0 0 0 0 0 0 0 0 0 0 0 0 0 0 0 0 0 0
  0 0 0 0 0 0 0 0 0 0 0 0 0 0 0 0 0 0 0 0 0 0 0 0 0 0 0 0 0 0 0 0 0 0 0 0 0 0 0
  0 0 0 0 0 0 0 0 0 0 0 0 0 0 0 0 0 0 0 0 0 0 0 0 0 0 0 0 0 0 0 0 0 0 0 0 0 0 0
  0 0 0 0 0 0 0 0 0 0 0 0 0 0 0 0 0 0 0 0 0 0 0 0 0 0 0 0 0 0 0 0 0 0 0 0 0 0 0
  0 0 0 0 0 0 0 0 0 0 0 0 0 0 0 0 0 0 0 0 0 0 0 0 0 0 0 0 0 0 0 0 0 0 0 0 0 0 0
  0 0 0 0 0 0 0 0 0 0 0 0 0 0 0 0 0 0 0 0 0 0 0 0 0 0 0 0 0 0 0 0 0 0 0 0 0 0 0
  0 0 0 0 0 0 0 0 0 0 0 0 0 0 0 0 0 0 0 0 0 0 0 0 0 0 0 0 0 0 0 0 0 0 0 0 0 0 0
  0 0 0 0 0 0 0 0 0 0 0 0 0 0 0 0 0 0 0 0 0 0 0 0 0 0 0 0 0 0 0 0 0 0 0 0 0 0 0
  0 0 0 0 0 0 0 0 0 0 0 0 0 0 0 0 0 0 0 0 0 0 0 0 0 0 0 0 0 0 0 0 0 0 0 0 0 0 0
  0 0 0 0 0 0 0 0 0 0 0 0 0 0 0 0 0 0 0 0 0 0 0 0 0 0 0 0 0 0 0 0 0 0 0 0 0 0 0
  0 0 0 0 0 0 0 0 0 0 0 0 0 0 0 0 0 0 0 0 0 0 0 0 0 0 0 0 0 0 0 0 0 0 0 0 0 0 0
  0 0 0 0 0 0 0 0 0 0 0 0 0 0 0 0 0 0 0 0 0 0 0 0 0 0 0 0 0 0 0 0 0 0 0 0 0 0 0
  0 0 0 0 0 0 0 0 0 0 0 0 0 0 0 0 0 0 0 0 0 0 0 0 0 0 0 0 0 0 0 0 0 0 0 0 0 0 0
  0 0 0 0 0 0 0 0 0 0 0 0 0 0 0 0 0 0 0 0 0 0 0 0 0 0 0 0 0 0 0 0 0 0 0 0 0 0 0
  0 0 0 0 0 0 0 0 0 0 0 0 0 0 0 0 0 0 0 0 0 0 0 0 0 0 0 0 0 0 0 0 0 0 0 0 0 0 0
  0 0 0 0 0 0 0 0 0 0 0 0 0 0 0 0 0 0 0 0 0 0 0 0 0 0 0 0 0 0 0 0 0 0 0 0 0 0 0
  0 0 0 0 0 0 0 0 0 0 0 0 0 0 0 0 0 0 0 0 0 0 0 0 0 0 0 0 0 0 0 0 0 0 0 0 0 0 0
  0 0 0 0 0 0 0 0 0 0 0 0 0 0 0 0 0 0 0 0 0 0 0 0 0 0 0 0 0 0 0 0 0 0 0 0 0 0 0
  0 0 0 0 0 0 0 0 0 0 0 0 0 0 0 0 0 0 0 0 0 0 0 0 0 0 0 0 0 0 0 0 0 0 0 0 0 0 0
  0 0 0 0 0 0 0 0 0 0 0 0 0 0 0 0 0 0 0 0 0 0 0 0 0 0 0 0 0 0 0 0 0 0 0 0 0 0 0
  0 0 0 0 0 0 0 0 0 0 0 0 0 0 0 0 0 0 0 0 0 0 0 0 0 0 0 0 0 0 0 0 0 0 0 0 0 0 0
  0 0 0 0 0 0 0 0 0 0 0 0 0 0 0 0 0 0 0 0 0 0 0 0 0 0 0 0 0 0 0 0 0 0 0 0 0 0 0
  0 0 0 0 0 0 0 0 0 0 0 0 0 0 0 0 0 0 0 0 0 0 0 0 0 0 0 0 0 0 0 0 0 0 0 0 0 0 0
  0 0 0 0 0 0 0 0 0 0 0 0 0 0 0 0 0 0 0 0 0 0 0 0 0 0 0 0 0 0 0 0 0 0 0 0 0 0 0
  0 0 0 0 0 0 0 0 0 0 0 0 0 0 0 0 0 0 0 0 0 0 0 0 0 0 0 0 0 0 0 0 0 0 0 0 0 0 0
  0 0 0 0 0 0 0 0 0 0 0 0 0 0 0 0 0 0 0 0 0 0 0 0 0 0 0 0 0 0 0 0 0 0 0 0 0 0 0
  0 0 0 0 0 0 0 0 0 0 0 0 0 0 0 0 0 0 0 0 0 0 0 0 0 0 0 0 0 0 0 0 0 0 0 0 0 0 0
  0 0 0 0 0 0 0 0 0 0 0 0 0 0 0 0 0 0 0 0 0 0 0 0 0 0 0 0 0 0 0 0 0 0 0 0 0 0 0
  0 0 0 0 0 0 0 0 0 0 0 0 0 0 0 0 0 0 0 0 0 0 0 0 0 0 0 0 0 0 0 0 0 0 0 0 0 0 0
  0 0 0 0 0 0 0 0 0 0 0 0 0 0 0 0 0 0 0 0 0 0 0 0 0 0 0 0 0 0 0 0 0 0 0 0 0 0 0
  0 0 0 0 0 0 0 0 0 0 0 0 0 0 0 0 0 0 0 0 0 0 0 0 0 0 0 0 0 0 0 0 0 0 0 0 0 0 0
  0 0 0 0 0 0 0 0 0 0 0 0 0 0 0 0 0 0 0 0 0 0 0 0 0 0 0 0 0 0 0 0 0 0 0 0 0 0 0
  0 0 0 0 0 0 0 0 0 0 0 0 0 0 0 0 0 0 0 0 0 0 0 0 0 0 0 0 0 0 0 0 0 0 0 0 0 0 0
  0 0 0 0 0 0 0 0 0 0 0 0 0 0 0 0 0 0 0 0 0 0 0 0 0 0 0 0 0 0 0 0 0 0 0 0 0 0 0
  0 0 0 0 0 0 0 0 0 0 0 0 0 0 0 0 0 0 0 0 0 0 0 0 0 0 0 0 0 0 0 0 0 0 0 0 0 0 0
  0 0 0 0 0 0 0 0 0 0 0 0 0 0 0 0 0 0 0 0 0 0 0 0 0 0 0 0 0 0 0 0 0 0 0 0 0 0 0
  0 0 0 0 0 0 0 0 0 0 0 0 0 0 0 0 0 0 0 0 0 0 0 0 0 0 0 0 0 0 0 0 0 0 0 0 0 0 0
  0 0 0 0 0 0 0 0 0 0 0 0 0 0 0 0 0 0 0 0 0 0 0 0 0 0 0 0 0 0 0 0 0 0 0 0 0 0 0
  0 0 0 0 0 0 0 0 0 0 0 0 0 0 0 0 0 0 0 0 0 0 0 0 0 0 0 0 0 0 0 0 0 0 0 0 0 0 0
  0 0 0 0 0 0 0 0 0 0 0 0 0 0 0 0 0 0 0 0 0 0 0 0 0 0 0 0 0 0 0 0 0 0 0 0 0 0 0
  0 0 0 0 0 0 0 0 0 0 0 0 0 0 0 0 0 0 0 0 0 0 0 0 0 0 0 0 0 0 0 0 0 0 0 0 0 0 0
  0 0 0 0 0 0 0 0 0 0 0 0 0 0 0 0 0 0 0 0 0 0 0 0 0 0 0 0 0 0 0 0 0 0 0 0 0 0 0
  0 0 0 0 0 0 0 0 0 0 0 0 0 0 0 0 0 0 0 0 0 0 0 0 0 0 0 0 0 0 0 0 0 0 0 0 0 0 0
  0 0 0 0 0 0 0 0 0 0 0 0 0 0 0 0 0 0 0 0 0 0 0 0 0 0 0 0 0 0 0 0 0 0 0 0 0 0 0
  0 0 0 0 0 0 0 0 0 0 0 0 0 0 0 0 0 0 0 0 0 0 0 0 0 0 0 0 0 0 0 0 0 0 0 0 0 0 0
  0 0 0 0 0 0 0 0 0 0 0 0 0 0 0 0 0 0 0 0 0 0 0 0 0 0 0 0 0 0 0 0 0 0 0 0 0 0 0
  0 0 0 0 0 0 0 0 0 0 0 0 0 0 0 0 0 0 0 0 0 0 0 0 0 0 0 0 0 0 0 0 0 0 0 0 0 0 0
  0 0 0 0 0 0 0 0 0 0 0 0 0 0 0 0 0 0 0 0 0 0 0 0 0 0 0 0 0 0 0 0 0 0 0 0 0 0 0
  0 0 0 0 0 0 0 0 0 0 0 0 0 0 0 0 0 0 0 0 0 0 0 0 0 0 0 0 0 0 0 0 0 0 0 0 0 0 0
  0 0 0 0 0 0 0 0 0 0 0 0 0 0 0 0 0 0 0 0 0 0 0 0 0 0 0 0 0 0 0 0 0 0 0 0 0 0 0
  0 0 0 0 0 0 0 0 0 0 0 0 0 0 0 0 0 0 0 0 0 0 0 0 0 0 0 0 0 0 0 0 0 0 0 0 0 0 0
  0 0 0 0 0 0 0 0 0 0 0 0 0 0 0 0 0 0 0 0 0 0 0 0 0 0 0 0 0 0 0 0 0 0 0 0 0 0 0
  0 0 0 0 0 0 0 0 0 0 0 0 0 0 0 0 0 0 0 0 0 0 0 0 0 0 0 0 0 0 0 0 0 0 0 0 0 0 0
  0 0 0 0 0 0 0 0 0 0 0 0 0 0 0 0 0 0 0 0 0 0 0 0 0 0 0 0 0 0 0 0 0 0 0 0 0 0 0
  0 0 0 0 0 0 0 0 0 0 0 0 0 0 0 0 0 0 0 0 0 0 0 0 0 0 0 0 0 0 0 0 0 0 0 0 0 0 0
  0 0 0 0 0 0 0 0 0 0 0 0 0 0 0 0 0 0 0 0 0 0 0 0 0 0 0 0 0 0 0 0 0 0 0 0 0 0 0
  0 0 0 0 0 0 0 0 0 0 0 0 0 0 0 0 0 0 0 0 0 0 0 0 0 0 0 0 0 0 0 0 0 0 0 0 0 0 0
  0 0 0 0 0 0 0 0 0 0 0 0 0 0 0 0 0 0 0 0 0 0 0 0 0 0 0 0 0 0 0 0 0 0 0 0 0 0 0
  0 0 0 0 0 0 0 0 0 0 0 0 0 0 0 0 0 0 0 0 0 0 0 0 0 0 0 0 0 0 0 0 0 0 0 0 0 0 0
  0 0 0 0 0 0 0 0 0 0 0 0 0 0 0 0 0 0 0 0 0 0 0 0 0 0 0 0 0 0 0 0 0 0 0 0 0 0 0
  0 0 0 0 0 0 0 0 0 0 0 0 0 0 0 0 0 0 0 0 0 0 0 0 0 0 0 0 0 0 0 0 0 0 0 0 0 0 0
  0 0 0 0 0 0 0 0 0 0 0 0 0 0 0 0 0 0 0 0 0 0 0 0 0 0 0 0 0 0 0 0 0 0 0 0 0 0 0
  0) 
#(0 0 0 0 13 14 13 14 13 14 13 14 13 14 13 0 14 15 0 0 12 13 12 13 12 13 12 13
  12 13 14 0 13 0 13 14 13 14 13 14 13 12 13 14 13 14 15 0 0 13 14 15 14 15 14
  15 14 13 14 15 14 13 14 0 13 14 15 14 15 14 15 14 13 14 13 14 15 14 13 0 14
  15 14 15 14 15 14 15 14 15 14 15 14 13 13 0 13 14 15 14 15 14 13 14 15 14 15
  14 13 13 0 13 12 13 14 13 14 13 14 15 14 15 14 15 14 13 0 13 12 12 13 14 15
  14 15 14 15 14 13 14 13 14 0 12 11 11 12 13 14 15 14 15 14 13 14 15 14 15 0
  13 12 12 13 14 15 14 15 14 15 14 15 14 15 14 15 14 12 13 14 15 14 13 14 13 14
  15 14 15 14 15 14 13 13 14 13 14 15 14 13 14 15 14 15 14 15 14 13 12 14 15 14
  13 14 13 12 13 14 13 14 0 0 13 14 13 13 14 13 12 13 12 11 12 13 13 0 13 0 14
  15 14 12 13 12 11 12 13 12 13 12 0 13 12 0 13 14 13 13 14 13 14 13 14 13 14
  13 14 13 14 13 0 0 14 14 15 14 13 12 13 12 13 12 13 12 13 12 0 14 13 13 14 13
  14 13 14 13 14 13 12 13 14 13 0 15 14 12 13 14 15 14 15 14 15 14 13 14 15 14
  0 14 13 13 14 15 14 15 14 15 14 13 14 13 14 15 0 13 12 14 15 14 15 14 15 14
  15 14 15 14 15 14 0 14 13 13 14 15 14 15 14 13 14 15 14 15 14 0 14 15 14 12
  13 14 13 14 13 14 15 14 15 14 15 0 0 0 13 13 12 13 14 15 14 15 14 15 14 0 0
  13 14 0 0 12 11 12 13 14 15 14 15 0 0 14 15 14 15 14 0 13 12 13 14 15 14 15 0
  15 14 15 14 15 14 15 14 12 13 14 15 14 13 0 13 14 15 14 15 14 15 14 13 13 14
  13 14 15 14 0 14 15 14 15 14 15 0 0 12 14 15 14 13 14 0 13 13 14 13 14 15 14
  13 14 13 13 14 13 12 13 0 12 12 13 14 15 14 13 14 15 14 12 13 12 11 0 13 12
  13 12 13 14 13 12 13 14 13 13 14 13 14 13 14 13 14 13 14 13 14 0 14 13 14 14
  15 14 13 12 13 12 13 12 13 12 13 0 15 14 13 13 14 13 14 13 14 13 14 13 12 13
  14 0 14 15 14 12 13 14 15 14 15 14 15 14 13 14 15 0 15 14 13 13 14 15 14 15
  14 15 0 0 0 0 0 15 14 13 12 14 15 14 15 14 15 0 15 14 15 14 15 14 15 14 13 13
  14 15 14 15 0 13 14 15 14 15 14 15 14 15 14 12 13 14 0 0 13 14 15 14 15 14 15
  14 0 0 13 13 12 13 0 15 14 15 14 15 14 15 14 13 14 0 0 12 11 0 13 14 15 14 15
  14 15 14 15 14 15 14 0 13 0 13 14 15 14 15 14 15 14 15 14 15 14 15 14 13 0 14
  15 14 13 14 13 14 15 14 15 14 15 14 13 0 14 13 14 15 14 15 14 15 14 15 14 15
  14 13 12 0 15 14 13 14 13 14 13 14 13 14 15 14 13 14 13 0 14 13 12 13 12 13
  12 13 14 15 14 13 14 15 14 12 13 12 11 12 13 12 13 12 13 14 13 12 13 14 13 13
  14 13 14 13 0 0 14 13 14 13 14 13 14 13 14 14 15 14 0 0 13 0 13 12 13 12 13
  14 15 14 13 13 14 0 14 13 14 0 14 13 12 13 14 15 14 15 14 12 0 14 15 14 15 0
  15 14 13 14 15 14 15 14 13 0 14 15 14 15 14 15 14 15 14 15 14 15 14 13 12 14
  15 14 15 14 15 14 15 14 15 14 15 14 15 14 13 13 14 15 14 15 14 13 14 15 14 15
  14 15 14 15 14 12 13 14 0 14 13 14 15 14 15 14 15 14 15 14 13 13 12 13 14 15
  14 15 14 15 14 15 14 13 14 15 14 12 12 12 13 14 15 14 15 14 15 14 15 14 15 14
  13 13 0 13 14 15 14 15 14 15 14 15 14 15 14 15 14 14 15 14 15 14 13 14 13 14
  15 14 15 14 15 14 13 13 14 13 14 15 14 15 14 15 14 15 14 15 14 13 12 14 15 14
  13 14 13 14 13 14 13 14 15 14 13 14 13 13 14 13 12 13 12 13 12 13 14 15 14 13
  14 15 14 0 13 12 11 12 13 12 13 12 13 14 13 12 13 14 13 0 0 0 0 0 14 13 0 13
  0 0 0 13 14 13 14 14 15 14 13 12 13 14 0 13 0 0 0 14 15 14 13 13 14 15 14 13
  14 15 14 0 13 13 14 15 14 15 14 12 13 14 15 14 15 14 15 14 13 14 15 14 15 14
  13 13 14 15 14 15 14 15 14 15 14 15 14 15 14 13 12 14 15 14 15 14 15 14 15 14
  15 14 15 14 15 14 13 13 14 15 14 15 14 13 14 15 14 15 14 15 14 15 14 12 13 14
  15 14 13 14 15 14 15 14 15 14 15 14 13 13 12 13 14 15 14 15 14 15 14 15 14 13
  14 15 14 12 13 12 13 14 15 14 15 14 15 14 15 14 15 14 13 13 14 13 14 15 14 15
  14 15 14 15 14 15 14 15 14 14 15 14 15 14 13 14 13 14 15 14 15 14 15 14 13 13
  14 13 14 15 14 15 14 15 14 15 14 15 14 13 12 14 15 14 13 14 13 14 13 14 13 14
  15 14 13 14 13 13 14 13 12 13 12 13 12 13 14 15 14 13 14 15 14 0 13 12 11 12
  13 12 13 12 13 14 13 12 13 14 13 13 14 13 14 13 14 13 0 13 0 13 14 0 14 13 14
  14 15 14 13 12 13 14 0 14 0 12 13 14 15 14 13 13 14 15 14 13 14 15 14 15 14
  13 14 15 14 15 14 12 13 14 15 14 15 14 15 14 13 14 15 14 15 14 13 13 14 15 14
  15 14 15 14 15 14 15 14 15 14 13 12 14 15 14 15 14 15 14 15 14 15 14 15 14 15
  14 13 13 14 15 14 15 14 13 14 15 14 15 14 15 14 15 14 12 13 14 15 14 13 14 15
  14 15 14 15 14 15 14 13 13 12 13 14 15 14 15 14 15 14 15 14 13 14 15 14 12 13
  12 13 14 15 14 15 14 15 14 15 14 15 14 13 13 14 13 14 15 14 15 14 15 14 15 14
  15 14 15 14 14 15 14 15 14 13 14 13 14 15 14 15 14 15 14 13 13 14 13 14 15 14
  15 14 15 14 15 14 15 14 13 12 14 15 14 13 14 13 14 13 14 13 14 15 14 13 14 13
  13 14 13 12 13 12 13 12 13 14 15 14 13 14 15 14 12 13 12 11 0 0 12 13 12 13
  14 13 12 13 14 13 13 14 13 14 13 14 0 14 13 0 13 14 0 14 13 14 14 15 14 13 12
  13 14 13 14 0 12 13 14 15 14 13 13 14 15 14 13 14 15 14 15 14 13 14 15 14 15
  14 12 13 14 15 14 15 14 15 14 13 14 15 14 15 14 13 13 14 15 14 15 14 15 14 15
  14 15 14 15 14 13 12 14 15 14 15 14 15 14 15 14 15 14 15 14 15 14 13 13 14 15
  14 15 14 13 14 15 14 15 14 15 14 15 14 12 13 14 15 14 13 14 15 14 15 14 15 14
  15 14 13 13 12 13 14 15 14 15 14 15 14 15 14 13 14 15 14 12 13 12 13 14 15 14
  15 14 15 14 15 14 15 14 13 13 14 13 14 15 14 15 14 15 14 15 14 15 14 15 14 14
  15 14 15 14 13 14 13 14 15 14 15 14 15 14 13 13 14 13 14 15 14 15 14 15 14 15
  14 15 14 13 12 14 15 14 13 14 13 14 13 14 13 14 15 14 13 14 13 13 14 13 12 13
  12 13 12 13 14 15 14 13 14 15 14 12 13 12 0 12 13 0 0 0 13 14 13 12 13 14 13
  13 14 13 14 13 14 0 14 13 0 13 14 0 14 13 14 14 15 14 13 12 13 14 13 14 0 12
  13 14 15 14 13 13 14 15 14 13 14 15 14 15 14 13 14 15 14 15 14 12 13 14 15 14
  15 14 15 14 13 14 15 14 15 14 13 13 14 15 14 15 14 15 14 15 14 15 14 15 14 13
  12 14 15 14 15 14 15 14 15 14 15 14 15 14 15 14 13 13 14 15 14 15 14 13 14 15
  14 15 14 15 14 15 14 12 13 14 15 14 13 14 15 14 15 14 15 14 15 14 13 13 12 13
  14 15 14 15 14 15 14 15 14 13 14 15 14 12 13 12 13 14 15 14 15 14 15 14 15 14
  15 14 13 13 14 13 14 15 14 15 14 15 14 15 14 15 14 15 14 14 15 14 15 14 13 14
  13 14 15 14 15 14 15 14 13 13 14 13 14 15 14 15 14 15 14 15 14 15 14 13 12 14
  15 14 13 0 0 14 13 14 13 14 15 14 13 14 13 13 14 13 12 0 0 13 12 13 14 15 14
  13 14 15 14 12 13 12 0 12 13 0 13 12 0 14 13 12 13 14 13 13 14 13 14 13 14 0
  14 13 0 13 14 0 14 13 14 14 15 14 13 12 13 14 13 14 15 0 0 14 15 14 13 13 14
  15 14 13 14 15 14 15 14 0 0 15 14 15 14 12 13 14 15 14 15 14 15 14 13 14 15
  14 15 14 13 13 14 15 14 15 14 15 14 15 14 15 14 15 14 13 12 14 15 14 15 14 15
  14 15 14 15 14 15 14 15 14 13 13 14 15 14 15 14 13 14 15 14 15 14 15 14 15 14
  12 13 14 15 14 13 14 15 14 15 14 15 14 15 14 13 13 12 13 14 15 14 15 14 15 14
  15 14 13 14 15 14 12 13 12 13 14 15 14 15 14 15 14 15 14 15 14 13 13 14 13 14
  15 14 15 14 15 14 15 14 15 14 15 14 14 15 14 15 14 13 14 13 14 15 14 15 14 15
  14 13 13 14 13 14 15 14 15 14 15 14 15 14 15 14 13 12 14 15 14 13 14 15 14 13
  14 13 14 15 14 13 14 13 13 14 13 12 13 14 0 12 13 14 15 14 13 14 15 14 12 13
  12 0 12 13 0 13 12 0 14 13 12 13 14 13 13 14 13 14 13 14 13 0 0 0 13 14 0 14
  13 14 14 15 14 13 12 13 14 13 14 15 14 15 14 15 14 13 13 14 15 14 13 14 15 14
  15 14 13 14 15 14 15 14 12 13 14 15 14 15 14 15 14 13 14 15 14 15 14 13 13 14
  15 14 15 14 15 14 15 14 15 14 15 14 13 12 14 15 14 15 14 15 14 15 14 15 14 15
  14 15 14 13 13 14 15 14 15 14 13 14 15 14 15 14 15 14 15 14 12 13 14 15 14 13
  14 15 14 15 14 15 14 15 14 13 12 12 13 14 15 14 15 14 15 14 15 14 13 14 15 14
  12 13 12 13 14 15 14 15 14 15 14 15 14 15 14 13 13 14 13 14 15 14 15 14 15 14
  15 14 15 14 15 14 14 15 14 15 14 13 14 13 14 15 14 15 14 15 14 13 13 14 13 14
  15 14 15 14 15 14 15 14 15 14 13 12 14 15 14 13 14 15 14 13 14 13 14 15 14 13
  14 13 13 14 13 12 13 14 0 12 13 14 15 14 13 14 15 14 12 13 12 0 12 13 0 13 12
  0 14 13 12 13 14 13 13 14 13 14 13 14 13 14 13 14 0 0 13 14 13 14 14 15 14 13
  12 13 14 13 14 15 14 15 14 15 14 13 13 14 15 14 13 14 15 14 15 14 13 14 15 14
  15 14 12 13 14 15 14 15 14 15 14 13 14 15 14 15 14 13 13 14 15 14 15 14 15 14
  15 14 15 14 15 14 13 12 14 15 14 15 14 15 14 15 14 15 14 15 14 15 14 13 13 14
  15 14 15 14 13 14 15 14 15 14 15 14 15 14 12 13 14 15 14 13 14 15 14 15 14 15
  14 15 14 13 13 12 13 14 15 14 15 14 15 14 15 14 13 14 15 14 12 13 12 13 14 15
  14 15 14 15 14 15 14 15 14 13 13 14 13 14 15 14 15 14 15 14 15 14 15 14 15 14
  14 15 14 15 14 13 14 13 14 15 14 15 14 15 14 13 13 14 13 14 15 14 15 14 15 14
  15 14 15 14 13 12 14 15 14 13 14 15 14 13 14 13 14 15 14 13 14 13 13 14 13 12
  13 14 0 12 0 14 15 14 13 14 15 14 12 13 12 0 12 13 0 13 0 13 14 13 12 13 14
  13 13 14 13 14 13 14 13 14 13 14 13 14 13 14 13 0 14 15 14 13 12 13 14 13 14
  15 14 15 14 15 14 13 13 14 15 14 13 14 15 14 15 14 13 14 15 14 15 14 12 13 14
  15 14 15 14 15 14 13 14 15 14 15 14 13 13 14 15 14 15 14 15 14 15 14 15 14 15
  14 13 12 14 15 14 15 14 15 14 15 14 15 14 15 14 15 14 13 13 14 15 14 15 14 13
  14 15 14 15 14 15 14 15 14 12 13 14 15 14 13 14 15 14 15 14 15 14 15 14 13 13
  12 13 14 15 14 15 14 15 14 15 14 13 14 15 14 12 13 12 13 14 15 14 15 14 15 14
  15 14 15 14 13 13 14 13 14 15 14 15 14 15 14 15 14 15 14 15 14 14 15 14 15 14
  13 14 13 14 15 14 15 14 15 14 13 13 14 13 14 15 14 15 14 15 14 15 14 15 14 13
  12 14 15 14 13 14 15 14 0 14 13 14 15 14 13 14 13 13 14 13 13 0 0 0 13 0 14
  15 14 13 14 15 14 12 13 12 12 0 0 0 13 0 13 14 0 0 0 0 0 13 14 13 14 13 14 13
  14 13 14 13 14 13 14 13 0 14 15 14 13 12 13 14 13 14 15 14 15 14 15 14 13 13
  14 15 14 13 14 15 14 15 14 13 14 15 14 15 14 12 13 14 15 14 15 14 15 14 13 14
  15 14 15 14 13 13 14 15 14 15 14 15 14 15 14 15 14 15 14 13 12 14 15 14 15 14
  15 14 15 14 15 14 15 14 15 0 13 13 14 15 14 15 14 13 14 15 14 15 14 15 14 15
  14 12 13 14 15 14 13 14 15 14 15 14 15 14 15 14 13 13 12 13 14 15 14 15 14 15
  14 15 14 0 14 15 14 12 13 12 13 14 15 14 15 14 15 14 15 14 15 14 13 13 14 13
  14 15 14 15 14 15 14 15 14 15 14 15 14 14 15 14 15 14 13 14 13 14 15 14 15 14
  15 14 0 13 14 13 14 15 14 15 14 15 0 15 14 15 14 0 13 14 15 14 13 14 15 14 15
  14 0 14 15 14 0 14 13 13 14 13 14 15 14 15 14 13 0 15 0 0 14 15 14 13 13 12
  13 14 13 14 13 12 0 0 12 12 13 14 13 13 14 13 14 13 14 13 14 13 14 13 14 13
  14 13 14 14 15 14 13 12 13 14 13 14 15 14 15 14 15 14 0 13 14 15 14 13 14 15
  14 15 14 13 14 15 14 15 0 13 13 14 15 14 15 14 15 14 13 14 15 14 15 14 0 13
  14 15 14 15 14 15 14 15 14 15 14 15 14 0 13 14 15 14 15 14 15 14 15 14 15 14
  15 14 15 0 13 0 14 15 14 15 14 13 14 15 14 15 14 15 0 15 14 0 0 14 15 14 13
  14 15 14 15 14 15 0 15 14 13 12 0 0 14 15 14 15 14 15 14 15 0 0 14 15 14 13
  13 12 13 14 15 14 15 14 15 0 15 14 15 14 13 13 14 13 14 15 14 15 14 15 0 15
  14 15 14 15 14 14 15 14 15 0 0 0 0 0 15 14 15 14 15 14 13 13 14 13 0 15 14 15
  14 15 14 15 14 15 14 15 14 14 15 14 0 14 15 14 15 14 15 14 15 14 15 14 13 13
  14 13 0 15 14 15 14 13 14 15 14 13 14 15 14 14 13 12 0 14 13 14 13 12 13 14
  13 12 13 14 13 13 14 13 14 13 14 13 14 13 14 13 0 13 14 13 14 14 15 14 13 12
  13 14 13 14 15 0 15 14 15 14 13 13 14 15 14 13 14 15 14 15 14 0 14 15 14 15
  14 14 0 0 15 14 15 14 15 14 0 14 15 14 15 14 13 13 14 15 14 15 14 15 14 15 0
  15 14 15 14 15 14 14 15 14 15 14 15 14 15 0 15 14 15 14 15 14 13 0 14 15 14
  15 14 0 0 15 14 15 14 15 14 15 14 0 0 14 15 0 0 14 15 14 15 14 15 14 15 14 13
  13 0 0 0 15 14 15 14 15 14 15 14 15 14 15 14 14 13 13 0 14 15 14 15 14 15 14
  15 14 15 14 13 13 14 0 14 15 14 15 14 15 14 15 14 15 14 15 14 14 15 0 15 14
  15 14 15 14 15 14 15 14 15 14 13 13 14 0 14 15 14 15 14 15 14 15 14 15 14 15
  14 14 15 0 15 14 15 14 15 14 15 14 15 14 15 14 13 13 14 0 14 15 14 15 14 13
  14 15 14 13 14 15 14 14 0 0 13 14 13 14 13 12 13 14 13 12 13 14 13 13 14 13 0
  13 14 0 14 13 14 13 14 13 14 13 14 14 15 14 0 13 0 14 13 14 15 14 15 14 15 14
  13 13 14 15 0 0 14 15 14 15 14 15 14 15 14 15 14 14 15 14 15 14 15 14 15 14
  15 14 15 14 15 14 13 13 14 15 14 15 14 15 14 15 14 15 14 15 14 15 14 14 15 14
  15 14 15 14 15 14 15 14 15 14 15 14 13 13 0 15 14 15 14 15 14 15 14 15 14 15
  14 15 14 13 0 14 15 14 15 14 15 14 15 14 15 14 15 14 13 13 0 15 14 15 14 15
  14 15 14 15 14 15 14 15 14 14 0 14 15 14 15 14 15 14 15 14 15 14 15 14 13 0
  14 15 14 15 14 15 14 15 14 15 14 15 14 15 14 0 15 14 15 14 15 14 15 14 15 14
  15 14 15 14 13 0 14 15 14 15 14 15 14 15 14 15 14 15 14 15 0 0 15 14 15 14 15
  14 15 14 15 14 15 14 15 0 13 0 14 15 14 15 14 15 14 13 14 15 14 0 0 15 14 0
  13 14 13 14 13 14 13 12 13 14 13 0 0 0 0) 