
#(58 0 0 0 0 0 0 0 0 0 0 0 0 0 0 0 0 0 0 0 0 0 0 0 0 0 0 0 0 0 0 0 0 0 0 0 0 0
  0 0 0 0 0 0 0 0 0 0 0 0 0 0 0 0 0 0 0 0 0 0 0 0 0 0 0 0 0 0 0 0 0 0 0 0 0 0 0
  0 0 0 49 0 0 0 0 0 0 0 0 0 0 0 0 0 0 0 0 49 0 0 0 0 0 0 0 0 0 0 0 0 0 0 0 58
  0 0 0 0 0 0 0 0 0 0 0 0 0 0 0 0 49 0 0 0 0 0 0 0 0 0 0 0 0 0 0 0 58 0 0 0 0 0
  0 0 0 0 0 0 0 0 0 0 0 49 0 0 0 0 0 0 0 0 0 0 0 0 0 0 0 0 49 0 0 0 0 0 0 0 0 0
  0 0 0 0 0 0 58 0 0 0 0 0 0 0 0 0 0 0 0 0 0 0 0 49 0 0 0 0 0 0 0 0 0 0 0 0 0 0
  0 0 58 49 0 0 0 0 0 0 0 0 58 58 58 58 58 58 58 49 0 0 0 0 0 0 0 0 58 0 0 0 0
  0 0 0 0 0 0 0 0 0 0 0 0 0 0 0 0 0 0 0 0 0 0 0 0 0 0 0 0 0 0 0 0 0 0 0 0 0 0 0
  0 0 0 0 0 0 0 0 0 0 0 0 0 0 0 0 0 0 0 0 49 0 0 0 0 0 0 0 0 0 0 0 0 0 0 0 0 49
  0 0 0 0 0 0 0 0 0 0 0 0 0 0 0 1 0 0 0 0 0 0 0 0 0 0 0 0 0 0 0 1 49 0 0 0 0 0
  0 0 0 0 0 0 0 0 0 0 0 49 0 0 0 0 0 0 0 0 0 0 0 0 0 0 0 58 0 0 0 0 0 0 0 0 0 0
  0 0 0 0 0 0 49 0 0 0 0 0 0 0 0 0 0 0 0 0 0 0 0 49 0 0 0 0 0 0 0 0 0 0 0 0 0 0
  0 0 49 0 0 0 0 0 0 0 0 0 0 0 0 0 0 0 0 49 0 0 0 0 0 0 0 0 49 1 0 0 0 0 0 0 0
  0 0 0 0 0 0 0 0 49 0 0 0 0 0 0 0 0 0 0 0 0 0 0 58 0 0 0 0 0 0 0 0 0 0 0 0 0 0
  0 0 0 0 0 0 0 0 0 0 0 0 0 0 0 0 0 49 0 0 0 0 0 0 0 0 0 0 0 0 0 0 0 58 0 0 0 0
  0 0 0 0 0 0 0 0 0 0 0 0 49 0 0 0 0 0 0 0 0 0 0 0 0 0 0 0 0 0 0 0 0 0 0 0 0 0
  0 0 0 0 0 0 0 49 0 0 0 0 0 0 0 0 0 0 0 0 0 0 0 0 49 0 0 0 0 0 0 0 0 0 0 0 0 0
  0 0 0 49 0 0 0 0 0 0 0 0 0 0 0 0 0 0 0 0 49 0 0 0 0 0 0 0 0 0 0 0 0 0 0 0 58
  0 0 0 0 0 0 0 0 0 0 0 0 0 0 0 0 49 0 0 0 0 0 0 0 0 0 58 0 0 0 0 0 1 49 0 0 0
  0 0 0 0 0 49 0 0 0 0 0 0 0 49 0 0 0 0 0 0 0 0 49 0 0 0 0 0 0 0 49 0 0 0 0 0 0
  0 0 49 58 0 0 0 0 0 58 0 0 0 0 0 0 58 0 0 0 0 0 0 0 0 0 0 0 0 0 0 0 49 0 0 0
  0 0 0 0 0 0 0 0 0 0 0 0 0 0 0 0 0 0 0 0 0 0 0 0 0 0 0 0 1 49 0 0 0 0 0 0 0 0
  0 0 0 0 0 0 0 0 49 0 0 0 0 0 0 0 0 0 0 0 0 0 0 0 58 0 0 0 0 0 0 0 0 0 0 0 0 0
  0 0 0 49 0 0 0 0 0 0 0 0 0 0 0 0 0 0 0 0 49 0 0 0 0 0 0 0 0 0 0 0 0 0 0 0 0
  49 0 0 0 0 0 0 0 0 0 0 0 0 0 0 0 0 49 0 0 0 0 0 0 0 0 0 0 0 0 0 0 0 58 0 0 0
  0 0 0 0 0 0 49 0 0 0 0 0 0 49 0 0 0 0 0 0 0 0 0 49 1 0 0 0 0 1 49 0 0 0 0 0 0
  0 0 0 49 0 0 0 0 0 1 58 49 0 0 0 0 0 0 0 0 49 0 0 0 0 0 0 58 0 0 0 0 0 0 0 0
  0 49 58 58 58 58 58 58 58 58 58 58 58 58 0 0 0 0 0 0 0 0 0 0 0 0 0 0 0 0 49 0
  0 0 0 0 0 0 0 0 0 0 0 0 0 0 58 0 0 0 0 0 0 0 0 0 0 0 0 0 0 0 0 49 0 0 0 0 0 0
  0 0 0 0 0 0 0 0 0 1 49 0 0 0 0 0 0 0 0 0 0 0 0 0 0 0 58 0 0 0 0 0 0 0 0 0 0 0
  0 0 0 0 0 49 0 0 0 0 0 0 0 0 0 0 0 0 0 0 0 58 49 0 0 0 0 0 0 0 0 0 0 0 0 0 0
  0 0 49 0 0 0 0 0 0 0 0 0 58 0 0 0 0 0 1 49 0 0 0 0 0 0 0 0 49 0 0 0 0 0 0 0
  49 0 0 0 0 0 0 0 0 49 0 0 0 0 0 0 0 49 0 0 0 0 0 0 0 0 49 0 0 0 0 0 0 0 49 0
  0 0 0 0 0 0 0 49 0 0 0 0 0 0 0 49 0 58 0 7 0 0 0 0 49 58 58 0 0 0 0 58 49 0 0
  0 0 0 0 0 0 0 0 0 0 0 0 0 58 0 0 0 58 49 0 0 0 0 0 0 0 0 0 0 0 0 0 0 0 0 0 0
  0 0 0 0 0 0 0 0 0 0 0 0 0 0 49 0 0 0 0 0 0 0 0 0 0 0 0 0 0 0 1 49 0 0 0 0 0 0
  0 0 0 0 0 0 0 0 0 58 49 0 0 0 0 0 0 0 0 0 0 0 0 0 0 1 58 0 0 0 0 0 0 0 0 0 0
  0 0 0 0 0 58 58 49 0 0 0 0 0 0 0 0 0 58 0 0 0 1 58 58 0 0 0 0 0 0 0 0 0 49 0
  0 0 0 0 0 49 0 0 0 0 0 0 0 0 0 49 0 0 0 0 0 0 49 0 0 0 0 0 0 0 0 0 49 0 0 0 0
  0 0 49 0 0 0 0 0 0 0 0 0 49 0 0 0 0 0 0 49 0 0 0 0 0 0 0 0 0 49 0 0 0 0 0 1
  49 0 0 0 58 0 0 0 0 0 49 58 0 0 0 0 0 49 58 0 0 0 0 0 0 0 0 0 49 0 0 0 58 58
  49 0 0 0 0 0 0 0 0 0 0 0 0 0 0 0 0 0 0 58 0 49 0 0 0 0 0 0 0 0 0 0 0 0 0 0 0
  1 49 0 0 0 0 0 0 0 0 0 0 0 0 0 0 1 58 0 0 0 0 0 0 0 0 0 0 0 0 0 0 0 0 49 0 0
  0 0 0 0 0 0 0 0 0 0 0 0 0 0 49 0 0 0 0 0 0 0 0 0 0 0 0 0 0 0 0 49 0 0 0 0 0 0
  0 0 0 49 1 0 0 0 0 0 49 0 0 0 0 0 0 0 0 0 58 0 0 0 0 0 0 49 0 0 0 0 0 0 0 0
  49 58 0 0 0 0 0 0 49 0 0 0 0 0 0 0 0 0 49 0 0 0 0 0 0 49 0 0 0 0 0 0 0 0 0 49
  0 0 0 0 0 0 49 0 0 0 0 0 0 0 0 0 49 0 0 0 0 0 0 49 0 0 0 0 0 0 0 0 0 49 0 0 0
  0 0 0 49 0 58 0 0 0 0 0 0 0 49 0 0 0 0 0 58 49 0 0 0 0 0 0 0 0 0 49 58 0 58 0
  0 0 49 0 0 0 0 0 0 0 0 0 0 0 0 0 0 0 49 58 0 0 49 0 0 0 0 0 0 0 0 0 0 0 0 0 0
  0 0 49 0 0 0 0 0 0 0 0 0 0 0 0 0 0 0 1 49 0 0 0 0 0 0 0 0 0 0 0 0 0 0 1 58 0
  0 0 0 0 0 0 0 0 0 58 0 0 0 0 0 49 0 0 0 0 0 0 0 0 0 49 0 0 0 0 0 0 58 49 0 0
  0 0 0 0 0 0 49 0 0 0 0 0 0 58 0 0 0 0 0 0 0 0 0 49 58 0 0 0 0 0 58 49 0 0 0 0
  0 0 0 0 0 49 0 0 0 0 0 0 49 0 0 0 0 0 0 0 0 0 49 0 0 0 0 0 0 49 0 0 0 0 0 0 0
  0 0 49 0 0 0 0 0 58 0 0 0 0 0 0 0 0 0 0 49 0 0 0 0 0 58 49 0 0 0 0 0 0 0 0 0
  49 0 0 0 0 0 0 49 0 0 0 0 0 0 0 0 0 49 0 0 0 0 0 58 0 0 0 0 0 0 0 0 0 0 49 0
  0 0 0 1 0 0 0 0 0 0 0 0 0 0 0 0 58 58 58 58 58 58 58 58 0 0 0 0 0 0 0 0 0 0 0
  0 1 0 0 0 0 49 0 0 0 0 0 0 0 0 0 0 58 0 0 0 0 0 49 0 0 0 0 0 0 0 0 0 49 0 0 0
  0 0 0 49 0 0 0 0 0 0 0 0 0 49 58 0 0 0 0 0 49 0 0 0 0 0 0 0 0 0 0 58 0 0 0 0
  0 49 0 0 0 0 0 0 0 0 0 49 0 0 0 0 0 0 49 0 0 0 0 0 0 0 0 0 49 0 0 0 0 0 0 49
  0 0 0 0 0 0 0 0 0 49 58 0 0 0 0 0 58 49 0 0 0 0 0 0 0 0 0 58 0 0 0 0 0 0 49 0
  0 0 0 0 0 0 0 49 58 0 0 0 0 0 0 49 0 0 0 0 0 0 0 0 0 49 0 0 0 0 0 58 0 0 0 0
  0 0 0 0 0 0 58 1 0 0 0 0 0 0 0 0 0 0 0 0 0 0 49 1 0 0 0 0 0 0 0 0 0 0 0 0 0 0
  0 49 0 0 0 0 0 0 0 0 0 0 0 0 0 0 0 0 49 0 0 58 49 0 0 0 0 0 0 0 0 0 0 0 0 0 0
  0 49 0 0 0 58 0 58 49 0 0 0 0 0 0 0 0 0 49 58 0 0 0 0 0 49 0 0 0 0 0 0 0 58 0
  49 0 0 0 0 0 0 49 0 0 0 0 0 0 0 0 0 49 0 0 0 0 0 0 49 0 0 0 0 0 0 0 0 0 49 0
  0 0 0 0 0 49 0 0 0 0 0 0 0 0 0 49 0 0 0 0 0 0 49 0 0 0 0 0 0 0 0 0 49 0 0 0 0
  0 0 58 49 0 0 0 0 0 0 0 0 49 0 0 0 0 0 0 58 0 0 0 0 0 0 0 0 0 49 0 0 0 0 0 1
  49 0 0 0 0 0 0 0 0 0 49 0 0 0 0 0 0 0 0 0 0 0 0 0 0 0 0 49 0 0 0 0 0 0 0 0 0
  0 0 0 0 0 0 0 49 0 0 0 0 0 0 0 0 0 0 0 0 0 0 0 0 58 1 0 0 0 0 0 0 0 0 0 0 0 0
  0 0 49 1 0 0 0 0 0 0 0 0 0 0 0 0 0 0 0 49 0 58 0 0 0 0 0 0 0 0 0 0 0 0 0 0 0
  0 0 0 49 58 58 0 0 0 49 0 0 0 0 0 0 0 0 0 58 49 0 0 0 0 0 58 49 0 0 0 0 0 58
  0 0 0 49 1 0 0 0 0 0 49 0 0 0 0 0 0 0 0 0 49 0 0 0 0 0 0 49 0 0 0 0 0 0 0 0 0
  49 0 0 0 0 0 0 49 0 0 0 0 0 0 0 0 0 49 0 0 0 0 0 0 49 0 0 0 0 0 0 0 0 0 49 0
  0 0 0 0 0 49 0 0 0 0 0 0 0 0 0 58 58 1 0 0 0 58 0 0 0 0 0 0 0 0 0 49 58 58 0
  0 0 0 0 0 0 0 0 0 0 0 0 0 0 58 1 0 0 0 0 0 0 0 0 0 0 0 0 0 0 49 58 0 0 0 0 0
  0 0 0 0 0 0 0 0 0 0 49 1 0 0 0 0 0 0 0 0 0 0 0 0 0 0 0 49 0 0 0 0 0 0 0 0 0 0
  0 0 0 0 0 0 0 0 0 0 0 0 0 0 0 0 0 0 0 0 0 0 49 58 0 0 0 58 0 0 0 0 0 0 0 0 0
  0 0 0 0 0 0 49 58 0 0 0 0 58 58 49 0 0 0 0 7 0 58 0 49 0 0 0 0 0 0 0 49 0 0 0
  0 0 0 0 0 49 0 0 0 0 0 0 0 49 0 0 0 0 0 0 0 0 49 0 0 0 0 0 0 0 49 0 0 0 0 0 0
  0 0 49 0 0 0 0 0 0 0 49 0 0 0 0 0 0 0 0 49 1 0 0 0 0 0 58 0 0 0 0 0 0 0 0 0
  49 0 0 0 0 0 0 0 0 0 0 0 0 0 0 0 0 49 58 0 0 0 0 0 0 0 0 0 0 0 0 0 0 0 49 0 0
  0 0 0 0 0 0 0 0 0 0 0 0 0 0 58 0 0 0 0 0 0 0 0 0 0 0 0 0 0 0 49 1 0 0 0 0 0 0
  0 0 0 0 0 0 0 0 0 49 0 0 0 0 0 0 0 0 0 0 0 0 0 0 0 0 58 0 0 0 0 0 0 0 0 0 0 0
  0 0 0 0 49 0 0 0 0 0 0 0 0 0 0 0 0 0 0 0 0 58 58 58 58 58 58 58 58 58 58 58
  58 49 0 0 0 0 0 0 0 0 0 58 0 0 0 0 0 0 49 0 0 0 0 0 0 0 0 49 58 1 0 0 0 0 0
  49 0 0 0 0 0 0 0 0 0 49 1 0 0 0 0 1 49 0 0 0 0 0 0 0 0 0 49 0 0 0 0 0 0 49 0
  0 0 0 0 0 0 0 0 58 0 0 0 0 0 0 0 0 0 0 0 0 0 0 0 49 0 0 0 0 0 0 0 0 0 0 0 0 0
  0 0 0 49 0 0 0 0 0 0 0 0 0 0 0 0 0 0 0 0 49 0 0 0 0 0 0 0 0 0 0 0 0 0 0 0 0
  49 0 0 0 0 0 0 0 0 0 0 0 0 0 0 0 0 58 0 0 0 0 0 0 0 0 0 0 0 0 0 0 0 49 0 0 0
  0 0 0 0 0 0 0 0 0 0 0 0 0 49 1 0 0 0 0 0 0 0 0 0 0 0 0 0 0 0 0 0 0 0 0 0 0 0
  0 0 0 0 0 0 0 0 49 0 0 0 0 0 0 0 0 0 0 0 0 0 0 0 58 0 0 0 0 0 0 58 0 0 0 0 0
  58 49 0 0 0 0 0 0 0 0 49 0 0 0 0 0 0 0 49 0 0 0 0 0 0 0 0 49 0 0 0 0 0 0 0 49
  0 0 0 0 0 0 0 0 49 1 0 0 0 0 0 58 0 0 0 0 0 0 0 0 0 49 0 0 0 0 0 0 0 0 0 0 0
  0 0 0 0 0 58 0 0 0 0 0 0 0 0 0 0 0 0 0 0 0 49 0 0 0 0 0 0 0 0 0 0 0 0 0 0 0 0
  49 0 0 0 0 0 0 0 0 0 0 0 0 0 0 0 0 49 0 0 0 0 0 0 0 0 0 0 0 0 0 0 0 0 49 0 0
  0 0 0 0 0 0 0 0 0 0 0 0 0 0 0 0 0 0 0 0 0 0 0 0 0 0 0 0 0 0 49 0 0 0 0 0 0 0
  0 0 0 0 0 0 0 0 0 58 0 0 0 0 0 0 0 0 0 0 0 0 0 0 0 49 0 0 0 0 0 0 0 0 0 0 0 0
  0 0 0 0 0 0 0 0 0 0 0 0 0 0 0 0 0 0 0 58 0 0 0 0 0 0 0 0 0 0 0 0 0 0 49 0 0 0
  0 0 0 0 0 0 0 0 0 0 0 0 1 49 0 0 0 0 0 0 0 0 49 0 0 0 0 0 0 0 0 0 0 0 0 0 0 0
  0 49 0 0 0 0 0 0 0 0 0 0 0 0 0 0 0 0 49 0 0 0 0 0 0 0 0 0 0 0 0 0 0 0 0 49 0
  0 0 0 0 0 0 0 0 0 0 0 0 0 0 0 58 0 0 0 0 0 0 0 0 0 0 0 0 0 0 0 49 0 0 0 0 0 0
  0 0 0 0 0 0 0 0 0 0 49 1 0 0 0 0 0 0 0 0 0 0 0 0 0 0 0 1 0 0 0 0 0 0 0 0 0 0
  0 0 0 0 0 49 0 0 0 0 0 0 0 0 0 0 0 0 0 0 0 0 49 0 0 0 0 0 0 0 0 0 0 0 0 0 0 0
  0 0 0 0 0 0 0 0 0 0 0 0 0 0 0 0 0 0 0 0 0 0 0 0 0 0 0 0 0 0 0 0 0 0 0 0 0 0 0
  0 0 0 0 0 0 0 0 0 58 0 0 0 0 0 0 0 0 49 58 58 58 58 58 58 58 0 0 0 0 0 0 0 0
  49 58 0 0 0 0 0 0 0 0 0 0 0 0 0 0 0 0 49 0 0 0 0 0 0 0 0 0 0 0 0 0 0 0 0 58 0
  0 0 0 0 0 0 0 0 0 0 0 0 0 0 49 0 0 0 0 0 0 0 0 0 0 0 0 0 0 0 0 49 0 0 0 0 0 0
  0 0 0 0 0 0 0 0 0 0 58 0 0 0 0 0 0 0 0 0 0 0 0 0 0 0 49 0 0 0 0 0 0 0 0 0 0 0
  0 0 0 0 0 58 0 0 0 0 0 0 0 0 0 0 0 0 0 0 0 49 0 0 0 0 0 0 0 0 0 0 0 0 0 0 0 0
  49 0 0 0 0 0 0 0 0 0 0 0 0 0 0 0 0 0 0 0 0 0 0 0 0 0 0 0 0 0 0 0 0 0 0 0 0 0
  0 0 0 0 0 0 0 0 0 0 0 0 0 0 0 0 0 0 0 0 0 0 0 0 0 0 0 0 0 0 0 0 0 0 0 0 0 0 0
  0 0 0 58) 
#(0 0 0 0 0 0 0 0 0 0 0 0 0 0 0 0 0 0 0 0 0 0 0 0 0 0 0 0 0 0 0 0 0 0 0 0 0 0 0
  0 0 0 0 0 0 0 0 0 0 0 0 0 0 0 0 0 0 0 0 0 0 0 0 0 0 0 0 0 0 0 0 0 0 0 0 0 0 0
  0 0 0 0 0 0 0 0 0 0 0 0 0 0 0 0 0 0 0 0 0 0 0 0 0 0 0 0 0 0 0 0 0 0 0 0 0 0 0
  0 0 0 0 0 0 0 0 0 0 0 0 0 0 0 0 0 0 0 0 0 0 0 0 0 0 0 0 0 0 0 0 0 0 0 0 0 0 0
  0 0 0 0 0 0 0 0 0 0 0 0 0 0 0 0 0 0 0 0 0 0 0 0 0 0 0 0 0 0 0 0 0 0 0 0 0 0 0
  0 0 0 0 0 0 0 0 0 0 0 0 0 0 0 0 0 0 0 0 0 0 0 0 0 0 0 0 0 0 0 0 0 0 0 0 0 0 0
  0 0 0 0 0 0 0 0 0 0 0 0 0 0 0 0 0 0 0 0 0 0 0 0 0 0 0 0 0 0 0 0 0 0 0 0 0 0 0
  0 0 0 0 0 0 0 0 0 0 0 0 0 0 0 0 0 0 0 0 0 0 0 0 0 0 0 0 0 0 0 0 0 0 0 0 0 0 0
  0 0 0 0 0 0 0 0 0 0 0 0 0 0 0 0 0 0 0 0 0 0 0 0 0 0 0 0 0 0 0 0 0 0 0 0 0 0 0
  0 0 0 0 0 0 0 0 0 0 0 0 0 0 0 0 0 0 0 0 0 0 0 0 0 0 0 0 0 0 0 0 0 0 0 0 0 0 0
  0 0 0 0 0 0 0 0 0 0 0 0 0 0 0 0 0 0 0 0 0 0 0 0 0 0 0 0 0 0 0 0 0 0 0 0 0 0 0
  0 0 0 0 0 0 0 0 0 0 0 0 0 0 0 0 0 0 0 0 0 0 0 0 0 0 0 0 0 0 0 0 0 0 0 0 0 0 0
  0 0 0 0 0 0 0 0 0 0 0 0 0 0 0 0 0 0 0 0 0 0 0 0 0 0 0 0 0 0 0 0 0 0 0 0 0 0 0
  0 0 0 0 0 0 0 0 0 0 0 0 0 0 0 0 0 0 0 0 0 0 0 0 0 0 0 0 0 0 0 0 0 0 0 0 0 0 0
  0 0 0 0 0 0 0 0 0 0 0 0 0 0 0 0 0 0 0 0 0 0 0 0 0 0 0 0 0 0 0 0 0 0 0 0 0 0 0
  0 0 0 0 0 0 0 0 0 0 0 0 0 0 0 0 0 0 0 0 0 0 0 0 0 0 0 0 0 0 0 0 0 0 0 0 0 0 0
  0 0 0 0 0 0 0 0 0 0 0 0 0 0 0 0 0 0 0 0 0 0 0 0 0 0 0 0 0 0 0 0 0 0 0 0 0 0 0
  0 0 0 0 0 0 0 0 0 0 0 0 0 0 0 0 0 0 0 0 0 0 0 0 0 0 0 0 0 0 0 0 0 0 0 0 0 0 0
  0 0 0 0 0 0 0 0 0 0 0 0 0 0 0 0 0 0 0 0 0 0 0 0 0 0 0 0 0 0 0 0 0 0 0 0 0 0 0
  0 0 0 0 0 0 0 0 0 0 0 0 0 0 0 0 0 0 0 0 0 0 0 0 0 0 0 0 0 0 0 0 0 0 0 0 0 0 0
  0 0 0 0 0 0 0 0 0 0 0 0 0 0 0 0 0 0 0 0 0 0 0 0 0 0 0 0 0 0 0 0 0 0 0 0 0 0 0
  0 0 0 0 0 0 0 0 0 0 0 0 0 0 0 0 0 0 0 0 0 0 0 0 0 0 0 0 0 0 0 0 0 0 0 0 0 0 0
  0 0 0 0 0 0 0 0 0 0 0 0 0 0 0 0 0 0 0 0 0 0 0 0 0 0 0 0 0 0 0 0 0 0 0 0 0 0 0
  0 0 0 0 0 0 0 0 0 0 0 0 0 0 0 0 0 0 0 0 0 0 0 0 0 0 0 0 0 0 0 0 0 0 0 0 0 0 0
  0 0 0 0 0 0 0 0 0 0 0 0 0 0 0 0 0 0 0 0 0 0 0 0 0 0 0 0 0 0 0 0 0 0 0 0 0 0 0
  0 0 0 0 0 0 0 0 0 0 0 0 0 0 0 0 0 0 0 0 0 0 0 0 0 0 0 0 0 0 0 0 0 0 0 0 0 0 0
  0 0 0 0 0 0 0 0 0 0 0 0 0 0 0 0 0 0 0 0 0 0 0 0 0 0 0 0 0 0 0 0 0 0 0 0 0 0 0
  0 0 0 0 0 0 0 0 0 0 0 0 0 0 0 0 0 0 0 0 0 0 0 0 0 0 0 0 0 0 0 0 0 0 0 0 0 0 0
  0 0 0 0 0 0 0 0 0 0 0 0 0 0 0 0 0 0 0 0 0 0 0 0 0 0 0 0 0 0 0 0 0 0 0 0 0 0 0
  0 0 0 0 0 0 0 0 0 0 0 0 0 0 0 0 0 0 0 0 0 0 0 0 0 0 0 0 0 0 0 0 0 0 0 0 0 0 0
  0 0 0 0 0 0 0 0 0 0 0 0 0 0 0 0 0 0 0 0 0 0 0 0 0 0 0 0 0 0 0 0 0 0 0 0 0 0 0
  0 0 0 0 0 0 0 0 0 0 0 0 0 0 0 0 0 0 0 0 0 0 0 0 0 0 0 0 0 0 0 0 0 0 0 0 0 0 0
  0 0 0 0 0 0 0 0 0 0 0 0 0 0 0 0 0 0 0 0 0 0 0 0 0 0 0 0 0 0 0 0 0 0 0 0 0 0 0
  0 0 0 0 0 0 0 0 0 0 0 0 0 0 0 0 0 0 0 0 0 0 0 0 0 0 0 0 0 0 0 0 0 0 0 0 0 0 0
  0 0 0 0 0 0 0 0 0 0 0 0 0 0 0 0 0 0 0 0 0 0 0 0 0 0 0 0 0 0 0 0 0 0 0 0 0 0 0
  0 0 0 0 0 0 0 0 0 0 0 0 0 0 0 0 0 0 0 0 0 0 0 0 0 0 0 0 0 0 0 0 0 0 0 0 0 0 0
  0 0 0 0 0 0 0 0 0 0 0 0 0 0 0 0 0 0 0 0 0 0 0 0 0 0 0 0 0 0 0 0 0 0 0 0 0 0 0
  0 0 0 0 0 0 0 0 0 0 0 0 0 0 0 0 0 0 0 0 0 0 0 0 0 0 0 0 0 0 0 0 0 0 0 0 0 0 0
  0 0 0 0 0 0 0 0 0 0 0 0 0 0 0 0 0 0 0 0 0 0 0 0 0 0 0 0 0 0 0 0 0 0 0 0 0 0 0
  0 0 0 0 0 0 0 0 0 0 0 0 0 0 0 0 0 0 0 0 0 0 0 0 0 0 0 0 0 0 0 0 0 0 0 0 0 0 0
  0 0 0 0 0 0 0 0 0 0 0 0 0 0 0 0 0 0 0 0 0 0 0 0 0 0 0 0 0 0 0 0 0 0 0 0 0 0 0
  0 0 0 0 0 0 0 0 0 0 0 0 0 0 0 0 0 0 0 0 0 0 0 0 0 0 0 0 0 0 0 0 0 0 0 0 0 0 0
  0 0 0 0 0 0 0 0 0 0 0 0 0 0 0 0 0 0 0 0 0 0 0 0 0 0 0 0 0 0 0 0 0 0 0 0 0 0 0
  0 0 0 0 0 0 0 0 0 0 0 0 0 0 0 0 0 0 0 0 0 0 0 0 0 0 0 0 0 0 0 0 0 0 0 0 0 0 0
  0 0 0 0 0 0 0 0 0 0 0 0 0 0 0 0 0 0 0 0 0 0 0 0 0 0 0 0 0 0 0 0 0 0 0 0 0 0 0
  0 0 0 0 0 0 0 0 0 0 0 0 0 0 0 0 0 0 0 0 0 0 0 0 0 0 0 0 0 0 0 0 0 0 0 0 0 0 0
  0 0 0 0 0 0 0 0 0 0 0 0 0 0 0 0 0 0 0 0 0 0 0 0 0 0 0 0 0 0 0 0 0 0 0 0 0 0 0
  0 0 0 0 0 0 0 0 0 0 0 0 0 0 0 0 0 0 0 0 0 0 0 0 0 0 0 0 0 0 0 0 0 0 0 0 0 0 0
  0 0 0 0 0 0 0 0 0 0 0 0 0 0 0 0 0 0 0 0 0 0 0 0 0 0 0 0 0 0 0 0 0 0 0 0 0 0 0
  0 0 0 0 0 0 0 0 0 0 0 0 0 0 0 0 0 0 0 0 0 0 0 0 0 0 0 0 0 0 0 0 0 0 0 0 0 0 0
  0 0 0 0 0 0 0 0 0 0 0 0 0 0 0 0 0 0 0 0 0 0 0 0 0 0 0 0 0 0 0 0 0 0 0 0 0 0 0
  0 0 0 0 0 0 0 0 0 0 0 0 0 0 0 0 0 0 0 0 0 0 0 0 0 0 0 0 0 0 0 0 0 0 0 0 0 0 0
  0 0 0 0 0 0 0 0 0 0 0 0 0 0 0 0 0 0 0 0 0 0 0 0 0 0 0 0 0 0 0 0 0 0 0 0 0 0 0
  0 0 0 0 0 0 0 0 0 0 0 0 0 0 0 0 0 0 0 0 0 0 0 0 0 0 0 0 0 0 0 0 0 0 0 0 0 0 0
  0 0 0 0 0 0 0 0 0 0 0 0 0 0 0 0 0 0 0 0 0 0 0 0 0 0 0 0 0 0 0 0 0 0 0 0 0 0 0
  0 0 0 0 0 0 0 0 0 0 0 0 0 0 0 0 0 0 0 0 0 0 0 0 0 0 0 0 0 0 0 0 0 0 0 0 0 0 0
  0 0 0 0 0 0 0 0 0 0 0 0 0 0 0 0 0 0 0 0 0 0 0 0 0 0 0 0 0 0 0 0 0 0 0 0 0 0 0
  0 0 0 0 0 0 0 0 0 0 0 0 0 0 0 0 0 0 0 0 0 0 0 0 0 0 0 0 0 0 0 0 0 0 0 0 0 0 0
  0 0 0 0 0 0 0 0 0 0 0 0 0 0 0 0 0 0 0 0 0 0 0 0 0 0 0 0 0 0 0 0 0 0 0 0 0 0 0
  0 0 0 0 0 0 0 0 0 0 0 0 0 0 0 0 0 0 0 0 0 0 0 0 0 0 0 0 0 0 0 0 0 0 0 0 0 0 0
  0 0 0 0 0 0 0 0 0 0 0 0 0 0 0 0 0 0 0 0 0 0 0 0 0 0 0 0 0 0 0 0 0 0 0 0 0 0 0
  0 0 0 0 0 0 0 0 0 0 0 0 0 0 0 0 0 0 0 0 0 0 0 0 0 0 0 0 0 0 0 0 0 0 0 0 0 0 0
  0 0 0 0 0 0 0 0 0 0 0 0 0 0 0 0 0 0 0 0 0 0 0 0 0 0 0 0 0 0 0 0 0 0 0 0 0 0 0
  0 0 0 0 0 0 0 0 0 0 0 0 0 0 0 0 0 0 0 0 0 0 0 0 0 0 0 0 0 0 0 0 0 0 0 0 0 0 0
  0 0 0 0 0 0 0 0 0 0 0 0 0 0 0 0 0 0 0 0 0 0 0 0 0 0 0 0 0 0 0 0 0 0 0 0 0 0 0
  0 0 0 0 0 0 0 0 0 0 0 0 0 0 0 0 0 0 0 0 0 0 0 0 0 0 0 0 0 0 0 0 0 0 0 0 0 0 0
  0 0 0 0 0 0 0 0 0 0 0 0 0 0 0 0 0 0 0 0 0 0 0 0 0 0 0 0 0 0 0 0 0 0 0 0 0 0 0
  0 0 0 0 0 0 0 0 0 0 0 0 0 0 0 0 0 0 0 0 0 0 0 0 0 0 0 0 0 0 0 0 0 0 0 0 0 0 0
  0 0 0 0 0 0 0 0 0 0 0 0 0 0 0 0 0 0 0 0 0 0 0 0 0 0 0 0 0 0 0 0 0 0 0 0 0 0 0
  0 0 0 0 0 0 0 0 0 0 0 0 0 0 0 0 0 0 0 0 0 0 0 0 0 0 0 0 0 0 0 0 0 0 0 0 0 0 0
  0 0 0 0 0 0 0 0 0 0 0 0 0 0 0 0 0 0 0 0 0 0 0 0 0 0 0 0 0 0 0 0 0 0 0 0 0 0 0
  0 0 0 0 0 0 0 0 0 0 0 0 0 0 0 0 0 0 0 0 0 0 0 0 0 0 0 0 0 0 0 0 0 0 0 0 0 0 0
  0 0 0 0 0 0 0 0 0 0 0 0 0 0 0 0 0 0 0 0 0 0 0 0 0 0 0 0 0 0 0 0 0 0 0 0 0 0 0
  0 0 0 0 0 0 0 0 0 0 0 0 0 0 0 0 0 0 0 0 0 0 0 0 0 0 0 0 0 0 0 0 0 0 0 0 0 0 0
  0 0 0 0 0 0 0 0 0 0 0 0 0 0 0 0 0 0 0 0 0 0 0 0 0 0 0 0 0 0 0 0 0 0 0 0 0 0 0
  0 0 0 0 0 0 0 0 0 0 0 0 0 0 0 0 0 0 0 0 0 0 0 0 0 0 0 0 0 0 0 0 0 0 0 0 0 0 0
  0 0 0 0 0 0 0 0 0 0 0 0 0 0 0 0 0 0 0 0 0 0 0 0 0 0 0 0 0 0 0 0 0 0 0 0 0 0 0
  0 0 0 0 0 0 0 0 0 0 0 0 0 0 0 0 0 0 0 0 0 0 0 0 0 0 0 0 0 0 0 0 0 0 0 0 0 0 0
  0 0 0 0 0 0 0 0 0 0 0 0 0 0 0 0 0 0 0 0 0 0 0 0 0 0 0 0 0 0 0 0 0 0 0 0 0 0 0
  0 0 0 0 0 0 0 0 0 0 0 0 0 0 0 0 0 0 0 0 0 0 0 0 0 0 0 0 0 0 0 0 0 0 0 0 0 0 0
  0 0 0 0 0 0 0 0 0 0 0 0 0 0 0 0 0 0 0 0 0 0 0 0 0 0 0 0 0 0 0 0 0 0 0 0 0 0 0
  0 0 0 0 0 0 0 0 0 0 0 0 0 0 0 0 0 0 0 0 0 0 0 0 0 0 0 0 0 0 0 0 0 0 0 0 0 0 0
  0 0 0 0 0 0 0 0 0 0 0 0 0 0 0 0 0 0 0 0 0 0 0 0 0 0 0 0 0 0 0 0 0 0 0 0 0 0 0
  0 0 0 0 0 0 0 0 0 0 0 0 0 0 0 0 0 0 0 0 0 0 0 0 0 0 0 0 0 0 0 0 0 0 0 0 0 0 0
  0 0 0 0 0 0 0 0 0 0 0 0 0 0 0 0 0 0 0 0 0 0 0 0 0 0 0 0 0 0 0 0 0 0 0 0 0 0 0
  0 0 0 0 0 0 0 0 0 0 0 0 0 0 0 0 0 0 0 0 0 0 0 0 0 0 0 0 0 0 0 0 0 0 0 0 0 0 0
  0 0 0 0 0 0 0 0 0 0 0 0 0 0 0 0 0 0 0 0 0 0 0 0 0 0 0 0 0 0 0 0 0 0 0 0 0 0 0
  0 0 0 0 0 0 0 0 0 0 0 0 0 0 0 0 0 0 0 0 0 0 0 0 0 0 0 0 0 0 0 0 0 0 0 0 0 0 0
  0 0 0 0 0 0 0 0 0 0 0 0 0 0 0 0 0 0 0 0 0 0 0 0 0 0 0 0 0 0 0 0 0 0 0 0 0 0 0
  0 0 0 0 0 0 0 0 0 0 0 0 0 0 0 0 0 0 0 0 0 0 0 0 0 0 0 0 0 0 0 0 0 0 0 0 0 0 0
  0 0 0 0 0 0 0 0 0 0 0 0 0 0 0 0 0 0 0 0 0 0 0 0 0 0 0 0 0 0 0 0 0 0 0 0 0 0 0
  0 0 0 0 0 0 0 0 0 0 0 0 0 0 0 0 0 0 0 0 0 0 0 0 0 0 0 0 0 0 0 0 0 0 0 0 0 0 0
  0 0 0 0 0 0 0 0 0 0 0 0 0 0 0 0 0 0 0 0 0 0 0 0 0 0 0 0 0 0 0 0 0 0 0 0 0 0 0
  0 0 0 0 0 0 0 0 0 0 0 0 0 0 0 0 0 0 0 0 0 0 0 0 0 0 0 0 0 0 0 0 0 0 0 0 0 0 0
  0 0 0 0 0 0 0 0 0 0 0 0 0 0 0 0 0 0 0 0 0 0 0 0 0 0 0 0 0 0 0 0 0 0 0 0 0 0 0
  0 0 0 0 0 0 0 0 0 0 0 0 0 0 0 0 0 0 0 0 0 0 0 0 0 0 0 0 0 0 0 0 0 0 0 0 0 0 0
  0 0 0 0 0 0 0 0 0 0 0 0 0 0 0 0 0 0 0 0 0 0 0 0 0 0 0 0 0 0 0 0 0 0 0 0 0 0 0
  0 0 0 0 0 0 0 0 0 0 0 0 0 0 0 0 0 0 0 0 0 0 0 0 0 0 0 0 0 0 0 0 0 0 0 0 0 0 0
  0 0 0 0 0 0 0 0 0 0 0 0 0 0 0 0 0 0 0 0 0 0 0 0 0 0 0 0 0 0 0 0 0 0 0 0 0 0 0
  0 0 0 0 0 0 0 0 0 0 0 0 0 0 0 0 0 0 0 0 0 0 0 0 0 0 0 0 0 0 0 0 0 0 0 0 0 0 0
  0 0 0 0 0 0 0 0 0 0 0 0 0 0 0 0 0 0 0 0 0 0 0 0 0 0 0 0 0 0 0 0 0 0 0 0 0 0 0
  0 0 0 0 0 0 0 0 0 0 0 0 0 0 0 0 0 0 0 0 0 0 0 0 0 0 0 0 0 0 0 0 0 0 0 0 0 0 0
  0 0 0 0 0 0 0 0 0 0 0 0 0 0 0 0 0 0 0 0 0 0 0 0 0 0 0 0 0 0 0 0 0 0 0 0 0 0 0
  0 0 0 0 0 0 0 0 0 0 0 0 0 0 0 0 0 0 0 0 0 0 0 0 0 0 0 0 0 0 0 0 0 0 0 0 0 0 0
  0 0 0 0 0 0 0 0 0 0 0 0 0 0 0 0 0 0 0 0 0 0 0 0 0 0 0 0 0 0 0 0 0 0 0 0 0 0 0
  0) 
#(0 13 12 11 12 13 12 11 10 10 11 12 13 14 13 12 14 13 12 11 11 12 11 10 10 11
  12 13 14 15 14 13 13 12 11 10 11 12 11 10 9 10 11 12 13 14 15 14 14 13 12 11
  12 13 12 11 10 9 10 11 12 13 14 13 13 12 11 12 13 14 13 12 11 10 9 10 11 12
  13 12 0 12 12 13 14 15 14 13 12 11 10 9 10 11 12 11 13 0 11 12 13 14 13 14 13
  12 11 10 9 10 11 11 14 0 11 11 12 13 14 15 14 13 12 11 10 10 11 12 13 12 0 10
  11 12 13 14 15 14 13 12 11 10 10 11 14 13 0 10 10 11 12 13 14 13 14 13 12 11
  11 12 13 12 11 0 9 10 11 12 13 14 15 14 13 12 11 11 14 13 12 11 0 9 10 11 12
  13 14 13 12 11 10 10 13 14 13 12 0 9 10 10 11 12 13 12 11 10 11 11 14 15 14
  13 12 0 11 11 12 11 12 11 12 11 12 11 13 14 15 14 13 12 0 0 13 12 13 12 13 12
  13 12 0 0 0 0 0 0 0 0 14 13 14 13 14 13 14 13 0 13 12 11 12 13 12 11 10 10 11
  12 13 14 13 12 14 13 12 11 11 12 11 10 10 11 12 13 14 15 14 13 13 12 11 10 11
  12 11 10 9 10 11 12 13 14 15 14 14 13 12 11 12 13 12 11 10 9 10 11 12 13 14
  13 0 12 12 12 13 14 13 12 11 10 9 10 11 12 13 12 14 0 13 13 14 15 14 13 12 11
  10 9 10 11 12 11 13 0 12 12 13 14 13 14 13 12 11 10 9 10 11 12 14 0 0 11 12
  13 14 15 14 13 12 11 10 11 12 13 13 12 11 0 11 12 13 14 15 14 13 12 11 10 11
  12 14 13 12 0 10 11 12 13 14 13 14 13 12 11 12 13 13 12 11 10 0 10 11 12 13
  14 15 14 13 12 11 12 14 13 12 11 10 0 10 11 12 13 14 13 12 11 10 11 13 14 13
  12 11 10 0 10 11 12 13 12 11 10 11 12 14 15 14 13 12 11 12 0 12 11 12 11 12
  11 12 11 0 0 15 14 13 12 13 12 13 12 13 12 13 12 13 12 14 0 14 13 14 13 14 13
  14 13 14 13 14 13 14 13 0 13 12 11 12 13 12 11 10 10 11 12 13 14 13 12 14 13
  12 11 11 12 11 10 10 11 12 13 14 15 14 13 0 12 11 10 11 12 11 10 9 10 11 12
  13 14 15 14 0 12 12 11 12 13 12 11 10 9 10 11 12 13 14 13 13 0 13 12 13 14 13
  12 11 10 9 10 11 12 13 12 14 15 14 13 14 15 14 13 12 11 10 9 10 11 12 11 13
  14 0 12 13 14 13 14 13 12 11 10 9 10 11 12 14 13 13 0 12 13 14 15 14 13 12 11
  10 11 12 13 13 12 12 11 0 12 13 14 15 14 13 12 11 10 11 12 14 13 12 11 10 0
  12 13 14 13 14 13 12 11 12 13 13 12 11 10 9 0 11 12 13 14 15 14 13 12 11 12
  14 13 12 11 10 9 0 11 12 13 14 13 12 11 10 11 0 14 13 12 11 10 0 0 11 12 13
  12 11 10 11 12 0 15 14 13 12 11 12 11 0 11 12 11 12 11 12 11 15 0 15 14 13 12
  13 12 13 0 13 12 13 12 13 12 14 15 0 0 14 13 14 13 14 0 14 13 14 13 14 13 0
  13 12 11 12 13 12 11 10 10 11 12 13 14 13 12 0 12 12 11 11 12 11 10 10 11 12
  13 14 15 14 13 13 12 11 10 11 12 11 10 9 10 11 12 13 14 15 14 0 0 11 11 12 13
  12 11 10 9 10 11 12 13 14 13 13 14 0 12 13 14 13 12 11 10 9 10 11 12 13 12 14
  15 0 13 14 15 14 13 12 11 10 9 10 11 12 11 13 14 15 0 13 14 13 14 13 12 11 10
  9 10 11 12 14 13 14 13 0 13 14 15 14 13 12 11 10 11 12 13 13 12 13 12 11 0 13
  14 15 14 13 12 11 10 11 12 14 13 12 11 10 10 0 13 14 13 14 13 12 11 12 13 13
  12 11 11 10 10 0 12 13 14 15 14 13 12 11 12 0 12 12 11 11 10 10 0 12 13 14 13
  12 11 10 11 15 0 0 12 11 11 10 0 0 12 13 12 11 10 11 12 14 15 0 12 12 11 11
  12 0 0 0 11 11 10 11 11 15 14 15 0 12 11 12 13 12 13 0 11 12 11 12 11 14 15
  14 15 0 0 0 0 0 0 0 0 0 0 0 0 0 13 12 11 12 13 12 11 10 10 11 12 13 14 13 12
  14 0 13 12 11 12 11 10 10 11 12 13 14 15 14 13 13 0 12 11 11 12 11 10 9 10 11
  12 13 14 15 14 14 15 0 11 12 13 12 11 10 9 10 11 12 13 14 13 13 14 0 0 13 14
  13 12 11 10 9 10 11 12 13 12 14 15 14 0 14 15 14 13 12 11 10 9 10 11 12 11 13
  14 15 14 0 14 13 14 13 12 11 10 9 10 11 12 14 13 14 13 0 0 14 15 14 13 12 11
  10 11 12 13 13 12 13 12 11 12 0 14 15 14 13 12 11 10 11 12 0 12 12 11 11 11 0
  0 14 13 14 13 12 11 12 13 0 13 12 12 11 11 10 11 0 14 15 14 13 12 11 12 14 0
  13 12 12 11 11 11 11 0 14 13 12 11 10 11 15 14 0 13 12 12 11 12 11 12 0 12 11
  10 11 11 14 15 14 0 13 12 12 13 12 13 12 0 10 0 12 0 15 14 15 14 0 0 0 14 13
  14 13 0 0 12 13 12 14 15 14 15 14 15 14 15 14 15 14 15 0 13 14 13 0 0 13 12
  12 13 12 11 10 10 11 12 13 14 13 12 14 15 14 13 12 12 11 10 10 11 12 13 14 15
  14 13 13 14 0 12 11 12 11 10 9 10 11 12 13 14 15 14 14 15 0 0 12 13 12 11 10
  9 10 11 12 13 14 13 13 14 13 0 0 14 13 12 11 10 9 10 11 12 13 12 14 15 14 0 0
  15 14 13 12 11 10 9 10 11 12 11 13 14 15 14 0 0 0 14 13 12 11 10 9 10 11 12 0
  13 14 13 0 0 0 15 14 13 12 11 10 11 12 13 0 12 13 12 12 13 12 0 15 14 13 12
  11 10 11 12 14 0 13 12 12 12 11 12 0 13 14 13 12 11 12 13 15 14 0 13 12 12 11
  11 12 0 15 14 13 12 11 12 14 15 14 0 13 12 12 11 11 12 0 13 12 11 10 11 15 14
  15 14 0 13 12 12 11 12 0 0 11 10 11 0 14 15 14 15 14 0 0 12 12 13 12 11 0 0
  12 11 15 14 15 14 15 14 15 0 13 14 13 0 0 0 13 12 14 15 14 15 14 15 14 15 14
  15 14 15 14 13 14 13 0 14 0 11 12 13 12 11 10 10 11 12 13 14 13 12 14 15 0 0
  11 12 11 10 10 11 12 13 14 15 14 13 13 14 0 0 10 11 10 10 9 10 11 12 13 14 15
  14 14 15 14 15 0 12 11 10 9 9 10 11 12 13 14 13 13 14 13 14 15 0 12 11 10 9 9
  10 11 12 13 12 14 15 14 13 14 15 0 12 11 10 9 9 10 11 12 11 0 0 15 14 15 14
  15 0 12 11 10 9 9 10 11 12 14 0 14 13 14 15 14 15 0 12 11 10 10 11 12 13 15 0
  0 13 13 14 13 14 15 0 12 11 10 10 11 12 14 15 14 0 13 13 12 13 14 13 0 12 11
  11 12 13 15 14 15 14 0 13 12 12 13 14 15 0 12 11 11 12 14 15 14 15 14 0 13 12
  12 13 14 13 0 10 11 12 15 14 15 14 15 14 0 13 12 12 13 12 11 0 10 0 14 15 14
  15 14 15 14 0 13 12 12 12 12 0 0 11 15 14 15 14 15 14 15 14 0 0 13 0 13 12 13
  0 14 15 14 15 14 15 14 15 14 15 14 15 14 13 14 0 0 14 13 0 12 13 12 11 10 10
  11 12 13 14 13 12 14 15 14 13 0 12 11 10 10 11 12 13 14 15 14 13 13 14 13 14
  0 0 10 11 10 10 11 12 13 14 15 14 14 15 14 15 0 0 11 10 9 9 10 11 12 13 14 13
  0 14 13 14 15 14 0 11 10 9 9 10 11 12 13 12 0 15 14 13 14 15 14 0 0 10 9 9 10
  11 12 11 15 0 15 14 15 14 15 14 0 11 10 9 9 10 11 12 14 15 0 0 14 15 14 15 14
  0 0 9 10 11 12 13 15 14 15 14 0 14 13 14 15 14 13 0 9 10 11 12 14 15 14 15 14
  0 13 13 14 13 14 13 0 11 12 13 15 14 15 14 15 14 0 12 13 14 15 14 0 11 11 12
  14 15 14 15 14 15 14 0 13 13 14 13 12 0 0 13 15 14 15 14 15 14 15 14 0 13 13
  12 11 10 10 0 14 15 14 15 14 15 14 15 14 0 12 13 12 11 11 0 15 14 15 14 15 14
  15 14 15 14 0 14 13 12 12 0 14 15 14 15 14 15 14 15 14 15 14 15 0 0 0 0 0 0 0
  0 12 13 12 12 11 10 11 12 13 14 13 12 0 15 14 13 12 0 11 11 10 11 12 13 14 15
  14 13 0 14 13 14 13 12 0 12 11 10 11 12 13 14 15 14 0 15 14 15 14 13 12 0 10
  9 10 11 12 13 14 13 15 0 0 14 15 14 13 12 0 9 10 11 11 12 13 12 14 15 14 0 14
  15 14 13 12 0 9 10 11 11 12 11 15 14 15 0 15 14 15 14 13 12 0 9 10 11 11 11
  14 15 14 15 0 15 14 15 14 13 12 0 9 10 11 12 15 14 15 14 15 0 0 14 15 14 13
  12 0 0 10 11 14 15 14 15 14 15 14 0 14 13 14 13 12 11 0 12 15 14 15 14 15 14
  15 0 0 14 15 14 13 12 11 0 14 15 14 15 14 15 14 15 14 0 14 13 12 11 11 0 15
  14 15 14 15 14 15 14 15 14 0 0 11 10 11 11 14 15 14 15 14 15 14 15 14 15 0 0
  11 11 12 11 15 14 15 14 15 14 15 14 15 14 15 0 12 12 13 12 14 15 14 15 14 15
  14 15 14 15 14 15 0 13 14 0 0 14 13 12 12 13 12 13 12 11 11 12 13 14 13 12 0
  15 14 13 0 12 0 0 11 11 12 13 14 15 14 13 13 0 0 14 13 12 12 13 0 10 11 12 13
  14 15 14 0 15 0 15 14 13 12 12 11 0 10 11 12 13 14 13 15 14 15 0 15 14 13 12
  11 10 0 12 11 12 13 12 14 15 14 15 0 15 14 13 12 11 10 0 12 11 12 11 15 14 15
  14 15 0 15 14 13 12 11 10 0 12 11 12 14 15 14 15 14 15 0 15 14 13 12 11 10 0
  0 13 15 14 15 14 15 14 15 0 15 14 13 12 11 11 0 12 14 15 14 15 14 15 14 15 0
  13 14 13 12 12 0 0 15 14 15 14 15 14 15 14 15 0 15 14 13 12 12 13 14 15 14 15
  14 15 14 15 14 15 0 13 12 11 12 13 15 14 15 14 15 14 15 14 15 14 15 0 11 10
  11 12 14 15 14 15 14 15 14 15 14 15 14 15 0 0 12 11 15 14 15 14 15 14 15 14
  15 14 15 14 0 0 13 12 14 15 14 15 14 15 14 15 14 15 14 15 14 0 14 0 13 14 13
  12 12 13 13 14 13 12 11 12 13 14 13 12 14 15 0 0 0 13 14 15 0 11 12 13 14 15
  14 13 13 14 0 0 12 12 13 14 13 0 0 12 13 14 15 14 0 15 14 15 0 0 12 13 12 11
  11 0 13 13 14 13 15 14 15 14 15 0 12 12 11 11 12 13 0 13 13 12 14 15 14 15 14
  15 0 12 12 11 11 12 13 0 13 12 15 14 15 14 15 14 15 0 12 11 10 11 12 13 0 12
  14 15 14 15 14 15 14 15 0 12 11 10 11 12 13 0 15 14 15 14 15 14 15 14 15 0 0
  0 11 12 13 0 14 15 14 15 14 15 14 15 14 0 0 0 12 13 14 15 15 14 15 14 15 14
  15 14 15 14 15 0 0 12 13 14 14 15 14 15 14 15 14 15 14 15 14 0 0 11 12 13 15
  14 15 14 15 14 15 14 15 14 15 14 0 0 11 12 14 15 14 15 14 15 14 15 14 15 14
  15 14 0 12 11 15 14 15 14 15 14 15 14 15 14 15 14 15 14 13 12 14 15 14 15 14
  15 14 15 14 15 14 15 14 15 0 0 13 14 13 0 12 13 13 14 13 12 11 12 13 14 13 12
  14 15 14 0 0 13 14 15 14 0 0 0 14 15 14 13 0 14 0 14 0 12 13 14 13 12 12 13 0
  14 15 14 14 15 14 15 14 0 13 13 12 11 12 13 14 0 14 13 15 14 15 14 15 14 0 13
  12 12 13 14 15 14 0 12 14 15 14 15 14 15 14 0 13 12 12 13 14 15 14 0 15 14 15
  14 15 14 15 14 0 0 11 12 13 14 15 0 14 15 14 15 14 15 14 15 14 0 10 11 12 13
  14 15 15 14 15 14 15 14 15 14 15 14 0 0 11 12 13 14 14 15 14 15 14 15 14 15
  14 15 14 0 12 13 14 15 15 14 15 14 15 14 15 14 15 14 15 14 0 12 13 14 14 15
  14 15 14 15 14 15 14 15 14 15 0 0 12 13 15 14 15 14 15 14 15 14 15 14 15 14
  15 0 11 12 14 15 14 15 14 15 14 15 14 15 14 15 14 15 0 12 15 14 15 14 15 14
  15 14 15 14 15 14 15 14 0 12 14 15 14 15 14 15 14 15 14 15 14 15 14 15 14 0 0
  0 0 0 0 0 0 0 0 0 0 0 13 14 13 12 14 15 14 15 14 0 14 15 14 13 14 15 0 15 14
  13 15 14 15 14 15 0 0 0 13 12 13 14 15 0 15 14 14 15 14 15 14 15 14 0 0 11 12
  13 14 0 0 13 15 14 15 14 15 14 15 14 0 12 13 14 15 14 15 0 14 15 14 15 14 15
  14 15 14 0 12 13 14 15 14 15 15 14 15 14 15 14 15 14 15 0 11 12 13 14 15 14
  14 15 14 15 14 15 14 15 14 15 0 11 12 13 14 15 15 14 15 14 15 14 15 14 15 14
  15 0 11 12 13 14 14 15 14 15 14 15 14 15 14 15 14 15 0 13 14 15 15 14 15 14
  15 14 15 14 15 14 15 14 15 0 13 14 14 15 14 15 14 15 14 15 14 15 14 15 14 0
  12 13 15 14 15 14 15 14 15 14 15 14 15 14 15 14 0 0 14 15 14 15 14 15 14 15
  14 15 14 15 14 15 14 13 15 14 15 14 15 14 15 14 15 14 15 14 15 14 15 0 14 15
  14 15 14 15 14 15 14 15 14 15 14 15 14 0 15 14 15 14 15 14 0 14 13 12 13 14 0
  0 12 11 14 15 14 15 14 15 0 15 14 13 14 15 14 15 0 12 15 14 15 14 15 14 15 0
  13 12 13 14 15 14 15 0 14 15 14 15 14 15 14 15 0 0 12 13 14 15 14 0 15 14 15
  14 15 14 15 14 15 0 13 14 15 14 15 14 14 15 14 15 14 15 14 15 14 15 0 13 14
  15 14 15 15 14 15 14 15 14 15 14 15 14 0 13 13 14 15 14 14 15 14 15 14 15 14
  15 14 15 14 0 12 13 14 15 15 14 15 14 15 14 15 14 15 14 15 14 0 12 13 14 14
  15 14 15 14 15 14 15 14 15 14 15 14 0 14 15 15 14 15 14 15 14 15 14 15 14 15
  14 15 14 13 14 14 15 14 15 14 15 14 15 14 15 14 15 14 15 0 13 15 14 15 14 15
  14 15 14 15 14 15 14 15 14 15 0 14 15 14 15 14 15 14 15 14 15 14 15 14 15 14
  0 15 14 15 14 15 14 15 14 15 14 15 14 15 14 15 14 14 15 14 15 14 15 14 15 14
  15 14 15 14 15 14 0 15 14 15 14 15 14 15 14 13 12 13 14 13 14 0 11 14 15 14
  15 14 15 14 15 14 13 14 15 14 15 0 0 15 14 15 14 15 14 15 14 0 13 13 14 15 14
  15 14 14 15 14 15 14 15 14 15 14 0 13 13 14 15 14 15 15 14 15 14 15 14 15 14
  15 14 0 14 15 14 15 14 14 15 14 15 14 15 14 15 14 15 14 0 14 15 14 15 15 14
  15 14 15 14 15 14 15 14 15 14 0 14 15 14 14 15 14 15 14 15 14 15 14 15 14 15
  0 13 14 15 15 14 15 14 15 14 15 14 15 14 15 14 15 0 0 14 14 15 14 15 14 15 14
  15 14 15 14 15 14 15 0 15 15 14 15 14 15 14 15 14 15 14 15 14 15 14 0 14 14
  15 14 15 14 15 14 15 14 15 14 15 14 15 14 0 15 14 15 14 15 14 15 14 15 14 15
  14 15 14 15 14 14 15 14 15 14 15 14 15 14 15 14 15 14 15 14 15 15 14 15 14 15
  14 15 14 15 14 15 14 15 14 15 14 14 15 14 15 14 15 14 15 14 15 14 15 14 15 14
  0 15 14 15 14 15 14 15 14 0 0 0 0 0 0 0 0 14 15 14 15 14 15 14 15 0 0 14 15
  14 15 14 15 15 14 15 14 15 14 15 14 15 14 0 14 15 14 15 14 14 15 14 15 14 15
  14 15 14 15 14 0 14 15 14 15 15 14 15 14 15 14 15 14 15 14 15 0 15 14 15 14
  14 15 14 15 14 15 14 15 14 15 14 15 0 15 14 15 15 14 15 14 15 14 15 14 15 14
  15 14 15 0 15 14 14 15 14 15 14 15 14 15 14 15 14 15 14 0 14 15 15 14 15 14
  15 14 15 14 15 14 15 14 15 14 0 14 14 15 14 15 14 15 14 15 14 15 14 15 14 15
  0 15 15 14 15 14 15 14 15 14 15 14 15 14 15 14 15 0 14 15 14 15 14 15 14 15
  14 15 14 15 14 15 14 15 15 14 15 14 15 14 15 14 15 14 15 14 15 14 15 14 14 15
  14 15 14 15 14 15 14 15 14 15 14 15 14 15 15 14 15 14 15 14 15 14 15 14 15 14
  15 14 15 14 14 15 14 15 14 15 14 15 14 15 14 15 14 15 14 0) 