
#(0 0 0 0 0 0 0 0 0 0 0 0 0 0 0 0 0 0 0 0 0 0 0 0 0 0 0 0 0 0 0 0 0 0 0 0 0 0 0
  0 0 0 0 0 0 0 0 0 0 0 0 0 0 0 0 0 0 0 0 0 0 0 0 0 0 0 0 0 0 0 0 0 0 0 0 0 0 0
  0 0 0 0 0 0 0 0 0 0 0 0 0 0 0 0 0 0 0 0 0 0 0 0 0 0 0 0 0 0 0 0 0 0 0 0 0 0 0
  0 0 0 0 0 0 0 0 0 0 0 0 0 0 0 0 0 0 0 0 0 0 0 0 0 0 0 0 0 0 0 0 0 0 0 0 0 0 0
  0 0 0 0 0 0 0 0 0 0 0 0 0 0 0 0 0 0 0 0 0 0 0 0 0 0 0 0 0 0 0 0 0 0 0 0 0 0 0
  0 0 0 0 0 0 0 0 0 0 0 0 0 0 0 0 0 0 0 0 0 0 0 0 0 0 0 0 0 0 0 0 0 0 0 0 0 0 0
  0 0 0 0 0 0 0 0 0 0 0 0 0 0 0 0 0 0 0 0 0 0 0 0 0 0 0 0 0 0 0 0 0 0 0 0 0 0 0
  0 0 0 0 0 0 0 0 0 0 0 0 0 0 0 0 0 0 0 0 0 0 0 0 0 0 0 0 0 0 0 0 0 0 0 0 0 0 0
  0 0 0 0 0 0 0 0 0 0 0 0 0 0 0 0 0 0 0 0 0 0 0 0 0 0 0 0 0 0 0 0 0 0 0 0 0 0 0
  0 0 0 0 0 0 0 0 0 0 0 0 0 0 0 0 0 0 0 0 0 0 0 0 0 0 0 0 0 0 0 0 0 0 0 0 0 0 0
  0 0 0 0 0 0 0 0 0 0 0 0 0 0 0 0 0 0 0 0 0 0 0 0 0 0 0 0 0 0 0 0 0 0 0 0 0 0 0
  0 0 0 0 0 0 0 0 0 0 0 0 0 0 0 0 0 0 0 0 0 0 0 0 0 0 0 0 0 0 0 0 0 0 0 0 0 0 0
  0 0 0 0 0 0 0 0 0 0 0 0 0 0 0 0 0 0 0 0 0 0 0 0 0 0 0 0 0 0 0 0 0 0 0 0 0 0 0
  0 0 0 0 0 0 0 0 0 0 0 0 0 0 0 0 0 0 0 0 0 0 0 0 0 0 0 0 0 0 0 0 0 0 0 0 0 0 0
  0 0 0 0 0 0 0 0 0 0 0 0 0 0 0 0 0 0 0 0 0 0 0 0 0 0 0 0 0 0 0 0 0 0 0 0 0 0 0
  0 0 0 0 0 0 0 0 0 0 0 0 0 0 0 0 0 0 0 0 0 0 0 0 0 0 0 0 0 0 0 0 0 0 0 0 0 0 0
  0 0 0 0 0 0 0 0 0 0 0 0 0 0 0 0 0 0 0 0 0 0 0 0 0 0 0 0 0 0 0 0 0 0 0 0 0 0 0
  0 0 0 0 0 0 0 0 0 0 0 0 0 0 0 0 0 0 0 0 0 0 0 0 0 0 0 0 0 0 0 0 0 0 0 0 0 0 0
  0 0 0 0 0 0 0 0 0 0 0 0 0 0 0 0 0 0 0 0 0 0 0 0 0 0 0 0 0 0 0 0 0 0 0 0 0 0 0
  0 0 0 0 0 0 0 0 0 0 0 0 0 0 0 0 0 0 0 0 0 0 0 0 0 0 0 0 0 0 0 0 0 0 0 0 0 0 0
  0 0 0 0 0 0 0 0 0 0 0 0 0 0 0 0 0 0 0 0 0 0 0 0 0 0 0 0 0 0 0 0 0 0 0 0 0 0 0
  0 0 0 0 0 0 0 0 0 0 0 0 0 0 0 0 0 0 0 0 0 0 0 0 0 0 0 0 0 0 0 0 0 0 0 0 0 0 0
  0 0 0 0 0 0 0 0 0 0 0 0 0 0 0 0 0 0 0 0 0 0 0 0 0 0 0 0 0 0 0 0 0 0 0 0 0 0 0
  0 0 0 0 0 0 0 0 0 0 0 0 0 0 0 0 0 0 0 0 0 0 0 0 0 0 0 0 0 0 0 0 0 0 0 0 0 0 0
  0 0 0 0 0 0 0 0 0 0 0 0 0 0 0 0 0 0 0 0 0 0 0 0 0 0 0 0 0 0 0 0 0 0 0 0 0 0 0
  0 0 0 0 0 0 0 0 0 0 0 0 0 0 0 0 0 0 0 0 0 0 0 0 0 0 0 0 0 0 0 0 0 0 0 0 0 0 0
  0 0 0 0 0 0 0 0 0 0 0 0 0 0 0 0 0 0 0 0 0 0 0 0 0 0 0 0 0 0 0 0 0 0 0 0 0 0 0
  0 0 0 0 0 0 0 0 0 0 0 0 0 0 0 0 0 0 0 0 0 0 0 0 0 0 0 0 0 0 0 0 0 0 0 0 0 0 0
  0 0 0 0 0 0 0 0 0 0 0 0 0 0 0 0 0 0 0 0 0 0 0 0 0 0 0 0 0 0 0 0 0 0 0 0 0 0 0
  0 0 0 0 0 0 0 0 0 0 0 0 0 0 0 0 0 0 0 0 0 0 0 0 0 0 0 0 0 0 0 0 0 0 0 0 0 0 0
  0 0 0 0 0 0 0 0 0 0 0 0 0 0 0 0 0 0 0 0 0 0 0 0 0 0 0 0 0 0 0 0 0 0 0 0 0 0 0
  0 0 0 0 0 0 0 0 0 0 0 0 0 0 0 0 0 0 0 0 0 0 0 0 0 0 0 0 0 0 0 0 0 0 0 0 0 0 0
  0 0 0 0 0 0 0 0 0 0 0 0 0 0 0 0 0 0 0 0 0 0 0 0 0 0 0 0 0 0 0 0 0 0 0 0 0 0 0
  0 0 0 0 0 0 0 0 0 0 0 0 0 0 0 0 0 0 0 0 0 0 0 0 0 0 0 0 0 0 0 0 0 0 0 0 0 0 0
  0 0 0 0 0 0 0 0 0 0 0 0 0 0 0 0 0 0 0 0 0 0 0 0 0 0 0 0 0 0 0 0 0 0 0 0 0 0 0
  0 0 0 0 0 0 0 0 0 0 0 0 0 0 0 0 0 0 0 0 0 0 0 0 0 0 0 0 0 0 0 0 0 0 0 0 0 0 0
  0 0 0 0 0 0 0 0 0 0 0 0 0 0 0 0 0 0 0 0 0 0 0 0 0 0 0 0 0 0 0 0 0 0 0 0 0 0 0
  0 0 0 0 0 0 0 0 0 0 0 0 0 0 0 0 0 0 0 0 0 0 0 0 0 0 0 0 0 0 0 0 0 0 0 0 0 0 0
  0 0 0 0 0 0 0 0 0 0 0 0 0 0 0 0 0 0 0 0 0 0 0 0 0 0 0 0 0 0 0 0 0 0 0 0 0 0 0
  0 0 0 0 0 0 0 0 0 0 0 0 0 0 0 0 0 0 0 0 0 0 0 0 0 0 0 0 0 0 0 0 0 0 0 0 0 0 0
  0 0 0 0 0 0 0 0 0 0 0 0 0 0 0 0 0 0 0 0 0 0 0 0 0 0 0 0 0 0 0 0 0 0 0 0 0 0 0
  0 0 0 0 0 0 0 0 0 0 0 0 0 0 0 0 0 0 0 0 0 0 0 0 0 0 0 0 0 0 0 0 0 0 0 0 0 0 0
  0 0 0 0 0 0 0 0 0 0 0 0 0 0 0 0 0 0 0 0 0 0 0 0 0 0 0 0 0 0 0 0 0 0 0 0 0 0 0
  0 0 0 0 0 0 0 0 0 0 0 0 0 0 0 0 0 0 0 0 0 0 0 0 0 0 0 0 0 0 0 0 0 0 0 0 0 0 0
  0 0 0 0 0 0 0 0 0 0 0 0 0 0 0 0 0 0 0 0 0 0 0 0 0 0 0 0 0 0 0 0 0 0 0 0 0 0 0
  0 0 0 0 0 0 0 0 0 0 0 0 0 0 0 0 0 0 0 0 0 0 0 0 0 0 0 0 0 0 0 0 0 0 0 0 0 0 0
  0 0 0 0 0 0 0 0 0 0 0 0 0 0 0 0 0 0 0 0 0 0 0 0 0 0 0 0 0 0 0 0 0 0 0 0 0 0 0
  0 0 0 0 0 0 0 0 0 0 0 0 0 0 0 0 0 0 0 0 0 0 0 0 0 0 0 0 0 0 0 0 0 0 0 0 0 0 0
  0 0 0 0 0 0 0 0 0 0 0 0 0 0 0 0 0 0 0 0 0 0 0 0 0 0 0 0 0 0 0 0 0 0 0 0 0 0 0
  0 0 0 0 0 0 0 0 0 0 0 0 0 0 0 0 0 0 0 0 0 0 0 0 0 0 0 0 0 0 0 0 0 0 0 0 0 0 0
  0 0 0 0 0 0 0 0 0 0 0 0 0 0 0 0 0 0 0 0 0 0 0 0 0 0 0 0 0 0 0 0 0 0 0 0 0 0 0
  0 0 0 0 0 0 0 0 0 0 0 0 0 0 0 0 0 0 0 0 0 0 0 0 0 0 0 0 0 0 0 0 0 0 0 0 0 0 0
  0 0 0 0 0 0 0 0 0 0 0 0 0 0 0 0 0 0 0 0 0 0 0 0 0 0 0 0 0 0 0 0 0 0 0 0 0 0 0
  0 0 0 0 0 0 0 0 0 0 0 0 0 0 0 0 0 0 0 0 0 0 0 0 0 0 0 0 0 0 0 0 0 0 0 0 0 0 0
  0 0 0 0 0 0 0 0 0 0 0 0 0 0 0 0 0 0 0 0 0 0 0 0 0 0 0 0 0 0 0 0 0 0 0 0 0 0 0
  0 0 0 0 0 0 0 0 0 0 0 0 0 0 0 0 0 0 0 0 0 0 0 0 0 0 0 0 0 0 0 0 0 0 0 0 0 0 0
  0 0 0 0 0 0 0 0 0 0 0 0 0 0 0 0 0 0 0 0 0 0 0 0 0 0 0 0 0 0 0 0 0 0 0 0 0 0 0
  0 0 0 0 0 0 0 0 0 0 0 0 0 0 0 0 0 0 0 0 0 0 0 0 0 0 0 0 0 0 0 0 0 0 0 0 0 0 0
  0 0 0 0 0 0 0 0 0 0 0 0 0 0 0 0 0 0 0 0 0 0 0 0 0 0 0 0 0 0 0 0 0 0 0 0 0 0 0
  0 0 0 0 0 0 0 0 0 0 0 0 0 0 0 0 0 0 0 0 0 0 0 0 0 0 0 0 0 0 0 0 0 0 0 0 0 0 0
  0 0 0 0 0 0 0 0 0 0 0 0 0 0 0 0 0 0 0 0 0 0 0 0 0 0 0 0 0 0 0 0 0 0 0 0 0 0 0
  0 0 0 0 0 0 0 0 0 0 0 0 0 0 0 0 0 0 0 0 0 0 0 0 0 0 0 0 0 0 0 0 0 0 0 0 0 0 0
  0 0 0 0 0 0 0 0 0 0 0 0 0 0 0 0 0 0 0 0 0 0 0 0 0 0 0 0 0 0 0 0 0 0 0 0 0 0 0
  0 0 0 0 0 0 0 0 0 0 0 0 0 0 0 0 0 0 0 0 0 0 0 0 0 0 0 0 0 0 0 0 0 0 0 0 0 0 0
  0 0 0 0 0 0 0 0 0 0 0 0 0 0 0 0 0 0 0 0 0 0 0 0 0 0 0 0 0 0 0 0 0 0 0 0 0 0 0
  0 0 0 0 0 0 0 0 0 0 0 0 0 0 0 0 0 0 0 0 0 0 0 0 0 0 0 0 0 0 0 0 0 0 0 0 0 0 0
  0 0 0 0 0 0 0 0 0 0 0 0 0 0 0 0 0 0 0 0 0 0 0 0 0 0 0 0 0 0 0 0 0 0 0 0 0 0 0
  0 0 0 0 0 0 0 0 0 0 0 0 0 0 0 0 0 0 0 0 0 0 0 0 0 0 0 0 0 0 0 0 0 0 0 0 0 0 0
  0 0 0 0 0 0 0 0 0 0 0 0 0 0 0 0 0 0 0 0 0 0 0 0 0 0 0 0 0 0 0 0 0 0 0 0 0 0 0
  0 0 0 0 0 0 0 0 0 0 0 0 0 0 0 0 0 0 0 0 0 0 0 0 0 0 0 0 0 0 0 0 0 0 0 0 0 0 0
  0 0 0 0 0 0 0 0 0 0 0 0 0 0 0 0 0 0 0 0 0 0 0 0 0 0 0 0 0 0 0 0 0 0 0 0 0 0 0
  0 0 0 0 0 0 0 0 0 0 0 0 0 0 0 0 0 0 0 0 0 0 0 0 0 0 0 0 0 0 0 0 0 0 0 0 0 0 0
  0 0 0 0 0 0 0 0 0 0 0 0 0 0 0 0 0 0 0 0 0 0 0 0 0 0 0 0 0 0 0 0 0 0 0 0 0 0 0
  0 0 0 0 0 0 0 0 0 0 0 0 0 0 0 0 0 0 0 0 0 0 0 0 0 0 0 0 0 0 0 0 0 0 0 0 0 0 0
  0 0 0 0 0 0 0 0 0 0 0 0 0 0 0 0 0 0 0 0 0 0 0 0 0 0 0 0 0 0 0 0 0 0 0 0 0 0 0
  0 0 0 0 0 0 0 0 0 0 0 0 0 0 0 0 0 0 0 0 0 0 0 0 0 0 0 0 0 0 0 0 0 0 0 0 0 0 0
  0 0 0 0 0 0 0 0 0 0 0 0 0 0 0 0 0 0 0 0 0 0 0 0 0 0 0 0 0 0 0 0 0 0 0 0 0 0 0
  0 0 0 0 0 0 0 0 0 0 0 0 0 0 0 0 0 0 0 0 0 0 0 0 0 0 0 0 0 0 0 0 0 0 0 0 0 0 0
  0 0 0 0 0 0 0 0 0 0 0 0 0 0 0 0 0 0 0 0 0 0 0 0 0 0 0 0 0 0 0 0 0 0 0 0 0 0 0
  0 0 0 0 0 0 0 0 0 0 0 0 0 0 0 0 0 0 0 0 0 0 0 0 0 0 0 0 0 0 0 0 0 0 0 0 0 0 0
  0 0 0 0 0 0 0 0 0 0 0 0 0 0 0 0 0 0 0 0 0 0 0 0 0 0 0 0 0 0 0 0 0 0 0 0 0 0 0
  0 0 0 0 0 0 0 0 0 0 0 0 0 0 0 0 0 0 0 0 0 0 0 0 0 0 0 0 0 0 0 0 0 0 0 0 0 0 0
  0 0 0 0 0 0 0 0 0 0 0 0 0 0 0 0 0 0 0 0 0 0 0 0 0 0 0 0 0 0 0 0 0 0 0 0 0 0 0
  0 0 0 0 0 0 0 0 0 0 0 0 0 0 0 0 0 0 0 0 0 0 0 0 0 0 0 0 0 0 0 0 0 0 0 0 0 0 0
  0 0 0 0 0 0 0 0 0 0 0 0 0 0 0 0 0 0 0 0 0 0 0 0 0 0 0 0 0 0 0 0 0 0 0 0 0 0 0
  0 0 0 0 0 0 0 0 0 0 0 0 0 0 0 0 0 0 0 0 0 0 0 0 0 0 0 0 0 0 0 0 0 0 0 0 0 0 0
  0 0 0 0 0 0 0 0 0 0 0 0 0 0 0 0 0 0 0 0 0 0 0 0 0 0 0 0 0 0 0 0 0 0 0 0 0 0 0
  0 0 0 0 0 0 0 0 0 0 0 0 0 0 0 0 0 0 0 0 0 0 0 0 0 0 0 0 0 0 0 0 0 0 0 0 0 0 0
  0 0 0 0 0 0 0 0 0 0 0 0 0 0 0 0 0 0 0 0 0 0 0 0 0 0 0 0 0 0 0 0 0 0 0 0 0 0 0
  0 0 0 0 0 0 0 0 0 0 0 0 0 0 0 0 0 0 0 0 0 0 0 0 0 0 0 0 0 0 0 0 0 0 0 0 0 0 0
  0 0 0 0 0 0 0 0 0 0 0 0 0 0 0 0 0 0 0 0 0 0 0 0 0 0 0 0 0 0 0 0 0 0 0 0 0 0 0
  0 0 0 0 0 0 0 0 0 0 0 0 0 0 0 0 0 0 0 0 0 0 0 0 0 0 0 0 0 0 0 0 0 0 0 0 0 0 0
  0 0 0 0 0 0 0 0 0 0 0 0 0 0 0 0 0 0 0 0 0 0 0 0 0 0 0 0 0 0 0 0 0 0 0 0 0 0 0
  0 0 0 0 0 0 0 0 0 0 0 0 0 0 0 0 0 0 0 0 0 0 0 0 0 0 0 0 0 0 0 0 0 0 0 0 0 0 0
  0 0 0 0 0 0 0 0 0 0 0 0 0 0 0 0 0 0 0 0 0 0 0 0 0 0 0 0 0 0 0 0 0 0 0 0 0 0 0
  0 0 0 0 0 0 0 0 0 0 0 0 0 0 0 0 0 0 0 0 0 0 0 0 0 0 0 0 0 0 0 0 0 0 0 0 0 0 0
  0 0 0 0 0 0 0 0 0 0 0 0 0 0 0 0 0 0 0 0 0 0 0 0 0 0 0 0 0 0 0 0 0 0 0 0 0 0 0
  0 0 0 0 0 0 0 0 0 0 0 0 0 0 0 0 0 0 0 0 0 0 0 0 0 0 0 0 0 0 0 0 0 0 0 0 0 0 0
  0 0 0 0 0 0 0 0 0 0 0 0 0 0 0 0 0 0 0 0 0 0 0 0 0 0 0 0 0 0 0 0 0 0 0 0 0 0 0
  0 0 0 0 0 0 0 0 0 0 0 0 0 0 0 0 0 0 0 0 0 0 0 0 0 0 0 0 0 0 0 0 0 0 0 0 0 0 0
  0 0 0 0 0 0 0 0 0 0 0 0 0 0 0 0 0 0 0 0 0 0 0 0 0 0 0 0 0 0 0 0 0 0 0 0 0 0 0
  0 0 0 0 0 0 0 0 0 0 0 0 0 0 0 0 0 0 0 0 0 0 0 0 0 0 0 0 0 0 0 0 0 0 0 0 0 0 0
  0 0 0 0 0 0 0 0 0 0 0 0 0 0 0 0 0 0 0 0 0 0 0 0 0 0 0 0 0 0 0 0 0 0 0 0 0 0 0
  0 0 0 0 0 0 0 0 0 0 0 0 0 0 0 0 0 0 0 0 0 0 0 0 0 0 0 0 0 0 0 0 0 0 0 0 0 0 0
  0 0 0 0 0 0 0 0 0 0 0 0 0 0 0 0 0 0 0 0 0 0 0 0 0 0 0 0 0 0 0 0 0 0 0 0 0 0 0
  0) 
#(0 0 0 0 0 0 0 0 0 0 0 0 0 0 0 0 0 0 0 0 0 0 0 0 0 0 0 0 0 0 0 0 0 0 0 0 0 0 0
  0 0 0 0 0 0 0 0 0 0 0 0 0 0 0 0 0 0 0 0 0 0 0 0 0 0 0 0 0 0 0 0 0 0 0 0 0 0 0
  0 0 0 0 0 0 0 0 0 0 0 0 0 0 0 0 0 0 0 0 0 0 0 0 0 0 0 0 0 0 0 0 0 0 0 0 0 0 0
  0 0 0 0 0 0 0 0 0 0 0 0 0 0 0 0 0 0 0 0 0 0 0 0 0 0 0 0 0 0 0 0 0 0 0 0 0 0 0
  0 0 0 0 0 0 0 0 0 0 0 0 0 0 0 0 0 0 0 0 0 0 0 0 0 0 0 0 0 0 0 0 0 0 0 0 0 0 0
  0 0 0 0 0 0 0 0 0 0 0 0 0 0 0 0 0 0 0 0 0 0 0 0 0 0 0 0 0 0 0 0 0 0 0 0 0 0 0
  0 0 0 0 0 0 0 0 0 0 0 0 0 0 0 0 0 0 0 0 0 0 0 0 0 0 0 0 0 0 0 0 0 0 0 0 0 0 0
  0 0 0 0 0 0 0 0 0 0 0 0 0 0 0 0 0 0 0 0 0 0 0 0 0 0 0 0 0 0 0 0 0 0 0 0 0 0 0
  0 0 0 0 0 0 0 0 0 0 0 0 0 0 0 0 0 0 0 0 0 0 0 0 0 0 0 0 0 0 0 0 0 0 0 0 0 0 0
  0 0 0 0 0 0 0 0 0 0 0 0 0 0 0 0 0 0 0 0 0 0 0 0 0 0 0 0 0 0 0 0 0 0 0 0 0 0 0
  0 0 0 0 0 0 0 0 0 0 0 0 0 0 0 0 0 0 0 0 0 0 0 0 0 0 0 0 0 0 0 0 0 0 0 0 0 0 0
  0 0 0 0 0 0 0 0 0 0 0 0 0 0 0 0 0 0 0 0 0 0 0 0 0 0 0 0 0 0 0 0 0 0 0 0 0 0 0
  0 0 0 0 0 0 0 0 0 0 0 0 0 0 0 0 0 0 0 0 0 0 0 0 0 0 0 0 0 0 0 0 0 0 0 0 0 0 0
  0 0 0 0 0 0 0 0 0 0 0 0 0 0 0 0 0 0 0 0 0 0 0 0 0 0 0 0 0 0 0 0 0 0 0 0 0 0 0
  0 0 0 0 0 0 0 0 0 0 0 0 0 0 0 0 0 0 0 0 0 0 0 0 0 0 0 0 0 0 0 0 0 0 0 0 0 0 0
  0 0 0 0 0 0 0 0 0 0 0 0 0 0 0 0 0 0 0 0 0 0 0 0 0 0 0 0 0 0 0 0 0 0 0 0 0 0 0
  0 0 0 0 0 0 0 0 0 0 0 0 0 0 0 0 0 0 0 0 0 0 0 0 0 0 0 0 0 0 0 0 0 0 0 0 0 0 0
  0 0 0 0 0 0 0 0 0 0 0 0 0 0 0 0 0 0 0 0 0 0 0 0 0 0 0 0 0 0 0 0 0 0 0 0 0 0 0
  0 0 0 0 0 0 0 0 0 0 0 0 0 0 0 0 0 0 0 0 0 0 0 0 0 0 0 0 0 0 0 0 0 0 0 0 0 0 0
  0 0 0 0 0 0 0 0 0 0 0 0 0 0 0 0 0 0 0 0 0 0 0 0 0 0 0 0 0 0 0 0 0 0 0 0 0 0 0
  0 0 0 0 0 0 0 0 0 0 0 0 0 0 0 0 0 0 0 0 0 0 0 0 0 0 0 0 0 0 0 0 0 0 0 0 0 0 0
  0 0 0 0 0 0 0 0 0 0 0 0 0 0 0 0 0 0 0 0 0 0 0 0 0 0 0 0 0 0 0 0 0 0 0 0 0 0 0
  0 0 0 0 0 0 0 0 0 0 0 0 0 0 0 0 0 0 0 0 0 0 0 0 0 0 0 0 0 0 0 0 0 0 0 0 0 0 0
  0 0 0 0 0 0 0 0 0 0 0 0 0 0 0 0 0 0 0 0 0 0 0 0 0 0 0 0 0 0 0 0 0 0 0 0 0 0 0
  0 0 0 0 0 0 0 0 0 0 0 0 0 0 0 0 0 0 0 0 0 0 0 0 0 0 0 0 0 0 0 0 0 0 0 0 0 0 0
  0 0 0 0 0 0 0 0 0 0 0 0 0 0 0 0 0 0 0 0 0 0 0 0 0 0 0 0 0 0 0 0 0 0 0 0 0 0 0
  0 0 0 0 0 0 0 0 0 0 0 0 0 0 0 0 0 0 0 0 0 0 0 0 0 0 0 0 0 0 0 0 0 0 0 0 0 0 0
  0 0 0 0 0 0 0 0 0 0 0 0 0 0 0 0 0 0 0 0 0 0 0 0 0 0 0 0 0 0 0 0 0 0 0 0 0 0 0
  0 0 0 0 0 0 0 0 0 0 0 0 0 0 0 0 0 0 0 0 0 0 0 0 0 0 0 0 0 0 0 0 0 0 0 0 0 0 0
  0 0 0 0 0 0 0 0 0 0 0 0 0 0 0 0 0 0 0 0 0 0 0 0 0 0 0 0 0 0 0 0 0 0 0 0 0 0 0
  0 0 0 0 0 0 0 0 0 0 0 0 0 0 0 0 0 0 0 0 0 0 0 0 0 0 0 0 0 0 0 0 0 0 0 0 0 0 0
  0 0 0 0 0 0 0 0 0 0 0 0 0 0 0 0 0 0 0 0 0 0 0 0 0 0 0 0 0 0 0 0 0 0 0 0 0 0 0
  0 0 0 0 0 0 0 0 0 0 0 0 0 0 0 0 0 0 0 0 0 0 0 0 0 0 0 0 0 0 0 0 0 0 0 0 0 0 0
  0 0 0 0 0 0 0 0 0 0 0 0 0 0 0 0 0 0 0 0 0 0 0 0 0 0 0 0 0 0 0 0 0 0 0 0 0 0 0
  0 0 0 0 0 0 0 0 0 0 0 0 0 0 0 0 0 0 0 0 0 0 0 0 0 0 0 0 0 0 0 0 0 0 0 0 0 0 0
  0 0 0 0 0 0 0 0 0 0 0 0 0 0 0 0 0 0 0 0 0 0 0 0 0 0 0 0 0 0 0 0 0 0 0 0 0 0 0
  0 0 0 0 0 0 0 0 0 0 0 0 0 0 0 0 0 0 0 0 0 0 0 0 0 0 0 0 0 0 0 0 0 0 0 0 0 0 0
  0 0 0 0 0 0 0 0 0 0 0 0 0 0 0 0 0 0 0 0 0 0 0 0 0 0 0 0 0 0 0 0 0 0 0 0 0 0 0
  0 0 0 0 0 0 0 0 0 0 0 0 0 0 0 0 0 0 0 0 0 0 0 0 0 0 0 0 0 0 0 0 0 0 0 0 0 0 0
  0 0 0 0 0 0 0 0 0 0 0 0 0 0 0 0 0 0 0 0 0 0 0 0 0 0 0 0 0 0 0 0 0 0 0 0 0 0 0
  0 0 0 0 0 0 0 0 0 0 0 0 0 0 0 0 0 0 0 0 0 0 0 0 0 0 0 0 0 0 0 0 0 0 0 0 0 0 0
  0 0 0 0 0 0 0 0 0 0 0 0 0 0 0 0 0 0 0 0 0 0 0 0 0 0 0 0 0 0 0 0 0 0 0 0 0 0 0
  0 0 0 0 0 0 0 0 0 0 0 0 0 0 0 0 0 0 0 0 0 0 0 0 0 0 0 0 0 0 0 0 0 0 0 0 0 0 0
  0 0 0 0 0 0 0 0 0 0 0 0 0 0 0 0 0 0 0 0 0 0 0 0 0 0 0 0 0 0 0 0 0 0 0 0 0 0 0
  0 0 0 0 0 0 0 0 0 0 0 0 0 0 0 0 0 0 0 0 0 0 0 0 0 0 0 0 0 0 0 0 0 0 0 0 0 0 0
  0 0 0 0 0 0 0 0 0 0 0 0 0 0 0 0 0 0 0 0 0 0 0 0 0 0 0 0 0 0 0 0 0 0 0 0 0 0 0
  0 0 0 0 0 0 0 0 0 0 0 0 0 0 0 0 0 0 0 0 0 0 0 0 0 0 0 0 0 0 0 0 0 0 0 0 0 0 0
  0 0 0 0 0 0 0 0 0 0 0 0 0 0 0 0 0 0 0 0 0 0 0 0 0 0 0 0 0 0 0 0 0 0 0 0 0 0 0
  0 0 0 0 0 0 0 0 0 0 0 0 0 0 0 0 0 0 0 0 0 0 0 0 0 0 0 0 0 0 0 0 0 0 0 0 0 0 0
  0 0 0 0 0 0 0 0 0 0 0 0 0 0 0 0 0 0 0 0 0 0 0 0 0 0 0 0 0 0 0 0 0 0 0 0 0 0 0
  0 0 0 0 0 0 0 0 0 0 0 0 0 0 0 0 0 0 0 0 0 0 0 0 0 0 0 0 0 0 0 0 0 0 0 0 0 0 0
  0 0 0 0 0 0 0 0 0 0 0 0 0 0 0 0 0 0 0 0 0 0 0 0 0 0 0 0 0 0 0 0 0 0 0 0 0 0 0
  0 0 0 0 0 0 0 0 0 0 0 0 0 0 0 0 0 0 0 0 0 0 0 0 0 0 0 0 0 0 0 0 0 0 0 0 0 0 0
  0 0 0 0 0 0 0 0 0 0 0 0 0 0 0 0 0 0 0 0 0 0 0 0 0 0 0 0 0 0 0 0 0 0 0 0 0 0 0
  0 0 0 0 0 0 0 0 0 0 0 0 0 0 0 0 0 0 0 0 0 0 0 0 0 0 0 0 0 0 0 0 0 0 0 0 0 0 0
  0 0 0 0 0 0 0 0 0 0 0 0 0 0 0 0 0 0 0 0 0 0 0 0 0 0 0 0 0 0 0 0 0 0 0 0 0 0 0
  0 0 0 0 0 0 0 0 0 0 0 0 0 0 0 0 0 0 0 0 0 0 0 0 0 0 0 0 0 0 0 0 0 0 0 0 0 0 0
  0 0 0 0 0 0 0 0 0 0 0 0 0 0 0 0 0 0 0 0 0 0 0 0 0 0 0 0 0 0 0 0 0 0 0 0 0 0 0
  0 0 0 0 0 0 0 0 0 0 0 0 0 0 0 0 0 0 0 0 0 0 0 0 0 0 0 0 0 0 0 0 0 0 0 0 0 0 0
  0 0 0 0 0 0 0 0 0 0 0 0 0 0 0 0 0 0 0 0 0 0 0 0 0 0 0 0 0 0 0 0 0 0 0 0 0 0 0
  0 0 0 0 0 0 0 0 0 0 0 0 0 0 0 0 0 0 0 0 0 0 0 0 0 0 0 0 0 0 0 0 0 0 0 0 0 0 0
  0 0 0 0 0 0 0 0 0 0 0 0 0 0 0 0 0 0 0 0 0 0 0 0 0 0 0 0 0 0 0 0 0 0 0 0 0 0 0
  0 0 0 0 0 0 0 0 0 0 0 0 0 0 0 0 0 0 0 0 0 0 0 0 0 0 0 0 0 0 0 0 0 0 0 0 0 0 0
  0 0 0 0 0 0 0 0 0 0 0 0 0 0 0 0 0 0 0 0 0 0 0 0 0 0 0 0 0 0 0 0 0 0 0 0 0 0 0
  0 0 0 0 0 0 0 0 0 0 0 0 0 0 0 0 0 0 0 0 0 0 0 0 0 0 0 0 0 0 0 0 0 0 0 0 0 0 0
  0 0 0 0 0 0 0 0 0 0 0 0 0 0 0 0 0 0 0 0 0 0 0 0 0 0 0 0 0 0 0 0 0 0 0 0 0 0 0
  0 0 0 0 0 0 0 0 0 0 0 0 0 0 0 0 0 0 0 0 0 0 0 0 0 0 0 0 0 0 0 0 0 0 0 0 0 0 0
  0 0 0 0 0 0 0 0 0 0 0 0 0 0 0 0 0 0 0 0 0 0 0 0 0 0 0 0 0 0 0 0 0 0 0 0 0 0 0
  0 0 0 0 0 0 0 0 0 0 0 0 0 0 0 0 0 0 0 0 0 0 0 0 0 0 0 0 0 0 0 0 0 0 0 0 0 0 0
  0 0 0 0 0 0 0 0 0 0 0 0 0 0 0 0 0 0 0 0 0 0 0 0 0 0 0 0 0 0 0 0 0 0 0 0 0 0 0
  0 0 0 0 0 0 0 0 0 0 0 0 0 0 0 0 0 0 0 0 0 0 0 0 0 0 0 0 0 0 0 0 0 0 0 0 0 0 0
  0 0 0 0 0 0 0 0 0 0 0 0 0 0 0 0 0 0 0 0 0 0 0 0 0 0 0 0 0 0 0 0 0 0 0 0 0 0 0
  0 0 0 0 0 0 0 0 0 0 0 0 0 0 0 0 0 0 0 0 0 0 0 0 0 0 0 0 0 0 0 0 0 0 0 0 0 0 0
  0 0 0 0 0 0 0 0 0 0 0 0 0 0 0 0 0 0 0 0 0 0 0 0 0 0 0 0 0 0 0 0 0 0 0 0 0 0 0
  0 0 0 0 0 0 0 0 0 0 0 0 0 0 0 0 0 0 0 0 0 0 0 0 0 0 0 0 0 0 0 0 0 0 0 0 0 0 0
  0 0 0 0 0 0 0 0 0 0 0 0 0 0 0 0 0 0 0 0 0 0 0 0 0 0 0 0 0 0 0 0 0 0 0 0 0 0 0
  0 0 0 0 0 0 0 0 0 0 0 0 0 0 0 0 0 0 0 0 0 0 0 0 0 0 0 0 0 0 0 0 0 0 0 0 0 0 0
  0 0 0 0 0 0 0 0 0 0 0 0 0 0 0 0 0 0 0 0 0 0 0 0 0 0 0 0 0 0 0 0 0 0 0 0 0 0 0
  0 0 0 0 0 0 0 0 0 0 0 0 0 0 0 0 0 0 0 0 0 0 0 0 0 0 0 0 0 0 0 0 0 0 0 0 0 0 0
  0 0 0 0 0 0 0 0 0 0 0 0 0 0 0 0 0 0 0 0 0 0 0 0 0 0 0 0 0 0 0 0 0 0 0 0 0 0 0
  0 0 0 0 0 0 0 0 0 0 0 0 0 0 0 0 0 0 0 0 0 0 0 0 0 0 0 0 0 0 0 0 0 0 0 0 0 0 0
  0 0 0 0 0 0 0 0 0 0 0 0 0 0 0 0 0 0 0 0 0 0 0 0 0 0 0 0 0 0 0 0 0 0 0 0 0 0 0
  0 0 0 0 0 0 0 0 0 0 0 0 0 0 0 0 0 0 0 0 0 0 0 0 0 0 0 0 0 0 0 0 0 0 0 0 0 0 0
  0 0 0 0 0 0 0 0 0 0 0 0 0 0 0 0 0 0 0 0 0 0 0 0 0 0 0 0 0 0 0 0 0 0 0 0 0 0 0
  0 0 0 0 0 0 0 0 0 0 0 0 0 0 0 0 0 0 0 0 0 0 0 0 0 0 0 0 0 0 0 0 0 0 0 0 0 0 0
  0 0 0 0 0 0 0 0 0 0 0 0 0 0 0 0 0 0 0 0 0 0 0 0 0 0 0 0 0 0 0 0 0 0 0 0 0 0 0
  0 0 0 0 0 0 0 0 0 0 0 0 0 0 0 0 0 0 0 0 0 0 0 0 0 0 0 0 0 0 0 0 0 0 0 0 0 0 0
  0 0 0 0 0 0 0 0 0 0 0 0 0 0 0 0 0 0 0 0 0 0 0 0 0 0 0 0 0 0 0 0 0 0 0 0 0 0 0
  0 0 0 0 0 0 0 0 0 0 0 0 0 0 0 0 0 0 0 0 0 0 0 0 0 0 0 0 0 0 0 0 0 0 0 0 0 0 0
  0 0 0 0 0 0 0 0 0 0 0 0 0 0 0 0 0 0 0 0 0 0 0 0 0 0 0 0 0 0 0 0 0 0 0 0 0 0 0
  0 0 0 0 0 0 0 0 0 0 0 0 0 0 0 0 0 0 0 0 0 0 0 0 0 0 0 0 0 0 0 0 0 0 0 0 0 0 0
  0 0 0 0 0 0 0 0 0 0 0 0 0 0 0 0 0 0 0 0 0 0 0 0 0 0 0 0 0 0 0 0 0 0 0 0 0 0 0
  0 0 0 0 0 0 0 0 0 0 0 0 0 0 0 0 0 0 0 0 0 0 0 0 0 0 0 0 0 0 0 0 0 0 0 0 0 0 0
  0 0 0 0 0 0 0 0 0 0 0 0 0 0 0 0 0 0 0 0 0 0 0 0 0 0 0 0 0 0 0 0 0 0 0 0 0 0 0
  0 0 0 0 0 0 0 0 0 0 0 0 0 0 0 0 0 0 0 0 0 0 0 0 0 0 0 0 0 0 0 0 0 0 0 0 0 0 0
  0 0 0 0 0 0 0 0 0 0 0 0 0 0 0 0 0 0 0 0 0 0 0 0 0 0 0 0 0 0 0 0 0 0 0 0 0 0 0
  0 0 0 0 0 0 0 0 0 0 0 0 0 0 0 0 0 0 0 0 0 0 0 0 0 0 0 0 0 0 0 0 0 0 0 0 0 0 0
  0 0 0 0 0 0 0 0 0 0 0 0 0 0 0 0 0 0 0 0 0 0 0 0 0 0 0 0 0 0 0 0 0 0 0 0 0 0 0
  0 0 0 0 0 0 0 0 0 0 0 0 0 0 0 0 0 0 0 0 0 0 0 0 0 0 0 0 0 0 0 0 0 0 0 0 0 0 0
  0 0 0 0 0 0 0 0 0 0 0 0 0 0 0 0 0 0 0 0 0 0 0 0 0 0 0 0 0 0 0 0 0 0 0 0 0 0 0
  0 0 0 0 0 0 0 0 0 0 0 0 0 0 0 0 0 0 0 0 0 0 0 0 0 0 0 0 0 0 0 0 0 0 0 0 0 0 0
  0 0 0 0 0 0 0 0 0 0 0 0 0 0 0 0 0 0 0 0 0 0 0 0 0 0 0 0 0 0 0 0 0 0 0 0 0 0 0
  0 0 0 0 0 0 0 0 0 0 0 0 0 0 0 0 0 0 0 0 0 0 0 0 0 0 0 0 0 0 0 0 0 0 0 0 0 0 0
  0 0 0 0 0 0 0 0 0 0 0 0 0 0 0 0 0 0 0 0 0 0 0 0 0 0 0 0 0 0 0 0 0 0 0 0 0 0 0
  0 0 0 0 0 0 0 0 0 0 0 0 0 0 0 0 0 0 0 0 0 0 0 0 0 0 0 0 0 0 0 0 0 0 0 0 0 0 0
  0) 
#(9 8 7 6 5 4 3 2 1 2 3 4 5 6 7 8 8 7 6 5 4 3 2 1 0 1 2 3 4 5 6 7 9 8 7 6 5 4 3
  2 1 0 1 2 3 4 5 6 10 9 8 7 6 5 4 3 2 1 2 3 4 5 6 7 11 10 9 8 7 6 5 4 3 2 3 4
  5 6 7 8 10 9 8 7 6 5 4 3 2 3 4 5 6 7 8 9 9 8 7 6 5 4 3 2 1 2 3 4 5 6 7 8 8 7
  6 5 4 3 2 1 0 1 2 3 4 5 6 7 9 8 7 6 5 4 3 2 1 0 1 2 3 4 5 6 10 9 8 7 6 5 4 3
  2 1 0 1 2 3 4 5 11 10 9 8 7 6 5 4 3 2 1 0 1 2 3 4 10 9 8 7 6 5 4 3 2 1 0 1 2
  3 4 5 11 10 9 8 7 6 5 4 3 2 1 2 3 4 5 6 10 9 8 7 6 5 4 3 2 1 2 3 4 5 6 7 9 8
  7 6 5 4 3 2 1 2 3 4 5 6 7 8 8 7 6 5 4 3 2 1 0 1 2 3 4 5 6 7 9 8 7 6 5 4 3 2 1
  2 3 4 5 6 7 8 8 7 6 5 4 3 2 1 0 1 2 3 4 5 6 7 9 8 7 6 5 4 3 2 1 0 1 2 3 4 5 6
  10 9 8 7 6 5 4 3 2 1 2 3 4 5 6 7 11 10 9 8 7 6 5 4 3 2 3 4 5 6 7 8 10 9 8 7 6
  5 4 3 2 3 4 5 6 7 8 9 9 8 7 6 5 4 3 2 1 2 3 4 5 6 7 8 8 7 6 5 4 3 2 1 0 1 2 3
  4 5 6 7 9 8 7 6 5 4 3 2 1 0 1 2 3 4 5 6 10 9 8 7 6 5 4 3 2 1 0 1 2 3 4 5 11
  10 9 8 7 6 5 4 3 2 1 0 1 2 3 4 10 9 8 7 6 5 4 3 2 1 0 1 2 3 4 5 11 10 9 8 7 6
  5 4 3 2 1 2 3 4 5 6 10 9 8 7 6 5 4 3 2 1 2 3 4 5 6 7 9 8 7 6 5 4 3 2 1 2 3 4
  5 6 7 8 8 7 6 5 4 3 2 1 0 1 2 3 4 5 6 7 9 8 7 6 5 4 3 2 1 2 3 4 5 6 7 8 8 7 6
  5 4 3 2 1 0 1 2 3 4 5 6 7 9 8 7 6 5 4 3 2 1 0 1 2 3 4 5 6 10 9 8 7 6 5 4 3 2
  1 2 3 4 5 6 7 11 10 9 8 7 6 5 4 3 2 3 4 5 6 7 8 10 9 8 7 6 5 4 3 2 3 4 5 6 7
  8 9 9 8 7 6 5 4 3 2 1 2 3 4 5 6 7 8 8 7 6 5 4 3 2 1 0 1 2 3 4 5 6 7 9 8 7 6 5
  4 3 2 1 0 1 2 3 4 5 6 10 9 8 7 6 5 4 3 2 1 0 1 2 3 4 5 11 10 9 8 7 6 5 4 3 2
  1 0 1 2 3 4 10 9 8 7 6 5 4 3 2 1 0 1 2 3 4 5 11 10 9 8 7 6 5 4 3 2 1 2 3 4 5
  6 10 9 8 7 6 5 4 3 2 1 2 3 4 5 6 7 9 8 7 6 5 4 3 2 1 2 3 4 5 6 7 8 8 7 6 5 4
  3 2 1 0 1 2 3 4 5 6 7 9 8 7 6 5 4 3 2 1 2 3 4 5 6 7 8 8 7 6 5 4 3 2 1 0 1 2 3
  4 5 6 7 9 8 7 6 5 4 3 2 1 0 1 2 3 4 5 6 10 9 8 7 6 5 4 3 2 1 2 3 4 5 6 7 11
  10 9 8 7 6 5 4 3 2 3 4 5 6 7 8 10 9 8 7 6 5 4 3 2 3 4 5 6 7 8 9 9 8 7 6 5 4 3
  2 1 2 3 4 5 6 7 8 8 7 6 5 4 3 2 1 0 1 2 3 4 5 6 7 9 8 7 6 5 4 3 2 1 0 1 2 3 4
  5 6 10 9 8 7 6 5 4 3 2 1 0 1 2 3 4 5 11 10 9 8 7 6 5 4 3 2 1 0 1 2 3 4 10 9 8
  7 6 5 4 3 2 1 0 1 2 3 4 5 11 10 9 8 7 6 5 4 3 2 1 2 3 4 5 6 10 9 8 7 6 5 4 3
  2 1 2 3 4 5 6 7 9 8 7 6 5 4 3 2 1 2 3 4 5 6 7 8 8 7 6 5 4 3 2 1 0 1 2 3 4 5 6
  7 9 8 7 6 5 4 3 2 1 2 3 4 5 6 7 8 8 7 6 5 4 3 2 1 0 1 2 3 4 5 6 7 9 8 7 6 5 4
  3 2 1 0 1 2 3 4 5 6 10 9 8 7 6 5 4 3 2 1 2 3 4 5 6 7 11 10 9 8 7 6 5 4 3 2 3
  4 5 6 7 8 10 9 8 7 6 5 4 3 2 3 4 5 6 7 8 9 9 8 7 6 5 4 3 2 1 2 3 4 5 6 7 8 8
  7 6 5 4 3 2 1 0 1 2 3 4 5 6 7 9 8 7 6 5 4 3 2 1 0 1 2 3 4 5 6 10 9 8 7 6 5 4
  3 2 1 0 1 2 3 4 5 11 10 9 8 7 6 5 4 3 2 1 0 1 2 3 4 10 9 8 7 6 5 4 3 2 1 0 1
  2 3 4 5 11 10 9 8 7 6 5 4 3 2 1 2 3 4 5 6 10 9 8 7 6 5 4 3 2 1 2 3 4 5 6 7 9
  8 7 6 5 4 3 2 1 2 3 4 5 6 7 8 8 7 6 5 4 3 2 1 0 1 2 3 4 5 6 7 9 8 7 6 5 4 3 2
  1 2 3 4 5 6 7 8 8 7 6 5 4 3 2 1 0 1 2 3 4 5 6 7 9 8 7 6 5 4 3 2 1 0 1 2 3 4 5
  6 10 9 8 7 6 5 4 3 2 1 2 3 4 5 6 7 11 10 9 8 7 6 5 4 3 2 3 4 5 6 7 8 10 9 8 7
  6 5 4 3 2 3 4 5 6 7 8 9 9 8 7 6 5 4 3 2 1 2 3 4 5 6 7 8 8 7 6 5 4 3 2 1 0 1 2
  3 4 5 6 7 9 8 7 6 5 4 3 2 1 0 1 2 3 4 5 6 10 9 8 7 6 5 4 3 2 1 0 1 2 3 4 5 11
  10 9 8 7 6 5 4 3 2 1 0 1 2 3 4 10 9 8 7 6 5 4 3 2 1 0 1 2 3 4 5 11 10 9 8 7 6
  5 4 3 2 1 2 3 4 5 6 10 9 8 7 6 5 4 3 2 1 2 3 4 5 6 7 9 8 7 6 5 4 3 2 1 2 3 4
  5 6 7 8 8 7 6 5 4 3 2 1 0 1 2 3 4 5 6 7 9 8 7 6 5 4 3 2 1 2 3 4 5 6 7 8 8 7 6
  5 4 3 2 1 0 1 2 3 4 5 6 7 9 8 7 6 5 4 3 2 1 0 1 2 3 4 5 6 10 9 8 7 6 5 4 3 2
  1 2 3 4 5 6 7 11 10 9 8 7 6 5 4 3 2 3 4 5 6 7 8 10 9 8 7 6 5 4 3 2 3 4 5 6 7
  8 9 9 8 7 6 5 4 3 2 1 2 3 4 5 6 7 8 8 7 6 5 4 3 2 1 0 1 2 3 4 5 6 7 9 8 7 6 5
  4 3 2 1 0 1 2 3 4 5 6 10 9 8 7 6 5 4 3 2 1 0 1 2 3 4 5 11 10 9 8 7 6 5 4 3 2
  1 0 1 2 3 4 10 9 8 7 6 5 4 3 2 1 0 1 2 3 4 5 11 10 9 8 7 6 5 4 3 2 1 2 3 4 5
  6 10 9 8 7 6 5 4 3 2 1 2 3 4 5 6 7 9 8 7 6 5 4 3 2 1 2 3 4 5 6 7 8 8 7 6 5 4
  3 2 1 0 1 2 3 4 5 6 7 9 8 7 6 5 4 3 2 1 2 3 4 5 6 7 8 8 7 6 5 4 3 2 1 0 1 2 3
  4 5 6 7 9 8 7 6 5 4 3 2 1 0 1 2 3 4 5 6 10 9 8 7 6 5 4 3 2 1 2 3 4 5 6 7 11
  10 9 8 7 6 5 4 3 2 3 4 5 6 7 8 10 9 8 7 6 5 4 3 2 3 4 5 6 7 8 9 9 8 7 6 5 4 3
  2 1 2 3 4 5 6 7 8 8 7 6 5 4 3 2 1 0 1 2 3 4 5 6 7 9 8 7 6 5 4 3 2 1 0 1 2 3 4
  5 6 10 9 8 7 6 5 4 3 2 1 0 1 2 3 4 5 11 10 9 8 7 6 5 4 3 2 1 0 1 2 3 4 10 9 8
  7 6 5 4 3 2 1 0 1 2 3 4 5 11 10 9 8 7 6 5 4 3 2 1 2 3 4 5 6 10 9 8 7 6 5 4 3
  2 1 2 3 4 5 6 7 9 8 7 6 5 4 3 2 1 2 3 4 5 6 7 8 8 7 6 5 4 3 2 1 0 1 2 3 4 5 6
  7 9 8 7 6 5 4 3 2 1 2 3 4 5 6 7 8 8 7 6 5 4 3 2 1 0 1 2 3 4 5 6 7 9 8 7 6 5 4
  3 2 1 0 1 2 3 4 5 6 10 9 8 7 6 5 4 3 2 1 2 3 4 5 6 7 11 10 9 8 7 6 5 4 3 2 3
  4 5 6 7 8 10 9 8 7 6 5 4 3 2 3 4 5 6 7 8 9 9 8 7 6 5 4 3 2 1 2 3 4 5 6 7 8 8
  7 6 5 4 3 2 1 0 1 2 3 4 5 6 7 9 8 7 6 5 4 3 2 1 0 1 2 3 4 5 6 10 9 8 7 6 5 4
  3 2 1 0 1 2 3 4 5 11 10 9 8 7 6 5 4 3 2 1 0 1 2 3 4 10 9 8 7 6 5 4 3 2 1 0 1
  2 3 4 5 11 10 9 8 7 6 5 4 3 2 1 2 3 4 5 6 10 9 8 7 6 5 4 3 2 1 2 3 4 5 6 7 9
  8 7 6 5 4 3 2 1 2 3 4 5 6 7 8 8 7 6 5 4 3 2 1 0 1 2 3 4 5 6 7 9 8 7 6 5 4 3 2
  1 2 3 4 5 6 7 8 8 7 6 5 4 3 2 1 0 1 2 3 4 5 6 7 9 8 7 6 5 4 3 2 1 0 1 2 3 4 5
  6 10 9 8 7 6 5 4 3 2 1 2 3 4 5 6 7 11 10 9 8 7 6 5 4 3 2 3 4 5 6 7 8 10 9 8 7
  6 5 4 3 2 3 4 5 6 7 8 9 9 8 7 6 5 4 3 2 1 2 3 4 5 6 7 8 8 7 6 5 4 3 2 1 0 1 2
  3 4 5 6 7 9 8 7 6 5 4 3 2 1 0 1 2 3 4 5 6 10 9 8 7 6 5 4 3 2 1 0 1 2 3 4 5 11
  10 9 8 7 6 5 4 3 2 1 0 1 2 3 4 10 9 8 7 6 5 4 3 2 1 0 1 2 3 4 5 11 10 9 8 7 6
  5 4 3 2 1 2 3 4 5 6 10 9 8 7 6 5 4 3 2 1 2 3 4 5 6 7 9 8 7 6 5 4 3 2 1 2 3 4
  5 6 7 8 8 7 6 5 4 3 2 1 0 1 2 3 4 5 6 7 9 8 7 6 5 4 3 2 1 2 3 4 5 6 7 8 8 7 6
  5 4 3 2 1 0 1 2 3 4 5 6 7 9 8 7 6 5 4 3 2 1 0 1 2 3 4 5 6 10 9 8 7 6 5 4 3 2
  1 2 3 4 5 6 7 11 10 9 8 7 6 5 4 3 2 3 4 5 6 7 8 10 9 8 7 6 5 4 3 2 3 4 5 6 7
  8 9 9 8 7 6 5 4 3 2 1 2 3 4 5 6 7 8 8 7 6 5 4 3 2 1 0 1 2 3 4 5 6 7 9 8 7 6 5
  4 3 2 1 0 1 2 3 4 5 6 10 9 8 7 6 5 4 3 2 1 0 1 2 3 4 5 11 10 9 8 7 6 5 4 3 2
  1 0 1 2 3 4 10 9 8 7 6 5 4 3 2 1 0 1 2 3 4 5 11 10 9 8 7 6 5 4 3 2 1 2 3 4 5
  6 10 9 8 7 6 5 4 3 2 1 2 3 4 5 6 7 9 8 7 6 5 4 3 2 1 2 3 4 5 6 7 8 8 7 6 5 4
  3 2 1 0 1 2 3 4 5 6 7 9 8 7 6 5 4 3 2 1 2 3 4 5 6 7 8 8 7 6 5 4 3 2 1 0 1 2 3
  4 5 6 7 9 8 7 6 5 4 3 2 1 0 1 2 3 4 5 6 10 9 8 7 6 5 4 3 2 1 2 3 4 5 6 7 11
  10 9 8 7 6 5 4 3 2 3 4 5 6 7 8 10 9 8 7 6 5 4 3 2 3 4 5 6 7 8 9 9 8 7 6 5 4 3
  2 1 2 3 4 5 6 7 8 8 7 6 5 4 3 2 1 0 1 2 3 4 5 6 7 9 8 7 6 5 4 3 2 1 0 1 2 3 4
  5 6 10 9 8 7 6 5 4 3 2 1 0 1 2 3 4 5 11 10 9 8 7 6 5 4 3 2 1 0 1 2 3 4 10 9 8
  7 6 5 4 3 2 1 0 1 2 3 4 5 11 10 9 8 7 6 5 4 3 2 1 2 3 4 5 6 10 9 8 7 6 5 4 3
  2 1 2 3 4 5 6 7 9 8 7 6 5 4 3 2 1 2 3 4 5 6 7 8 8 7 6 5 4 3 2 1 0 1 2 3 4 5 6
  7 9 8 7 6 5 4 3 2 1 2 3 4 5 6 7 8 8 7 6 5 4 3 2 1 0 1 2 3 4 5 6 7 9 8 7 6 5 4
  3 2 1 0 1 2 3 4 5 6 10 9 8 7 6 5 4 3 2 1 2 3 4 5 6 7 11 10 9 8 7 6 5 4 3 2 3
  4 5 6 7 8 10 9 8 7 6 5 4 3 2 3 4 5 6 7 8 9 9 8 7 6 5 4 3 2 1 2 3 4 5 6 7 8 8
  7 6 5 4 3 2 1 0 1 2 3 4 5 6 7 9 8 7 6 5 4 3 2 1 0 1 2 3 4 5 6 10 9 8 7 6 5 4
  3 2 1 0 1 2 3 4 5 11 10 9 8 7 6 5 4 3 2 1 0 1 2 3 4 10 9 8 7 6 5 4 3 2 1 0 1
  2 3 4 5 11 10 9 8 7 6 5 4 3 2 1 2 3 4 5 6 10 9 8 7 6 5 4 3 2 1 2 3 4 5 6 7 9
  8 7 6 5 4 3 2 1 2 3 4 5 6 7 8 8 7 6 5 4 3 2 1 0 1 2 3 4 5 6 7 9 8 7 6 5 4 3 2
  1 2 3 4 5 6 7 8 8 7 6 5 4 3 2 1 0 1 2 3 4 5 6 7 9 8 7 6 5 4 3 2 1 0 1 2 3 4 5
  6 10 9 8 7 6 5 4 3 2 1 2 3 4 5 6 7 11 10 9 8 7 6 5 4 3 2 3 4 5 6 7 8 10 9 8 7
  6 5 4 3 2 3 4 5 6 7 8 9 9 8 7 6 5 4 3 2 1 2 3 4 5 6 7 8 8 7 6 5 4 3 2 1 0 1 2
  3 4 5 6 7 9 8 7 6 5 4 3 2 1 0 1 2 3 4 5 6 10 9 8 7 6 5 4 3 2 1 0 1 2 3 4 5 11
  10 9 8 7 6 5 4 3 2 1 0 1 2 3 4 10 9 8 7 6 5 4 3 2 1 0 1 2 3 4 5 11 10 9 8 7 6
  5 4 3 2 1 2 3 4 5 6 10 9 8 7 6 5 4 3 2 1 2 3 4 5 6 7 9 8 7 6 5 4 3 2 1 2 3 4
  5 6 7 8 8 7 6 5 4 3 2 1 0 1 2 3 4 5 6 7 9 8 7 6 5 4 3 2 1 2 3 4 5 6 7 8 8 7 6
  5 4 3 2 1 0 1 2 3 4 5 6 7 9 8 7 6 5 4 3 2 1 0 1 2 3 4 5 6 10 9 8 7 6 5 4 3 2
  1 2 3 4 5 6 7 11 10 9 8 7 6 5 4 3 2 3 4 5 6 7 8 10 9 8 7 6 5 4 3 2 3 4 5 6 7
  8 9 9 8 7 6 5 4 3 2 1 2 3 4 5 6 7 8 8 7 6 5 4 3 2 1 0 1 2 3 4 5 6 7 9 8 7 6 5
  4 3 2 1 0 1 2 3 4 5 6 10 9 8 7 6 5 4 3 2 1 0 1 2 3 4 5 11 10 9 8 7 6 5 4 3 2
  1 0 1 2 3 4 10 9 8 7 6 5 4 3 2 1 0 1 2 3 4 5 11 10 9 8 7 6 5 4 3 2 1 2 3 4 5
  6 10 9 8 7 6 5 4 3 2 1 2 3 4 5 6 7 9 8 7 6 5 4 3 2 1 2 3 4 5 6 7 8 8 7 6 5 4
  3 2 1 0 1 2 3 4 5 6 7 9 8 7 6 5 4 3 2 1 2 3 4 5 6 7 8 8 7 6 5 4 3 2 1 0 1 2 3
  4 5 6 7 9 8 7 6 5 4 3 2 1 0 1 2 3 4 5 6 10 9 8 7 6 5 4 3 2 1 2 3 4 5 6 7 11
  10 9 8 7 6 5 4 3 2 3 4 5 6 7 8 10 9 8 7 6 5 4 3 2 3 4 5 6 7 8 9 9 8 7 6 5 4 3
  2 1 2 3 4 5 6 7 8 8 7 6 5 4 3 2 1 0 1 2 3 4 5 6 7 9 8 7 6 5 4 3 2 1 0 1 2 3 4
  5 6 10 9 8 7 6 5 4 3 2 1 0 1 2 3 4 5 11 10 9 8 7 6 5 4 3 2 1 0 1 2 3 4 10 9 8
  7 6 5 4 3 2 1 0 1 2 3 4 5 11 10 9 8 7 6 5 4 3 2 1 2 3 4 5 6 10 9 8 7 6 5 4 3
  2 1 2 3 4 5 6 7 9 8 7 6 5 4 3 2 1 2 3 4 5 6 7 8 8 7 6 5 4 3 2 1 0 1 2 3 4 5 6
  7) 