
#(0 0 0 0 0 0 0 0 0 0 0 0 0 0 0 0 0 0 0 0 0 0 0 0 0 0 0 0 0 0 0 0 0 0 0 0 0 0 0
  0 0 0 0 0 0 0 0 0 0 0 0 0 0 0 0 0 0 0 0 0 0 0 0 0 0 0 0 0 0 0 0 0 0 0 0 0 0 0
  0 0 0 0 0 0 0 0 0 0 0 0 0 0 0 0 0 0 0 0 0 0 0 0 0 0 0 0 0 0 0 0 0 0 0 0 0 0 0
  0 0 0 0 0 0 0 0 0 0 0 0 0 0 0 0 0 0 0 0 0 0 0 0 0 0 0 0 0 0 0 0 0 0 0 0 0 0 0
  0 0 0 0 0 0 0 0 0 0 0 0 0 0 0 0 0 0 0 0 0 0 0 0 0 0 0 0 0 0 0 0 0 0 0 0 0 0 0
  0 0 0 0 0 0 0 0 0 0 0 0 0 0 0 0 0 0 0 0 0 0 0 0 0 0 0 0 0 0 0 0 0 0 0 0 0 0 0
  0 0 0 0 0 0 0 0 0 0 0 0 0 0 0 0 0 0 0 0 0 0 0 0 0 0 0 0 0 0 0 0 0 0 0 0 0 0 0
  0 0 0 0 0 0 0 0 0 0 0 0 0 0 0 0 0 0 0 0 0 0 0 0 0 0 0 0 0 0 0 0 0 0 0 0 0 0 0
  0 0 0 0 0 0 0 0 0 0 0 0 0 0 0 0 0 0 0 0 0 0 0 0 0 0 0 0 0 0 0 0 0 0 0 0 0 0 0
  0 0 0 0 0 0 0 0 0 0 0 0 0 0 0 0 0 0 0 0 0 0 0 0 0 0 0 0 0 0 0 0 0 0 0 0 0 0 0
  0 0 0 0 0 0 0 0 0 0 0 0 0 0 0 0 0 0 0 0 0 0 0 0 0 0 0 0 0 0 0 0 0 0 0 0 0 0 0
  0 0 0 0 0 0 0 0 0 0 0 0 0 0 0 0 0 0 0 0 0 0 0 0 0 0 0 0 0 0 0 0 0 0 0 0 0 0 0
  0 0 0 0 0 0 0 0 0 0 0 0 0 0 0 0 0 0 0 0 0 0 0 0 0 0 0 0 0 0 0 0 0 0 0 0 0 0 0
  0 0 0 0 0 0 0 0 0 0 0 0 0 0 0 0 0 0 0 0 0 0 0 0 0 0 0 0 0 0 0 0 0 0 0 0 0 0 0
  0 0 0 0 0 0 0 0 0 0 0 0 0 0 0 0 0 0 0 0 0 0 0 0 0 0 0 0 0 0 0 0 0 0 0 0 0 0 0
  0 0 0 0 0 0 0 0 0 0 0 0 0 0 0 0 0 0 0 0 0 0 0 0 0 0 0 0 0 0 0 0 0 0 0 0 0 0 0
  0 0 0 0 0 0 0 0 0 0 0 0 0 0 0 0 0 0 0 0 0 0 0 0 0 0 0 0 0 0 0 0 0 0 0 0 0 0 0
  0 0 0 0 0 0 0 0 0 0 0 0 0 0 0 0 0 0 0 0 0 0 0 0 0 0 0 0 0 0 0 0 0 0 0 0 0 0 0
  0 0 0 0 0 0 0 0 0 0 0 0 0 0 0 0 0 0 0 0 0 0 0 0 0 0 0 0 0 0 0 0 0 0 0 0 0 0 0
  0 0 0 0 0 0 0 0 0 0 0 0 0 0 0 0 0 0 0 0 0 0 0 0 0 0 0 0 0 0 0 0 0 0 0 0 0 0 0
  0 0 0 0 0 0 0 0 0 0 0 0 0 0 0 0 0 0 0 0 0 0 0 0 0 0 0 0 0 0 0 0 0 0 0 0 0 0 0
  0 0 0 0 0 0 0 0 0 0 0 0 0 0 0 0 0 0 0 0 0 0 0 0 0 0 0 0 0 0 0 0 0 0 0 0 0 0 0
  0 0 0 0 0 0 0 0 0 0 0 0 0 0 0 0 0 0 0 0 0 0 0 0 0 0 0 0 0 0 0 0 0 0 0 0 0 0 0
  0 0 0 0 0 0 0 0 0 0 0 0 0 0 0 0 0 0 0 0 0 0 0 0 0 0 0 0 0 0 0 0 0 0 0 0 0 0 0
  0 0 0 0 0 0 0 0 0 0 0 0 0 0 0 0 0 0 0 0 0 0 0 0 0 0 0 0 0 0 0 0 0 0 0 0 0 0 0
  0 0 0 0 0 0 0 0 0 0 0 0 0 0 0 0 0 0 0 0 0 0 0 0 0 0 0 0 0 0 0 0 0 0 0 0 0 0 0
  0 0 0 0 0 0 0 0 0 0 0 0 0 0 0 0 0 0 0 0 0 0 0 0 0 0 0 0 0 0 0 0 0 0 0 0 0 0 0
  0 0 0 0 0 0 0 0 0 0 0 0 0 0 0 0 0 0 0 0 0 0 0 0 0 0 0 0 0 0 0 0 0 0 0 0 0 0 0
  0 0 0 0 0 0 0 0 0 0 0 0 0 0 0 0 0 0 0 0 0 0 0 0 0 0 0 0 0 0 0 0 0 0 0 0 0 0 0
  0 0 0 0 0 0 0 0 0 0 0 0 0 0 0 0 0 0 0 0 0 0 0 0 0 0 0 0 0 0 0 0 0 0 0 0 0 0 0
  0 0 0 0 0 0 0 0 0 0 0 0 0 0 0 0 0 0 0 0 0 0 0 0 0 0 0 0 0 0 0 0 0 0 0 0 0 0 0
  0 0 0 0 0 0 0 0 0 0 0 0 0 0 0 0 0 0 0 0 0 0 0 0 0 0 0 0 0 0 0 0 0 0 0 0 0 0 0
  0 0 0 0 0 0 0 0 0 0 0 0 0 0 0 0 0 0 0 0 0 0 0 0 0 0 0 0 0 0 0 0 0 0 0 0 0 0 0
  0 0 0 0 0 0 0 0 0 0 0 0 0 0 0 0 0 0 0 0 0 0 0 0 0 0 0 0 0 0 0 0 0 0 0 0 0 0 0
  0 0 0 0 0 0 0 0 0 0 0 0 0 0 0 0 0 0 0 0 0 0 0 0 0 0 0 0 0 0 0 0 0 0 0 0 0 0 0
  0 0 0 0 0 0 0 0 0 0 0 0 0 0 0 0 0 0 0 0 0 0 0 0 0 0 0 0 0 0 0 0 0 0 0 0 0 0 0
  0 0 0 0 0 0 0 0 0 0 0 0 0 0 0 0 0 0 0 0 0 0 0 0 0 0 0 0 0 0 0 0 0 0 0 0 0 0 0
  0 0 0 0 0 0 0 0 0 0 0 0 0 0 0 0 0 0 0 0 0 0 0 0 0 0 0 0 0 0 0 0 0 0 0 0 0 0 0
  0 0 0 0 0 0 0 0 0 0 0 0 0 0 0 0 0 0 0 0 0 0 0 0 0 0 0 0 0 0 0 0 0 0 0 0 0 0 0
  0 0 0 0 0 0 0 0 0 0 0 0 0 0 0 0 0 0 0 0 0 0 0 0 0 0 0 0 0 0 0 0 0 0 0 0 0 0 0
  0 0 0 0 0 0 0 0 0 0 0 0 0 0 0 0 0 0 0 0 0 0 0 0 0 0 0 0 0 0 0 0 0 0 0 0 0 0 0
  0 0 0 0 0 0 0 0 0 0 0 0 0 0 0 0 0 0 0 0 0 0 0 0 0 0 0 0 0 0 0 0 0 0 0 0 0 0 0
  0 0 0 0 0 0 0 0 0 0 0 0 0 0 0 0 0 0 0 0 0 0 0 0 0 0 0 0 0 0 0 0 0 0 0 0 0 0 0
  0 0 0 0 0 0 0 0 0 0 0 0 0 0 0 0 0 0 0 0 0 0 0 0 0 0 0 0 0 0 0 0 0 0 0 0 0 0 0
  0 0 0 0 0 0 0 0 0 0 0 0 0 0 0 0 0 0 0 0 0 0 0 0 0 0 0 0 0 0 0 0 0 0 0 0 0 0 0
  0 0 0 0 0 0 0 0 0 0 0 0 0 0 0 0 0 0 0 0 0 0 0 0 0 0 0 0 0 0 0 0 0 0 0 0 0 0 0
  0 0 0 0 0 0 0 0 0 0 0 0 0 0 0 0 0 0 0 0 0 0 0 0 0 0 0 0 0 0 0 0 0 0 0 0 0 0 0
  0 0 0 0 0 0 0 0 0 0 0 0 0 0 0 0 0 0 0 0 0 0 0 0 0 0 0 0 0 0 0 0 0 0 0 0 0 0 0
  0 0 0 0 0 0 0 0 0 0 0 0 0 0 0 0 0 0 0 0 0 0 0 0 0 0 0 0 0 0 0 0 0 0 0 0 0 0 0
  0 0 0 0 0 0 0 0 0 0 0 0 0 0 0 0 0 0 0 0 0 0 0 0 0 0 0 0 0 0 0 0 0 0 0 0 0 0 0
  0 0 0 0 0 0 0 0 0 0 0 0 0 0 0 0 0 0 0 0 0 0 0 0 0 0 0 0 0 0 0 0 0 0 0 0 0 0 0
  0 0 0 0 0 0 0 0 0 0 0 0 0 0 0 0 0 0 0 0 0 0 0 0 0 0 0 0 0 0 0 0 0 0 0 0 0 0 0
  0 0 0 0 0 0 0 0 0 0 0 0 0 0 0 0 0 0 0 0 0 0 0 0 0 0 0 0 0 0 0 0 0 0 0 0 0 0 0
  0 0 0 0 0 0 0 0 0 0 0 0 0 0 0 0 0 0 0 0 0 0 0 0 0 0 0 0 0 0 0 0 0 0 0 0 0 0 0
  0 0 0 0 0 0 0 0 0 0 0 0 0 0 0 0 0 0 0 0 0 0 0 0 0 0 0 0 0 0 0 0 0 0 0 0 0 0 0
  0 0 0 0 0 0 0 0 0 0 0 0 0 0 0 0 0 0 0 0 0 0 0 0 0 0 0 0 0 0 0 0 0 0 0 0 0 0 0
  0 0 0 0 0 0 0 0 0 0 0 0 0 0 0 0 0 0 0 0 0 0 0 0 0 0 0 0 0 0 0 0 0 0 0 0 0 0 0
  0 0 0 0 0 0 0 0 0 0 0 0 0 0 0 0 0 0 0 0 0 0 0 0 0 0 0 0 0 0 0 0 0 0 0 0 0 0 0
  0 0 0 0 0 0 0 0 0 0 0 0 0 0 0 0 0 0 0 0 0 0 0 0 0 0 0 0 0 0 0 0 0 0 0 0 0 0 0
  0 0 0 0 0 0 0 0 0 0 0 0 0 0 0 0 0 0 0 0 0 0 0 0 0 0 0 0 0 0 0 0 0 0 0 0 0 0 0
  0 0 0 0 0 0 0 0 0 0 0 0 0 0 0 0 0 0 0 0 0 0 0 0 0 0 0 0 0 0 0 0 0 0 0 0 0 0 0
  0 0 0 0 0 0 0 0 0 0 0 0 0 0 0 0 0 0 0 0 0 0 0 0 0 0 0 0 0 0 0 0 0 0 0 0 0 0 0
  0 0 0 0 0 0 0 0 0 0 0 0 0 0 0 0 0 0 0 0 0 0 0 0 0 0 0 0 0 0 0 0 0 0 0 0 0 0 0
  0 0 0 0 0 0 0 0 0 0 0 0 0 0 0 0 0 0 0 0 0 0 0 0 0 0 0 0 0 0 0 0 0 0 0 0 0 0 0
  0 0 0 0 0 0 0 0 0 0 0 0 0 0 0 0 0 0 0 0 0 0 0 0 0 0 0 0 0 0 0 0 0 0 0 0 0 0 0
  0 0 0 0 0 1 0 0 0 0 0 0 0 0 0 0 0 0 0 0 0 0 1 0 0 0 0 0 0 0 0 0 0 0 0 0 0 0 0
  0 0 0 0 0 0 0 0 0 0 0 0 0 0 0 0 0 0 0 0 0 0 0 0 0 0 0 0 0 0 0 0 0 0 0 0 0 0 0
  0 0 0 0 0 0 0 0 0 0 0 0 0 0 0 0 0 0 0 0 0 0 0 0 0 0 0 0 0 0 0 0 0 0 0 0 0 0 0
  0 0 0 0 0 0 0 0 0 0 0 0 0 0 0 0 0 0 0 0 0 0 0 0 0 0 0 0 0 0 0 0 0 0 0 0 0 0 0
  0 0 0 0 0 0 0 0 0 0 0 0 0 0 0 0 0 0 0 0 0 0 0 0 0 0 0 0 0 0 0 0 0 0 0 0 0 0 0
  0 0 0 0 0 0 0 0 0 0 0 0 0 0 0 0 0 0 0 0 0 0 0 0 0 0 0 0 0 0 0 0 0 0 0 0 0 0 0
  0 0 0 0 0 0 0 0 0 0 3 0 0 0 0 0 0 0 0 0 0 0 0 0 0 0 0 3 0 0 0 0 0 0 0 0 0 0 0
  0 0 0 0 3 3 0 0 0 0 0 0 0 0 0 0 0 0 0 0 0 0 0 0 0 0 0 0 0 0 0 0 0 0 0 0 0 0 0
  0 0 0 0 0 0 0 0 0 0 0 0 0 0 0 0 0 0 0 0 0 0 0 0 0 0 0 0 0 0 0 0 0 0 0 0 0 0 0
  0 0 0 0 0 0 0 0 0 0 0 0 0 0 0 0 0 0 0 0 0 0 0 0 0 0 0 0 0 0 0 0 0 0 0 0 0 0 0
  0 0 0 0 0 0 0 0 0 0 0 0 0 0 0 0 0 0 0 0 0 0 0 0 0 0 0 0 0 0 0 0 0 0 0 0 0 0 0
  0 0 0 0 0 0 0 0 0 0 0 0 0 0 0 0 0 0 0 0 0 0 0 0 0 0 0 0 0 0 0 0 0 0 0 0 0 0 0
  0 0 0 0 0 0 0 0 0 0 0 0 0 0 2 0 0 0 0 0 0 0 0 0 0 0 0 0 0 0 0 2 2 0 0 0 0 0 0
  0 0 0 0 0 0 0 0 0 3 3 0 0 0 0 0 0 0 0 0 0 0 0 0 0 3 3 3 0 0 0 0 0 0 0 0 0 0 0
  0 0 0 0 0 0 0 0 0 0 0 0 0 0 0 0 0 0 0 0 0 0 0 0 0 0 0 0 0 0 0 0 0 0 0 0 0 0 0
  0 0 0 0 0 0 0 0 0 0 0 0 0 0 0 0 0 0 0 0 0 0 0 0 0 0 0 0 0 0 0 0 0 0 0 0 0 0 0
  0 0 0 0 0 0 0 0 0 0 0 0 0 0 0 0 0 0 0 0 0 0 0 0 0 0 0 0 0 0 0 0 0 0 0 0 0 0 0
  0 0 0 0 0 0 0 0 0 0 0 0 0 0 0 0 0 0 0 0 0 0 0 0 0 0 0 0 0 0 0 0 0 0 0 0 0 0 0
  0 0 0 0 0 0 0 0 0 0 0 0 0 0 0 0 0 0 0 0 0 0 0 0 0 0 0 0 0 0 0 0 0 0 0 0 0 0 0
  0 0 0 0 0 0 0 0 0 0 0 0 0 0 0 0 0 0 0 0 0 0 0 0 0 0 0 0 0 0 0 2 2 0 0 0 0 0 0
  0 0 0 0 0 0 0 0 2 2 2 0 0 0 0 0 0 0 0 0 0 0 0 0 0 0 0 0 0 0 0 0 0 0 0 0 0 0 0
  0 0 0 0 0 0 0 0 0 0 0 0 0 0 0 0 0 0 0 0 0 0 0 0 0 0 0 0 0 0 0 0 0 0 0 0 0 0 0
  0 0 0 0 0 0 0 0 0 0 0 0 0 0 0 0 0 0 0 0 0 0 0 0 0 0 0 0 0 0 0 0 0 0 0 0 0 0 0
  0 0 0 0 0 0 0 0 0 0 0 0 0 0 0 0 0 0 0 0 0 0 0 0 0 0 0 0 0 0 0 0 0 0 0 0 0 0 0
  0 0 0 0 0 0 0 0 0 0 0 0 0 0 0 0 0 0 0 0 0 0 0 0 0 0 0 0 0 0 0 0 0 0 0 0 0 0 0
  0 0 0 0 0 0 0 0 0 0 0 0 0 0 0 0 0 0 0 0 0 0 0 0 0 0 0 0 0 0 0 0 0 0 0 0 0 0 0
  0 0 0 0 0 0 0 0 0 0 0 0 0 0 0 0 0 0 0 0 0 0 0 0 0 0 0 0 0 0 0 0 0 0 0 0 0 0 0
  0 0 0 0 0 0 0 0 0 0 0 0 0 0 0 0 0 0 0 0 0 0 0 0 0 0 0 0 0 0 0 0 0 0 0 0 0 0 0
  0 0 0 0 0 0 0 0 0 0 0 0 0 0 0 0 0 0 0 0 0 0 0 0 0 0 0 0 0 0 0 0 0 0 0 0 0 0 0
  0 0 0 0 0 0 0 0 0 0 0 0 0 0 0 0 0 0 0 0 0 0 0 0 0 0 0 0 0 0 0 0 0 0 0 0 0 0 0
  0 0 0 0 0 0 0 0 0 0 0 0 0 0 0 0 0 0 0 0 0 0 0 0 0 0 0 0 0 0 0 0 0 0 0 0 0 0 0
  0 0 0 0 0 0 0 0 0 0 0 0 0 0 0 0 0 0 0 0 0 0 0 0 0 0 0 0 0 0 0 0 0 0 0 0 0 0 0
  0 0 0 0 0 0 0 0 0 0 0 0 0 0 0 0 0 0 0 0 0 0 0 0 0 0 0 0 0 0 0 0 0 0 0 0 0 0 0
  0 0 0 0 0 0 0 0 0 0 0 0 0 0 0 0 0 0 0 0 0 0 0 0 0 0 0 0 0 0 0 0 0 0 0 0 0 0 0
  0 0 0 0 0 0 0 0 0 0 0 0 0 0 0 0 0 0 0 0 0 0 0 0 0 0 0 0 0 0 0 0 0 0 0 0 0 0 0
  0 0 0 0 0 0 0 0 0 0 0 0 0 0 0 0 0 0 0 0 0 0 0 0 0 0 0 0 0 0 0 0 0 0 0 0 0 0 0
  0 0 0 0 0 0 0 0 0 0 0 0 0 0 0 0 0 0 0 0 0 0 0 0 0 0 0 0 0 0 0 0 0 0 0 0 0 0 0
  0 0 0 0 0 0 0 0 0 0 0 0 0 0 0 0 0 0 0 0 0 0 0 0 0 0 0 0 0 0 0 0 0 0 0 0 0 0 0
  0 0 0 0 0 0 0 0 0 0 0 0 0 0 0 0 0 0 0 0 0 0 0 0 0 0 0 0 0 0 0 0 0 0 0 0 0 0 0
  0 0 0 0 0 0 0 0 0 0 0 0 0 0 0 0 0 0 0 0 0 0 0 0 0 0 0 0 0 0 0 0 0 0 0 0 0 0 0
  0) 
#(0 0 0 0 0 0 0 0 0 0 0 0 0 0 0 0 0 0 0 0 0 0 0 0 0 0 0 0 0 0 0 0 0 0 0 0 0 0 0
  0 0 0 0 0 0 0 0 0 0 0 0 0 0 0 0 0 0 0 0 0 0 0 0 0 0 0 0 0 0 0 0 0 0 0 0 0 0 0
  0 0 0 0 0 0 0 0 0 0 0 0 0 0 0 0 0 0 0 0 0 0 0 0 0 0 0 0 0 0 0 0 0 0 0 0 0 0 0
  0 0 0 0 0 0 0 0 0 0 0 0 0 0 0 0 0 0 0 0 0 0 0 0 0 0 0 0 0 0 0 0 0 0 0 0 0 0 0
  0 0 0 0 0 0 0 0 0 0 0 0 0 0 0 0 0 0 0 0 0 0 0 0 0 0 0 0 0 0 0 0 0 0 0 0 0 0 0
  0 0 0 0 0 0 0 0 0 0 0 0 0 0 0 0 0 0 0 0 0 0 0 0 0 0 0 0 0 0 0 0 0 0 0 0 0 0 0
  0 0 0 0 0 0 0 0 0 0 0 0 0 0 0 0 0 0 0 0 0 0 0 0 0 0 0 0 0 0 0 0 0 0 0 0 0 0 0
  0 0 0 0 0 0 0 0 0 0 0 0 0 0 0 0 0 0 0 0 0 0 0 0 0 0 0 0 0 0 0 0 0 0 0 0 0 0 0
  0 0 0 0 0 0 0 0 0 0 0 0 0 0 0 0 0 0 0 0 0 0 0 0 0 0 0 0 0 0 0 0 0 0 0 0 0 0 0
  0 0 0 0 0 0 0 0 0 0 0 0 0 0 0 0 0 0 0 0 0 0 0 0 0 0 0 0 0 0 0 0 0 0 0 0 0 0 0
  0 0 0 0 0 0 0 0 0 0 0 0 0 0 0 0 0 0 0 0 0 0 0 0 0 0 0 0 0 0 0 0 0 0 0 0 0 0 0
  0 0 0 0 0 0 0 0 0 0 0 0 0 0 0 0 0 0 0 0 0 0 0 0 0 0 0 0 0 0 0 0 0 0 0 0 0 0 0
  0 0 0 0 0 0 0 0 0 0 0 0 0 0 0 0 0 0 0 0 0 0 0 0 0 0 0 0 0 0 0 0 0 0 0 0 0 0 0
  0 0 0 0 0 0 0 0 0 0 0 0 0 0 0 0 0 0 0 0 0 0 0 0 0 0 0 0 0 0 0 0 0 0 0 0 0 0 0
  0 0 0 0 0 0 0 0 0 0 0 0 0 0 0 0 0 0 0 0 0 0 0 0 0 0 0 0 0 0 0 0 0 0 0 0 0 0 0
  0 0 0 0 0 0 0 0 0 0 0 0 0 0 0 0 0 0 0 0 0 0 0 0 0 0 0 0 0 0 0 0 0 0 0 0 0 0 0
  0 0 0 0 0 0 0 0 0 0 0 0 0 0 0 0 0 0 0 0 0 0 0 0 0 0 0 0 0 0 0 0 0 0 0 0 0 0 0
  0 0 0 0 0 0 0 0 0 0 0 0 0 0 0 0 0 0 0 0 0 0 0 0 0 0 0 0 0 0 0 0 0 0 0 0 0 0 0
  0 0 0 0 0 0 0 0 0 0 0 0 0 0 0 0 0 0 0 0 0 0 0 0 0 0 0 0 0 0 0 0 0 0 0 0 0 0 0
  0 0 0 0 0 0 0 0 0 0 0 0 0 0 0 0 0 0 0 0 0 0 0 0 0 0 0 0 0 0 0 0 0 0 0 0 0 0 0
  0 0 0 0 0 0 0 0 0 0 0 0 0 0 0 0 0 0 0 0 0 0 0 0 0 0 0 0 0 0 0 0 0 0 0 0 0 0 0
  0 0 0 0 0 0 0 0 0 0 0 0 0 0 0 0 0 0 0 0 0 0 0 0 0 0 0 0 0 0 0 0 0 0 0 0 0 0 0
  0 0 0 0 0 0 0 0 0 0 0 0 0 0 0 0 0 0 0 0 0 0 0 0 0 0 0 0 0 0 0 0 0 0 0 0 0 0 0
  0 0 0 0 0 0 0 0 0 0 0 0 0 0 0 0 0 0 0 0 0 0 0 0 0 0 0 0 0 0 0 0 0 0 0 0 0 0 0
  0 0 0 0 0 0 0 0 0 0 0 0 0 0 0 0 0 0 0 0 0 0 0 0 0 0 0 0 0 0 0 0 0 0 0 0 0 0 0
  0 0 0 0 0 0 0 0 0 0 0 0 0 0 0 0 0 0 0 0 0 0 0 0 0 0 0 0 0 0 0 0 0 0 0 0 0 0 0
  0 0 0 0 0 0 0 0 0 0 0 0 0 0 0 0 0 0 0 0 0 0 0 0 0 0 0 0 0 0 0 0 0 0 0 0 0 0 0
  0 0 0 0 0 0 0 0 0 0 0 0 0 0 0 0 0 0 0 0 0 0 0 0 0 0 0 0 0 0 0 0 0 0 0 0 0 0 0
  0 0 0 0 0 0 0 0 0 0 0 0 0 0 0 0 0 0 0 0 0 0 0 0 0 0 0 0 0 0 0 0 0 0 0 0 0 0 0
  0 0 0 0 0 0 0 0 0 0 0 0 0 0 0 0 0 0 0 0 0 0 0 0 0 0 0 0 0 0 0 0 0 0 0 0 0 0 0
  0 0 0 0 0 0 0 0 0 0 0 0 0 0 0 0 0 0 0 0 0 0 0 0 0 0 0 0 0 0 0 0 0 0 0 0 0 0 0
  0 0 0 0 0 0 0 0 0 0 0 0 0 0 0 0 0 0 0 0 0 0 0 0 0 0 0 0 0 0 0 0 0 0 0 0 0 0 0
  0 0 0 0 0 0 0 0 0 0 0 0 0 0 0 0 0 0 0 0 0 0 0 0 0 0 0 0 0 0 0 0 0 0 0 0 0 0 0
  0 0 0 0 0 0 0 0 0 0 0 0 0 0 0 0 0 0 0 0 0 0 0 0 0 0 0 0 0 0 0 0 0 0 0 0 0 0 0
  0 0 0 0 0 0 0 0 0 0 0 0 0 0 0 0 0 0 0 0 0 0 0 0 0 0 0 0 0 0 0 0 0 0 0 0 0 0 0
  0 0 0 0 0 0 0 0 0 0 0 0 0 0 0 0 0 0 0 0 0 0 0 0 0 0 0 0 0 0 0 0 0 0 0 0 0 0 0
  0 0 0 0 0 0 0 0 0 0 0 0 0 0 0 0 0 0 0 0 0 0 0 0 0 0 0 0 0 0 0 0 0 0 0 0 0 0 0
  0 0 0 0 0 0 0 0 0 0 0 0 0 0 0 0 0 0 0 0 0 0 0 0 0 0 0 0 0 0 0 0 0 0 0 0 0 0 0
  0 0 0 0 0 0 0 0 0 0 0 0 0 0 0 0 0 0 0 0 0 0 0 0 0 0 0 0 0 0 0 0 0 0 0 0 0 0 0
  0 0 0 0 0 0 0 0 0 0 0 0 0 0 0 0 0 0 0 0 0 0 0 0 0 0 0 0 0 0 0 0 0 0 0 0 0 0 0
  0 0 0 0 0 0 0 0 0 0 0 0 0 0 0 0 0 0 0 0 0 0 0 0 0 0 0 0 0 0 0 0 0 0 0 0 0 0 0
  0 0 0 0 0 0 0 0 0 0 0 0 0 0 0 0 0 0 0 0 0 0 0 0 0 0 0 0 0 0 0 0 0 0 0 0 0 0 0
  0 0 0 0 0 0 0 0 0 0 0 0 0 0 0 0 0 0 0 0 0 0 0 0 0 0 0 0 0 0 0 0 0 0 0 0 0 0 0
  0 0 0 0 0 0 0 0 0 0 0 0 0 0 0 0 0 0 0 0 0 0 0 0 0 0 0 0 0 0 0 0 0 0 0 0 0 0 0
  0 0 0 0 0 0 0 0 0 0 0 0 0 0 0 0 0 0 0 0 0 0 0 0 0 0 0 0 0 0 0 0 0 0 0 0 0 0 0
  0 0 0 0 0 0 0 0 0 0 0 0 0 0 0 0 0 0 0 0 0 0 0 0 0 0 0 0 0 0 0 0 0 0 0 0 0 0 0
  0 0 0 0 0 0 0 0 0 0 0 0 0 0 0 0 0 0 0 0 0 0 0 0 0 0 0 0 0 0 0 0 0 0 0 0 0 0 0
  0 0 0 0 0 0 0 0 0 0 0 0 0 0 0 0 0 0 0 0 0 0 0 0 0 0 0 0 0 0 0 0 0 0 0 0 0 0 0
  0 0 0 0 0 0 0 0 0 0 0 0 0 0 0 0 0 0 0 0 0 0 0 0 0 0 0 0 0 0 0 0 0 0 0 0 0 0 0
  0 0 0 0 0 0 0 0 0 0 0 0 0 0 0 0 0 0 0 0 0 0 0 0 0 0 0 0 0 0 0 0 0 0 0 0 0 0 0
  0 0 0 0 0 0 0 0 0 0 0 0 0 0 0 0 0 0 0 0 0 0 0 0 0 0 0 0 0 0 0 0 0 0 0 0 0 0 0
  0 0 0 0 0 0 0 0 0 0 0 0 0 0 0 0 0 0 0 0 0 0 0 0 0 0 0 0 0 0 0 0 0 0 0 0 0 0 0
  0 0 0 0 0 0 0 0 0 0 0 0 0 0 0 0 0 0 0 0 0 0 0 0 0 0 0 0 0 0 0 0 0 0 0 0 0 0 0
  0 0 0 0 0 0 0 0 0 0 0 0 0 0 0 0 0 0 0 0 0 0 0 0 0 0 0 0 0 0 0 0 0 0 0 0 0 0 0
  0 0 0 0 0 0 0 0 0 0 0 0 0 0 0 0 0 0 0 0 0 0 0 0 0 0 0 0 0 0 0 0 0 0 0 0 0 0 0
  0 0 0 0 0 0 0 0 0 0 0 0 0 0 0 0 0 0 0 0 0 0 0 0 0 0 0 0 0 0 0 0 0 0 0 0 0 0 0
  0 0 0 0 0 0 0 0 0 0 0 0 0 0 0 0 0 0 0 0 0 0 0 0 0 0 0 0 0 0 0 0 0 0 0 0 0 0 0
  0 0 0 0 0 0 0 0 0 0 0 0 0 0 0 0 0 0 0 0 0 0 0 0 0 0 0 0 0 0 0 0 0 0 0 0 0 0 0
  0 0 0 0 0 0 0 0 0 0 0 0 0 0 0 0 0 0 0 0 0 0 0 0 0 0 0 0 0 0 0 0 0 0 0 0 0 0 0
  0 0 0 0 0 0 0 0 0 0 0 0 0 0 0 0 0 0 0 0 0 0 0 0 0 0 0 0 0 0 0 0 0 0 0 0 0 0 0
  0 0 0 0 0 0 0 0 0 0 0 0 0 0 0 0 0 0 0 0 0 0 0 0 0 0 0 0 0 0 0 0 0 0 0 0 0 0 0
  0 0 0 0 0 0 0 0 0 0 0 0 0 0 0 0 0 0 0 0 0 0 0 0 0 0 0 0 0 0 0 0 0 0 0 0 0 0 0
  0 0 0 0 0 0 0 0 0 0 0 0 0 0 0 0 0 0 0 0 0 0 0 0 0 0 0 0 0 0 0 0 0 0 0 0 0 0 0
  0 0 0 0 0 0 0 0 0 0 0 0 0 0 0 0 0 0 0 0 0 0 0 0 0 0 0 0 0 0 0 0 0 0 0 0 0 0 0
  0 0 0 0 0 0 0 0 0 0 0 0 0 0 0 0 0 0 0 0 0 0 0 0 0 0 0 0 0 0 0 0 0 0 0 0 0 0 0
  0 0 0 0 0 0 0 0 0 0 0 0 0 0 0 0 0 0 0 0 0 0 0 0 0 0 0 0 0 0 0 0 0 0 0 0 0 0 0
  0 0 0 0 0 0 0 0 0 0 0 0 0 0 0 0 0 0 0 0 0 0 0 0 0 0 0 0 0 0 0 0 0 0 0 0 0 0 0
  0 0 0 0 0 0 0 0 0 0 0 0 0 0 0 0 0 0 0 0 0 0 0 0 0 0 0 0 0 0 0 0 0 0 0 0 0 0 0
  0 0 0 0 0 0 0 0 0 0 0 0 0 0 0 0 0 0 0 0 0 0 0 0 0 0 0 0 0 0 0 0 0 0 0 0 0 0 0
  0 0 0 0 0 0 0 0 0 0 0 0 0 0 0 0 0 0 0 0 0 0 0 0 0 0 0 0 0 0 0 0 0 0 0 0 0 0 0
  0 0 0 0 0 0 0 0 0 0 0 0 0 0 0 0 0 0 0 0 0 0 0 0 0 0 0 0 0 0 0 0 0 0 0 0 0 0 0
  0 0 0 0 0 0 0 0 0 0 0 0 0 0 0 0 0 0 0 0 0 0 0 0 0 0 0 0 0 0 0 0 0 0 0 0 0 0 0
  0 0 0 0 0 0 0 0 0 0 0 0 0 0 0 0 0 0 0 0 0 0 0 0 0 0 0 0 0 0 0 0 0 0 0 0 0 0 0
  0 0 0 0 0 0 0 0 0 0 0 0 0 0 0 0 0 0 0 0 0 0 0 0 0 0 0 0 0 0 0 0 0 0 0 0 0 0 0
  0 0 0 0 0 0 0 0 0 0 0 0 0 0 0 0 0 0 0 0 0 0 0 0 0 0 0 0 0 0 0 0 0 0 0 0 0 0 0
  0 0 0 0 0 0 0 0 0 0 0 0 0 0 0 0 0 0 0 0 0 0 0 0 0 0 0 0 0 0 0 0 0 0 0 0 0 0 0
  0 0 0 0 0 0 0 0 0 0 0 0 0 0 0 0 0 0 0 0 0 0 0 0 0 0 0 0 0 0 0 0 0 0 0 0 0 0 0
  0 0 0 0 0 0 0 0 0 0 0 0 0 0 0 0 0 0 0 0 0 0 0 0 0 0 0 0 0 0 0 0 0 0 0 0 0 0 0
  0 0 0 0 0 0 0 0 0 0 0 0 0 0 0 0 0 0 0 0 0 0 0 0 0 0 0 0 0 0 0 0 0 0 0 0 0 0 0
  0 0 0 0 0 0 0 0 0 0 0 0 0 0 0 0 0 0 0 0 0 0 0 0 0 0 0 0 0 0 0 0 0 0 0 0 0 0 0
  0 0 0 0 0 0 0 0 0 0 0 0 0 0 0 0 0 0 0 0 0 0 0 0 0 0 0 0 0 0 0 0 0 0 0 0 0 0 0
  0 0 0 0 0 0 0 0 0 0 0 0 0 0 0 0 0 0 0 0 0 0 0 0 0 0 0 0 0 0 0 0 0 0 0 0 0 0 0
  0 0 0 0 0 0 0 0 0 0 0 0 0 0 0 0 0 0 0 0 0 0 0 0 0 0 0 0 0 0 0 0 0 0 0 0 0 0 0
  0 0 0 0 0 0 0 0 0 0 0 0 0 0 0 0 0 0 0 0 0 0 0 0 0 0 0 0 0 0 0 0 0 0 0 0 0 0 0
  0 0 0 0 0 0 0 0 0 0 0 0 0 0 0 0 0 0 0 0 0 0 0 0 0 0 0 0 0 0 0 0 0 0 0 0 0 0 0
  0 0 0 0 0 0 0 0 0 0 0 0 0 0 0 0 0 0 0 0 0 0 0 0 0 0 0 0 0 0 0 0 0 0 0 0 0 0 0
  0 0 0 0 0 0 0 0 0 0 0 0 0 0 0 0 0 0 0 0 0 0 0 0 0 0 0 0 0 0 0 0 0 0 0 0 0 0 0
  0 0 0 0 0 0 0 0 0 0 0 0 0 0 0 0 0 0 0 0 0 0 0 0 0 0 0 0 0 0 0 0 0 0 0 0 0 0 0
  0 0 0 0 0 0 0 0 0 0 0 0 0 0 0 0 0 0 0 0 0 0 0 0 0 0 0 0 0 0 0 0 0 0 0 0 0 0 0
  0 0 0 0 0 0 0 0 0 0 0 0 0 0 0 0 0 0 0 0 0 0 0 0 0 0 0 0 0 0 0 0 0 0 0 0 0 0 0
  0 0 0 0 0 0 0 0 0 0 0 0 0 0 0 0 0 0 0 0 0 0 0 0 0 0 0 0 0 0 0 0 0 0 0 0 0 0 0
  0 0 0 0 0 0 0 0 0 0 0 0 0 0 0 0 0 0 0 0 0 0 0 0 0 0 0 0 0 0 0 0 0 0 0 0 0 0 0
  0 0 0 0 0 0 0 0 0 0 0 0 0 0 0 0 0 0 0 0 0 0 0 0 0 0 0 0 0 0 0 0 0 0 0 0 0 0 0
  0 0 0 0 0 0 0 0 0 0 0 0 0 0 0 0 0 0 0 0 0 0 0 0 0 0 0 0 0 0 0 0 0 0 0 0 0 0 0
  0 0 0 0 0 0 0 0 0 0 0 0 0 0 0 0 0 0 0 0 0 0 0 0 0 0 0 0 0 0 0 0 0 0 0 0 0 0 0
  0 0 0 0 0 0 0 0 0 0 0 0 0 0 0 0 0 0 0 0 0 0 0 0 0 0 0 0 0 0 0 0 0 0 0 0 0 0 0
  0 0 0 0 0 0 0 0 0 0 0 0 0 0 0 0 0 0 0 0 0 0 0 0 0 0 0 0 0 0 0 0 0 0 0 0 0 0 0
  0 0 0 0 0 0 0 0 0 0 0 0 0 0 0 0 0 0 0 0 0 0 0 0 0 0 0 0 0 0 0 0 0 0 0 0 0 0 0
  0 0 0 0 0 0 0 0 0 0 0 0 0 0 0 0 0 0 0 0 0 0 0 0 0 0 0 0 0 0 0 0 0 0 0 0 0 0 0
  0 0 0 0 0 0 0 0 0 0 0 0 0 0 0 0 0 0 0 0 0 0 0 0 0 0 0 0 0 0 0 0 0 0 0 0 0 0 0
  0 0 0 0 0 0 0 0 0 0 0 0 0 0 0 0 0 0 0 0 0 0 0 0 0 0 0 0 0 0 0 0 0 0 0 0 0 0 0
  0 0 0 0 0 0 0 0 0 0 0 0 0 0 0 0 0 0 0 0 0 0 0 0 0 0 0 0 0 0 0 0 0 0 0 0 0 0 0
  0 0 0 0 0 0 0 0 0 0 0 0 0 0 0 0 0 0 0 0 0 0 0 0 0 0 0 0 0 0 0 0 0 0 0 0 0 0 0
  0 0 0 0 0 0 0 0 0 0 0 0 0 0 0 0 0 0 0 0 0 0 0 0 0 0 0 0 0 0 0 0 0 0 0 0 0 0 0
  0 0 0 0 0 0 0 0 0 0 0 0 0 0 0 0 0 0 0 0 0 0 0 0 0 0 0 0 0 0 0 0 0 0 0 0 0 0 0
  0) 
#(15 14 15 14 15 14 15 14 15 14 15 14 15 14 15 14 14 15 14 15 14 15 14 15 14 15
  14 15 14 15 14 15 15 14 15 14 15 14 15 14 15 14 15 14 15 14 15 14 14 15 14 15
  14 15 14 15 14 15 14 15 14 15 14 15 15 14 15 14 15 14 15 14 15 14 15 14 15 14
  15 14 14 15 14 15 14 15 14 15 14 15 14 15 14 15 14 15 15 14 15 14 15 14 15 14
  15 14 15 14 15 14 15 14 14 15 14 15 14 15 14 15 14 15 14 15 14 15 14 15 15 14
  15 14 15 14 15 14 15 14 15 14 15 14 15 14 14 15 14 15 14 15 14 15 14 15 14 15
  14 15 14 15 15 14 15 14 15 14 15 14 15 14 15 14 15 14 15 14 14 15 14 15 14 15
  14 15 14 15 14 15 14 15 14 15 15 14 15 14 15 14 15 14 15 14 15 14 15 14 15 14
  14 15 14 15 14 15 14 15 14 15 14 13 14 15 14 15 15 14 15 14 15 14 15 14 15 14
  15 14 13 14 15 14 14 15 14 15 14 15 14 15 14 15 14 13 12 13 14 15 15 14 15 14
  15 14 15 14 15 14 15 14 15 14 15 14 14 15 14 15 14 15 14 15 14 15 14 15 14 15
  14 15 15 14 15 14 15 14 15 14 15 14 15 14 15 14 15 14 14 15 14 15 14 15 14 15
  14 15 14 15 14 15 14 15 15 14 15 14 15 14 15 14 15 14 15 14 15 14 15 14 14 15
  14 15 14 15 14 15 14 15 14 15 14 15 14 15 15 14 15 14 15 14 15 14 15 14 15 14
  15 14 15 14 14 15 14 15 14 15 14 15 14 15 14 15 14 15 14 15 15 14 15 14 15 14
  15 14 15 14 15 14 15 14 15 14 14 15 14 15 14 15 14 15 14 15 14 15 14 15 14 15
  15 14 15 14 15 14 15 14 15 14 15 14 15 14 15 14 14 15 14 15 14 15 14 15 14 15
  14 15 14 15 14 15 15 14 15 14 15 14 15 14 15 14 15 14 15 14 15 14 14 15 14 15
  14 15 14 15 14 15 14 13 14 15 14 15 15 14 15 14 15 14 15 14 15 14 15 14 13 14
  15 14 14 15 14 15 14 15 14 15 14 15 14 13 12 13 14 15 15 14 15 14 15 14 15 14
  15 14 15 14 15 14 15 14 14 15 14 15 14 15 14 15 14 15 14 15 14 15 14 15 15 14
  15 14 15 14 15 14 15 14 15 14 15 14 15 14 14 15 14 15 14 15 14 15 14 15 14 15
  14 15 14 15 15 14 15 14 15 14 15 14 15 14 15 14 15 14 15 14 14 15 14 15 14 15
  14 15 14 15 14 15 14 15 14 15 15 14 15 14 15 14 15 14 15 14 15 14 15 14 15 14
  14 15 14 15 14 15 14 15 14 15 14 15 14 15 14 15 15 14 15 14 15 14 15 14 15 14
  15 14 15 14 15 14 14 15 14 15 14 15 14 15 14 15 14 15 14 15 14 15 15 14 15 14
  15 14 15 14 15 14 15 14 15 14 15 14 14 15 14 15 14 15 14 15 14 15 14 15 14 15
  14 15 15 14 15 14 15 14 15 14 15 14 15 14 15 14 15 14 14 15 14 15 14 15 14 15
  14 15 14 13 14 15 14 15 15 14 15 14 15 14 15 14 15 14 15 14 13 14 15 14 14 15
  14 15 14 15 14 15 14 15 14 13 12 13 14 15 15 14 15 14 15 14 15 14 15 14 15 14
  15 14 15 14 14 15 14 15 14 15 14 15 14 15 14 15 14 15 14 15 15 14 15 14 15 14
  15 14 15 14 15 14 15 14 15 14 14 15 14 15 14 15 14 15 14 15 14 15 14 15 14 15
  15 14 15 14 15 14 15 14 15 14 15 14 15 14 15 14 14 15 14 15 14 15 14 15 14 15
  14 15 14 15 14 15 15 14 15 14 15 14 15 14 15 14 15 14 15 14 15 14 14 15 14 15
  14 15 14 15 14 15 14 15 14 15 14 15 15 14 15 14 15 14 15 14 15 14 15 14 15 14
  15 14 14 15 14 15 14 15 14 15 14 15 14 15 14 15 14 15 15 14 15 14 15 14 15 14
  15 14 15 14 15 14 15 14 14 15 14 15 14 15 14 15 14 15 14 15 14 15 14 15 15 14
  15 14 15 14 15 14 15 14 15 14 15 14 15 14 14 15 14 15 14 15 14 15 14 15 14 13
  14 15 14 15 15 14 15 14 15 14 15 14 15 14 15 14 13 14 15 14 14 15 14 15 14 15
  14 15 14 15 14 13 12 13 14 15 15 14 15 14 15 14 15 14 15 14 15 14 15 14 15 14
  14 15 14 15 14 15 14 15 14 15 14 15 14 15 14 15 15 14 15 14 15 14 15 14 15 14
  15 14 15 14 15 14 14 15 14 15 14 15 14 15 14 15 14 15 14 15 14 15 15 14 15 14
  15 14 15 14 15 14 15 14 15 14 15 14 14 15 14 15 14 15 14 15 14 15 14 15 14 15
  14 15 15 14 15 14 15 14 15 14 15 14 15 14 15 14 15 14 14 15 14 15 14 15 14 15
  14 15 14 15 14 15 14 15 15 14 15 14 15 14 15 14 15 14 15 14 15 14 15 14 14 15
  14 15 14 15 14 15 14 15 14 15 14 15 14 15 15 14 15 14 15 14 15 14 15 14 15 14
  15 14 15 14 14 15 14 15 14 15 14 15 14 15 14 15 14 15 14 15 15 14 15 14 15 14
  15 14 15 14 15 14 15 14 15 14 14 15 14 15 14 15 14 15 14 15 14 13 14 15 14 15
  15 14 15 14 15 14 15 14 15 14 15 14 13 14 15 14 14 15 14 15 14 15 14 15 14 15
  14 13 12 13 14 15 15 14 15 14 15 14 15 14 15 14 15 14 15 14 15 14 14 15 14 15
  14 15 14 15 14 15 14 15 14 15 14 15 15 14 15 14 15 14 15 14 15 14 15 14 15 14
  15 14 14 15 14 15 14 15 14 15 14 15 14 15 14 15 14 15 15 14 15 14 15 14 15 14
  15 14 15 14 15 14 15 14 14 15 14 15 14 15 14 15 14 15 14 15 14 15 14 15 15 14
  15 14 15 14 15 14 15 14 15 14 15 14 15 14 14 15 14 15 14 15 14 15 14 15 14 15
  14 15 14 15 15 14 15 14 15 14 15 14 15 14 15 14 15 14 15 14 14 15 14 15 14 15
  14 15 14 15 14 15 14 15 14 15 15 14 15 14 15 14 15 14 15 14 15 14 15 14 15 14
  14 15 14 15 14 15 14 15 14 15 14 15 14 15 14 15 15 14 15 14 15 14 15 14 15 14
  15 14 15 14 15 14 14 15 14 15 14 15 14 15 14 15 14 13 14 15 14 15 15 14 15 14
  15 14 15 14 15 14 15 14 13 14 15 14 14 15 14 15 14 15 14 15 14 15 14 13 12 13
  14 15 15 14 15 14 15 14 15 14 15 14 15 14 15 14 15 14 14 15 14 15 14 15 14 15
  14 15 14 15 14 15 14 15 15 14 15 14 15 14 15 14 15 14 15 14 15 14 15 14 14 15
  14 15 14 15 14 15 14 15 14 15 14 15 14 15 15 14 15 14 15 14 15 14 15 14 15 14
  15 14 15 14 14 15 14 15 14 15 14 15 14 15 14 15 14 15 14 15 15 14 15 14 15 14
  15 14 15 14 15 14 15 14 15 14 14 15 14 15 14 15 14 15 14 15 14 15 14 15 14 15
  15 14 15 14 15 14 15 14 15 14 15 14 15 14 15 14 14 15 14 15 14 15 14 15 14 15
  14 15 14 15 14 15 15 14 15 14 15 14 15 14 15 14 15 14 15 14 15 14 14 15 14 15
  14 15 14 15 14 15 14 15 14 15 14 15 15 14 15 14 15 14 15 14 15 14 15 14 15 14
  15 14 14 15 14 15 14 15 14 15 14 15 14 13 14 15 14 15 15 14 15 14 15 14 15 14
  15 14 15 14 13 14 15 14 14 15 14 15 14 15 14 15 14 15 14 13 12 13 14 15 15 14
  15 14 15 14 15 14 15 14 15 14 15 14 15 14 14 15 14 15 14 15 14 15 14 15 14 15
  14 15 14 15 15 14 15 14 15 14 15 14 15 14 15 14 15 14 15 14 14 15 14 15 14 15
  14 15 14 15 14 15 14 15 14 15 15 14 15 14 15 14 15 14 15 14 15 14 15 14 15 14
  14 15 14 15 14 15 14 15 14 15 14 15 14 15 14 15 15 14 15 14 15 14 15 14 15 14
  15 14 15 14 15 14 14 15 14 15 14 15 14 15 14 15 14 15 14 15 14 15 15 14 15 14
  15 14 15 14 15 14 15 14 15 14 15 14 14 15 14 15 14 15 14 15 14 15 14 15 14 15
  14 15 15 14 15 14 15 14 15 14 15 14 15 14 15 14 15 14 14 15 14 15 14 15 14 15
  14 15 14 15 14 15 14 15 15 14 15 14 15 14 15 14 15 14 15 14 15 14 15 14 14 15
  14 15 14 15 14 15 14 15 14 13 14 15 14 15 15 14 15 14 15 14 15 14 15 14 15 14
  13 14 15 14 14 15 14 15 14 15 14 15 14 15 14 13 12 13 14 15 15 14 15 14 15 14
  15 14 15 14 15 14 15 14 15 14 14 15 14 15 14 15 14 15 14 15 14 15 14 15 14 15
  15 14 15 14 15 14 15 14 15 14 15 14 15 14 15 14 14 15 14 15 14 15 14 15 14 15
  14 15 14 15 14 15 15 14 15 14 15 14 15 14 15 14 15 14 15 14 15 14 14 15 14 15
  14 15 14 15 14 15 14 15 14 15 14 15 15 14 15 14 15 14 15 14 15 14 15 14 15 14
  15 14 14 15 14 15 14 15 14 15 14 15 14 15 14 15 14 15 15 14 15 14 15 14 15 14
  15 14 15 14 15 14 15 14 14 15 14 15 14 15 14 15 14 15 14 15 14 15 14 15 15 14
  15 14 15 14 15 14 15 14 15 14 15 14 15 14 14 15 14 15 14 15 14 15 14 15 14 15
  14 15 14 15 15 14 15 14 15 14 15 14 15 14 15 14 15 14 15 14 14 15 14 15 14 15
  14 15 14 15 14 13 14 15 14 15 15 14 15 14 15 14 15 14 15 14 15 14 13 14 15 14
  14 15 14 15 14 15 14 15 14 15 14 13 12 13 14 15 15 14 15 14 15 14 15 14 15 14
  15 14 15 14 15 14 14 15 14 15 14 15 14 15 14 15 14 15 14 15 14 15 15 14 15 14
  15 14 15 14 15 14 15 14 15 14 15 14 14 15 14 15 14 15 14 15 14 15 14 15 14 15
  14 15 15 14 15 14 15 14 15 14 15 14 15 14 15 14 15 14 14 15 14 15 14 15 14 15
  14 15 14 15 14 15 14 15 15 14 15 14 15 14 15 14 15 14 15 14 15 14 15 14 14 15
  14 15 14 15 14 15 14 15 14 15 14 15 14 15 15 14 15 14 15 14 15 14 15 14 15 14
  15 14 15 14 14 15 14 15 14 15 14 15 14 15 14 15 14 15 14 15 15 14 15 14 15 14
  15 14 15 14 15 14 15 14 15 14 14 15 14 15 14 15 14 15 14 15 14 15 14 15 14 15
  15 14 15 14 15 14 15 14 15 14 15 14 15 14 15 14 14 15 14 15 14 15 14 15 14 15
  14 13 14 15 14 15 15 14 15 14 15 14 15 14 15 14 15 14 0 14 15 14 14 15 14 15
  14 15 14 15 14 15 14 13 12 0 14 15 15 14 15 14 15 14 15 14 15 14 15 14 15 14
  15 14 14 15 14 15 14 15 14 15 14 15 14 15 14 15 14 15 15 14 15 14 15 14 15 14
  15 14 15 14 15 14 15 14 14 15 14 15 14 15 14 15 14 15 14 15 14 15 14 15 15 14
  15 14 15 14 15 14 15 14 15 14 15 14 15 14 14 15 14 15 14 15 14 15 14 15 14 15
  14 15 14 15 15 14 15 14 15 14 15 14 15 14 15 14 15 14 15 14 14 15 14 15 14 15
  14 15 14 15 14 15 14 15 14 15 15 14 15 14 15 14 15 14 15 14 15 14 15 14 15 14
  14 15 14 15 14 15 14 15 14 15 14 15 14 15 14 15 15 14 15 14 15 14 15 14 15 14
  15 14 15 14 15 14 14 15 14 15 14 15 14 15 14 15 14 15 14 15 14 15 15 14 15 14
  15 14 15 14 15 14 15 14 15 14 15 14 14 15 14 15 14 15 14 15 14 15 14 0 14 15
  14 15 15 14 15 14 15 14 15 14 15 14 15 14 0 14 15 14 14 15 14 15 14 15 14 15
  14 15 14 13 0 0 14 15 15 14 15 14 15 14 15 14 15 14 15 14 15 14 15 14 14 15
  14 15 14 15 14 15 14 15 14 15 14 15 14 15 15 14 15 14 15 14 15 14 15 14 15 14
  15 14 15 14 14 15 14 15 14 15 14 15 14 15 14 15 14 15 14 15 15 14 15 14 15 14
  15 14 15 14 15 14 15 14 15 14 14 15 14 15 14 15 14 15 14 15 14 15 14 15 14 15
  15 14 15 14 15 14 15 14 15 14 15 14 15 14 15 14 14 15 14 15 14 15 14 15 14 15
  14 15 14 15 14 15 15 14 15 14 15 14 15 14 15 14 15 14 15 14 15 14 14 15 14 15
  14 15 14 15 14 15 14 15 14 15 14 15 15 14 15 14 15 14 15 14 15 14 15 14 15 14
  15 14 14 15 14 15 14 15 14 15 14 15 14 15 14 15 14 15 15 14 15 14 15 14 15 14
  15 0 15 14 15 14 15 14 14 15 14 15 14 15 14 15 14 15 0 0 14 15 14 15 15 14 15
  14 15 14 15 14 15 14 15 0 0 14 15 14 14 15 14 15 14 15 14 15 14 15 14 0 0 0
  14 15 15 14 15 14 15 14 15 14 15 14 15 14 15 14 15 14 14 15 14 15 14 15 14 15
  14 15 14 15 14 15 14 15 15 14 15 14 15 14 15 14 15 14 15 14 15 14 15 14 14 15
  14 15 14 15 14 15 14 15 14 15 14 15 14 15 15 14 15 14 15 14 15 14 15 14 15 14
  15 14 15 14 14 15 14 15 14 15 14 15 14 15 14 15 14 15 14 15 15 14 15 14 15 14
  15 14 15 14 15 14 15 14 15 14 14 15 14 15 14 15 14 15 14 15 14 15 14 15 14 15
  15 14 15 14 15 14 15 14 15 14 15 14 15 14 15 14 14 15 14 15 14 15 14 15 14 15
  14 15 14 15 14 15 15 14 15 14 15 14 15 14 15 14 15 14 15 14 15 14 14 15 14 15
  14 15 14 15 14 15 14 15 14 15 14 15 15 14 15 14 15 14 15 14 15 14 15 14 15 14
  15 14 14 15 14 15 14 15 14 15 14 15 14 15 14 15 14 15 15 14 15 14 15 14 15 14
  15 14 15 0 0 14 15 14 14 15 14 15 14 15 14 15 14 15 14 0 0 0 14 15 15 14 15
  14 15 14 15 14 15 14 15 14 15 14 15 14 14 15 14 15 14 15 14 15 14 15 14 15 14
  15 14 15 15 14 15 14 15 14 15 14 15 14 15 14 15 14 15 14 14 15 14 15 14 15 14
  15 14 15 14 15 14 15 14 15 15 14 15 14 15 14 15 14 15 14 15 14 15 14 15 14 14
  15 14 15 14 15 14 15 14 15 14 15 14 15 14 15 15 14 15 14 15 14 15 14 15 14 15
  14 15 14 15 14 14 15 14 15 14 15 14 15 14 15 14 15 14 15 14 15 15 14 15 14 15
  14 15 14 15 14 15 14 15 14 15 14 14 15 14 15 14 15 14 15 14 15 14 15 14 15 14
  15 15 14 15 14 15 14 15 14 15 14 15 14 15 14 15 14 14 15 14 15 14 15 14 15 14
  15 14 15 14 15 14 15 15 14 15 14 15 14 15 14 15 14 15 14 15 14 15 14 14 15 14
  15 14 15 14 15 14 15 14 15 14 15 14 15 15 14 15 14 15 14 15 14 15 14 15 14 15
  14 15 14 14 15 14 15 14 15 14 15 14 15 14 15 14 15 14 15 15 14 15 14 15 14 15
  14 15 14 15 14 15 14 15 14 14 15 14 15 14 15 14 15 14 15 14 15 14 15 14 15 15
  14 15 14 15 14 15 14 15 14 15 14 15 14 15 14 14 15 14 15 14 15 14 15 14 15 14
  15 14 15 14 15 15 14 15 14 15 14 15 14 15 14 15 14 15 14 15 14 14 15 14 15 14
  15 14 15 14 15 14 15 14 15 14 15 15 14 15 14 15 14 15 14 15 14 15 14 15 14 15
  14 14 15 14 15 14 15 14 15 14 15 14 15 14 15 14 15 15 14 15 14 15 14 15 14 15
  14 15 14 15 14 15 14 14 15 14 15 14 15 14 15 14 15 14 15 14 15 14 15 15 14 15
  14 15 14 15 14 15 14 15 14 15 14 15 14 14 15 14 15 14 15 14 15 14 15 14 15 14
  15 14 15 15 14 15 14 15 14 15 14 15 14 15 14 15 14 15 14 14 15 14 15 14 15 14
  15 14 15 14 15 14 15 14 15 15 14 15 14 15 14 15 14 15 14 15 14 15 14 15 14 14
  15 14 15 14 15 14 15 14 15 14 15 14 15 14 15 15 14 15 14 15 14 15 14 15 14 15
  14 15 14 15 14 14 15 14 15 14 15 14 15 14 15 14 15 14 15 14 15 15 14 15 14 15
  14 15 14 15 14 15 14 15 14 15 14 14 15 14 15 14 15 14 15 14 15 14 15 14 15 14
  15 15 14 15 14 15 14 15 14 15 14 15 14 15 14 15 14 14 15 14 15 14 15 14 15 14
  15 14 15 14 15 14 15 15 14 15 14 15 14 15 14 15 14 15 14 15 14 15 14 14 15 14
  15 14 15 14 15 14 15 14 15 14 15 14 15 15 14 15 14 15 14 15 14 15 14 15 14 15
  14 15 14 14 15 14 15 14 15 14 15 14 15 14 15 14 15 14 15 15 14 15 14 15 14 15
  14 15 14 15 14 15 14 15 14 14 15 14 15 14 15 14 15 14 15 14 15 14 15 14 15 15
  14 15 14 15 14 15 14 15 14 15 14 15 14 15 14 14 15 14 15 14 15 14 15 14 15 14
  15 14 15 14 15 15 14 15 14 15 14 15 14 15 14 15 14 15 14 15 14 14 15 14 15 14
  15 14 15 14 15 14 15 14 15 14 15) 