
#(0 0 0 0 0 0 0 0 0 0 0 0 0 0 0 0 0 0 0 0 0 0 0 0 0 0 0 0 0 0 0 0 0 0 0 0 0 0 0
  0 0 0 0 0 0 0 0 0 0 0 0 0 0 0 0 0 0 0 0 0 0 0 0 0 0 0 0 0 0 0 0 0 0 0 0 0 0 0
  0 0 0 0 0 0 0 0 0 0 0 0 0 0 0 0 0 0 0 0 0 0 0 0 0 0 0 0 0 0 0 0 0 0 0 0 0 0 0
  0 0 0 0 0 0 0 0 0 0 0 0 0 0 0 0 0 0 0 0 0 0 0 0 0 0 0 0 0 0 0 0 0 0 0 0 0 0 0
  0 0 0 0 0 0 0 0 0 0 0 0 0 0 0 0 0 0 0 0 0 0 0 0 0 0 0 0 0 0 0 0 0 0 0 0 0 0 0
  0 0 0 0 0 0 0 0 0 0 0 0 0 0 0 0 0 0 0 0 0 0 0 0 0 0 0 0 0 0 0 0 0 0 0 0 0 0 0
  0 0 0 0 0 0 0 0 0 0 0 0 0 0 0 0 0 0 0 0 0 0 0 0 0 0 0 0 0 0 0 0 0 0 0 0 0 0 0
  0 0 0 0 0 0 0 0 0 0 0 0 0 0 0 0 0 0 0 0 0 0 0 0 0 0 0 0 0 0 0 0 0 0 0 0 0 0 0
  0 0 0 0 0 0 0 0 0 0 0 0 0 0 0 0 0 0 0 0 0 0 0 0 0 0 0 0 0 0 0 0 0 0 0 0 0 0 0
  0 0 0 0 0 0 0 0 0 0 0 0 0 0 0 0 0 0 0 0 0 0 0 0 0 0 0 0 0 0 0 0 0 0 0 0 0 0 0
  0 0 0 0 0 0 0 0 0 0 0 0 0 0 0 0 0 0 0 0 0 0 0 0 0 0 0 0 0 0 0 0 0 0 0 0 0 0 0
  0 0 0 0 0 0 0 0 0 0 0 0 0 0 0 0 0 0 0 0 0 0 0 0 0 0 0 0 0 0 0 0 0 0 0 0 0 0 0
  0 0 0 0 0 0 0 0 0 0 0 0 0 0 0 0 0 0 0 0 0 0 0 0 0 0 0 0 0 0 0 0 0 0 0 0 0 0 0
  0 0 0 0 0 0 0 0 0 0 0 0 0 0 0 0 0 0 0 0 0 0 0 0 0 0 0 0 0 0 0 0 0 0 0 0 0 0 0
  0 0 0 0 0 0 0 0 0 0 0 0 0 0 0 0 0 0 0 0 0 0 0 0 0 0 0 0 0 0 0 0 0 0 0 0 0 0 0
  0 0 0 0 0 0 0 0 0 0 0 0 0 0 0 0 0 0 0 0 0 0 0 0 0 0 0 0 0 0 0 0 0 0 0 0 0 0 0
  0 0 0 0 0 0 0 0 0 0 0 0 0 0 0 0 0 0 0 0 0 0 0 0 0 0 0 0 0 0 0 0 0 0 0 0 0 0 0
  0 0 0 0 0 0 0 0 0 0 0 0 0 0 0 0 0 0 0 0 0 0 0 0 0 0 0 0 0 0 0 0 0 0 0 0 0 0 0
  0 0 0 0 0 0 0 0 0 0 0 0 0 0 0 0 0 0 0 0 0 0 0 0 0 0 0 0 0 0 0 0 0 0 0 0 0 0 0
  0 0 0 0 0 0 0 0 0 0 0 0 0 0 0 0 0 0 0 0 0 0 0 0 0 0 0 0 0 0 0 0 0 0 0 0 0 0 0
  0 0 0 0 0 0 0 0 0 0 0 0 0 0 0 0 0 0 0 0 0 0 0 0 0 0 0 0 0 0 0 0 0 0 0 0 0 0 0
  0 0 0 0 0 0 0 0 0 0 0 0 0 0 0 0 0 0 0 0 0 0 0 0 0 0 0 0 0 0 0 0 0 0 0 0 0 0 0
  0 0 0 0 0 0 0 0 0 0 0 0 0 0 0 0 0 0 0 0 0 0 0 0 0 0 0 0 0 0 0 0 0 0 0 0 0 0 0
  0 0 0 0 0 0 0 0 0 0 0 0 0 0 0 0 0 0 0 0 0 0 0 0 0 0 0 0 0 0 0 0 0 0 0 0 0 0 0
  0 0 0 0 0 0 0 0 0 0 0 0 0 0 0 0 0 0 0 0 0 0 0 0 0 0 0 0 0 0 0 0 0 0 0 0 0 0 0
  0 0 0 0 0 0 0 0 0 0 0 0 0 0 0 0 0 0 0 0 0 0 0 0 0 0 0 0 0 0 0 0 0 0 0 0 0 0 0
  0 0 0 0 0 0 0 0 0 0 0 0 0 0 0 0 0 0 0 0 0 0 0 0 0 0 0 0 0 0 0 0 0 0 0 0 0 0 0
  0 0 0 0 0 0 0 0 0 0 0 0 0 0 0 0 0 0 0 0 0 0 0 0 0 0 0 0 0 0 0 0 0 0 0 0 0 0 0
  0 0 0 0 0 0 0 0 0 0 0 0 0 0 0 0 0 0 0 0 0 0 0 0 0 0 0 0 0 0 0 0 0 0 0 0 0 0 0
  0 0 0 0 0 0 0 0 0 0 0 0 0 0 0 0 0 0 0 0 0 0 0 0 0 0 0 0 0 0 0 0 0 0 0 0 0 0 0
  0 0 0 0 0 0 0 0 0 0 0 0 0 0 0 0 0 0 0 0 0 0 0 0 0 0 0 0 0 0 0 0 0 0 0 0 0 0 0
  0 0 0 0 0 0 0 0 0 0 0 0 0 0 0 0 0 0 0 0 0 0 0 0 0 0 0 0 0 0 0 0 0 0 0 0 0 0 0
  0 0 0 0 0 0 0 0 0 0 0 0 0 0 0 0 0 0 0 0 0 0 0 0 0 0 0 0 0 0 0 0 0 0 0 0 0 0 0
  0 0 0 0 0 0 0 0 0 0 0 0 0 0 0 0 0 0 0 0 0 0 0 0 0 0 0 0 0 0 0 0 0 0 0 0 0 0 0
  0 0 0 0 0 0 0 0 0 0 0 0 0 0 0 0 0 0 0 0 0 0 0 0 0 0 0 0 0 0 0 0 0 0 0 0 0 0 0
  0 0 0 0 0 0 0 0 0 0 0 0 0 0 0 0 0 0 0 0 0 0 0 0 0 0 0 0 0 0 0 0 0 0 0 0 0 0 0
  0 0 0 0 0 0 0 0 0 0 0 0 0 0 0 0 0 0 0 0 0 0 0 0 0 0 0 0 0 0 0 0 0 0 0 0 0 0 0
  0 0 0 0 0 0 0 0 0 0 0 0 0 0 0 0 0 0 0 0 0 0 0 0 0 0 0 0 0 0 0 0 0 0 0 0 0 0 0
  0 0 0 0 0 0 0 0 0 0 0 0 0 0 0 0 0 0 0 0 0 0 0 0 0 0 0 0 0 0 0 0 0 0 0 0 0 0 0
  0 0 0 0 0 0 0 0 0 0 0 0 0 0 0 0 0 0 0 0 0 0 0 0 0 0 0 0 0 0 0 0 0 0 0 0 0 0 0
  0 0 0 0 0 0 0 0 0 0 0 0 0 0 0 0 0 0 0 0 0 0 0 0 0 0 0 0 0 0 0 0 0 0 0 0 0 0 0
  0 0 0 0 0 0 0 0 0 0 0 0 0 0 0 0 0 0 0 0 0 0 0 0 0 0 0 0 0 0 0 0 0 0 0 0 0 0 0
  0 0 0 0 0 0 0 0 0 0 0 0 0 0 0 0 0 0 0 0 0 0 0 0 0 0 0 0 0 0 0 0 0 0 0 0 0 0 0
  0 0 0 0 0 0 0 0 0 0 0 0 0 0 0 0 0 0 0 0 0 0 0 0 0 0 0 0 0 0 0 0 0 0 0 0 0 0 0
  0 0 0 0 0 0 0 0 0 0 0 0 0 0 0 0 0 0 0 0 0 0 0 0 0 0 0 0 0 0 0 0 0 0 0 0 0 0 0
  0 0 0 0 0 0 0 0 0 0 0 0 0 0 0 0 0 0 0 0 0 0 0 0 0 0 0 0 0 0 0 0 0 0 0 0 0 0 0
  0 0 0 0 0 0 0 0 0 0 0 0 0 0 0 0 0 0 0 0 0 0 0 0 0 0 0 0 0 0 0 0 0 0 0 0 0 0 0
  0 0 0 0 0 0 0 0 0 0 0 0 0 0 0 0 0 0 0 0 0 0 0 0 0 0 0 0 0 0 0 0 0 0 0 0 0 0 0
  0 0 0 0 0 0 0 0 0 0 0 0 0 0 0 0 0 0 0 0 0 0 0 0 0 0 0 0 0 0 0 0 0 0 0 0 0 0 0
  0 0 0 0 0 0 0 0 0 0 0 0 0 0 0 0 0 0 0 0 0 0 0 0 0 0 0 0 0 0 0 0 0 0 0 0 0 0 0
  0 0 0 0 0 0 0 0 0 0 0 0 0 0 0 0 0 0 0 0 0 0 0 0 0 0 0 0 0 0 0 0 0 0 0 0 0 0 0
  0 0 0 0 0 0 0 0 0 0 0 0 0 0 0 0 0 0 0 0 0 0 0 0 0 0 0 0 0 0 0 0 0 0 0 0 0 0 0
  0 0 0 0 0 0 0 0 0 0 0 0 0 0 0 0 0 0 0 0 0 0 0 0 0 0 0 0 0 0 0 0 0 0 0 0 0 0 0
  0 0 0 0 0 0 0 0 0 0 0 0 0 0 0 0 0 0 0 0 0 0 0 0 0 0 0 0 0 0 0 0 0 0 0 0 0 0 0
  0 0 0 0 0 0 0 0 0 0 0 0 0 0 0 0 0 0 0 0 0 0 0 0 0 0 0 0 0 0 0 0 0 0 0 0 0 0 0
  0 0 0 0 0 0 0 0 0 0 0 0 0 0 0 0 0 0 0 0 0 0 0 0 0 0 0 0 0 0 0 0 0 0 0 0 0 0 0
  0 0 0 0 0 0 0 0 0 0 0 0 0 0 0 0 0 0 0 0 0 0 0 0 0 0 0 0 0 0 0 0 0 0 0 0 0 0 0
  0 0 0 0 0 0 0 0 0 0 0 0 0 0 0 0 0 0 0 0 0 0 0 0 0 0 0 0 0 0 0 0 0 0 0 0 0 0 0
  0 0 0 0 0 0 0 0 0 0 0 0 0 0 0 0 0 0 0 0 0 0 0 0 0 0 0 0 0 0 0 0 0 0 0 0 0 0 0
  0 0 0 0 0 0 0 0 0 0 0 0 0 0 0 0 0 0 0 0 0 0 0 0 0 0 0 0 0 0 0 0 0 0 0 0 0 0 0
  0 0 0 0 0 0 0 0 0 0 0 0 0 0 0 0 0 0 0 0 0 0 0 0 0 0 0 0 0 0 0 0 0 0 0 0 0 0 0
  0 0 0 0 0 0 0 0 0 0 0 0 0 0 0 0 0 0 0 0 0 0 0 0 0 0 0 0 0 0 0 0 0 0 0 0 0 0 0
  0 0 0 0 0 0 0 0 0 0 0 0 0 0 0 0 0 0 0 0 0 0 0 0 0 0 0 0 0 0 0 0 0 0 0 0 0 0 0
  0 0 0 0 0 0 0 0 0 0 0 0 0 0 0 0 0 0 0 0 0 0 0 0 0 0 0 0 0 0 0 0 0 0 0 0 0 0 0
  0 0 0 0 0 0 0 0 0 0 0 0 0 0 0 0 0 0 0 0 0 0 0 0 0 0 0 0 0 0 0 0 0 0 0 0 0 0 0
  0 0 0 0 0 0 0 0 0 0 0 0 0 0 0 0 0 0 0 0 0 0 0 0 0 0 0 0 0 0 0 0 0 0 0 0 0 0 0
  0 0 0 0 0 0 0 0 0 0 0 0 0 0 0 0 0 0 0 0 0 0 0 0 0 0 0 0 0 0 0 0 0 0 0 0 0 0 0
  0 0 0 0 0 0 0 0 0 0 0 0 0 0 0 0 0 0 0 0 0 0 0 0 0 0 0 0 0 0 0 0 0 0 0 0 0 0 0
  0 0 0 0 0 0 0 0 0 0 0 0 0 0 0 0 0 0 0 0 0 0 0 0 0 0 0 0 0 0 0 0 0 0 0 0 0 0 0
  0 0 0 0 0 0 0 0 0 0 0 0 0 0 0 0 0 0 0 0 0 0 0 0 0 0 0 0 0 0 0 0 0 0 0 0 0 0 0
  0 0 0 0 0 0 0 0 0 0 0 0 0 0 0 0 0 0 0 0 0 0 0 0 0 0 0 0 0 0 0 0 0 0 0 0 0 0 0
  0 0 0 0 0 0 0 0 0 0 0 0 0 0 0 0 0 0 0 0 0 0 0 0 0 0 0 0 0 0 0 0 0 0 0 0 0 0 0
  0 0 0 0 0 0 0 0 0 0 0 0 0 0 0 0 0 0 0 0 0 0 0 0 0 0 0 0 0 0 0 0 0 0 0 0 0 0 0
  0 0 0 0 0 0 0 0 0 0 0 0 0 0 0 0 0 0 0 0 0 0 0 0 0 0 0 0 0 0 0 0 0 0 0 0 0 0 0
  0 0 0 0 0 0 0 0 0 0 0 0 0 0 0 0 0 0 0 0 0 0 0 0 0 0 0 0 0 0 0 0 0 0 0 0 0 0 0
  0 0 0 0 0 0 0 0 0 0 0 0 0 0 0 0 0 0 0 0 0 0 0 0 0 0 0 0 0 0 0 0 0 0 0 0 0 0 0
  0 0 0 0 0 0 0 0 0 0 0 0 0 0 0 0 0 0 0 0 0 0 0 0 0 0 0 0 0 0 0 0 0 0 0 0 0 0 0
  0 0 0 0 0 0 0 0 0 0 0 0 0 0 0 0 0 0 0 0 0 0 0 0 0 0 0 0 0 0 0 0 0 0 0 0 0 0 0
  0 0 0 0 0 0 0 0 0 0 0 0 0 0 0 0 0 0 0 0 0 0 0 0 0 0 0 0 0 0 0 0 0 0 0 0 0 0 0
  0 0 0 0 0 0 0 0 0 0 0 0 0 0 0 0 0 0 0 0 0 0 0 0 0 0 0 0 0 0 0 0 0 0 0 0 0 0 0
  0 0 0 0 0 0 0 0 0 0 0 0 0 0 0 0 0 0 0 0 0 0 0 0 0 0 0 0 0 0 0 0 0 0 0 0 0 0 0
  0 0 0 0 0 0 0 0 0 0 0 0 0 0 0 0 0 0 0 0 0 0 0 0 0 0 0 0 0 0 0 0 0 0 0 0 0 0 0
  0 0 0 0 0 0 0 0 0 0 0 0 0 0 0 0 0 0 0 0 0 0 0 0 0 0 0 0 0 0 0 0 0 0 0 0 0 0 0
  0 0 0 0 0 0 0 0 0 0 0 0 0 0 0 0 0 0 0 0 0 0 0 0 0 0 0 0 0 0 0 0 0 0 0 0 0 0 0
  0 0 0 0 0 0 0 0 0 0 0 0 0 0 0 0 0 0 0 0 0 0 0 0 0 0 0 0 0 0 0 0 0 0 0 0 0 0 0
  0 0 0 0 0 0 0 0 0 0 0 0 0 0 0 0 0 0 0 0 0 0 0 0 0 0 0 0 0 0 0 0 0 0 0 0 0 0 0
  0 0 0 0 0 0 0 0 0 0 0 0 0 0 0 0 0 0 0 0 0 0 0 0 0 0 0 0 0 0 0 0 0 0 0 0 0 0 0
  0 0 0 0 0 0 0 0 0 0 0 0 0 0 0 0 0 0 0 0 0 0 0 0 0 0 0 0 0 0 0 0 0 0 0 0 0 0 0
  0 0 0 0 0 0 0 0 0 0 0 0 0 0 0 0 0 0 0 0 0 0 0 0 0 0 0 0 0 0 0 0 0 0 0 0 0 0 0
  0 0 0 0 0 0 0 0 0 0 0 0 0 0 0 0 0 0 0 0 0 0 0 0 0 0 0 0 0 0 0 0 0 0 0 0 0 0 0
  0 0 0 0 0 0 0 0 0 0 0 0 0 0 0 0 0 0 0 0 0 0 0 0 0 0 0 0 0 0 0 0 0 0 0 0 0 0 0
  0 0 0 0 0 0 0 0 0 0 0 0 0 0 0 0 0 0 0 0 0 0 0 0 0 0 0 0 0 0 0 0 0 0 0 0 0 0 0
  0 0 0 0 0 0 0 0 0 0 0 0 0 0 0 0 0 0 0 0 0 0 0 0 0 0 0 0 0 0 0 0 0 0 0 0 0 0 0
  0 0 0 0 0 0 0 0 0 0 0 0 0 0 0 0 0 0 0 0 0 0 0 0 0 0 0 0 0 0 0 0 0 0 0 0 0 0 0
  0 0 0 0 0 0 0 0 0 0 0 0 0 0 0 0 0 0 0 0 0 0 0 0 0 0 0 0 0 0 0 0 0 0 0 0 0 0 0
  0 0 0 0 0 0 0 0 0 0 0 0 0 0 0 0 0 0 0 0 0 0 0 0 0 0 0 0 0 0 0 0 0 0 0 0 0 0 0
  0 0 0 0 0 0 0 0 0 0 0 0 0 0 0 0 0 0 0 0 0 0 0 0 0 0 0 0 0 0 0 0 0 0 0 0 0 0 0
  0 0 0 0 0 0 0 0 0 0 0 0 0 0 0 0 0 0 0 0 0 0 0 0 0 0 0 0 0 0 0 0 0 0 0 0 0 0 0
  0 0 0 0 0 0 0 0 0 0 0 0 0 0 0 0 0 0 0 0 0 0 0 0 0 0 0 0 0 0 0 0 0 0 0 0 0 0 0
  0 0 0 0 0 0 0 0 0 0 0 0 0 0 0 0 0 0 0 0 0 0 0 0 0 0 0 0 0 0 0 0 0 0 0 0 0 0 0
  0 0 0 0 0 0 0 0 0 0 0 0 0 0 0 0 0 0 0 0 0 0 0 0 0 0 0 0 0 0 0 0 0 0 0 0 0 0 0
  0 0 0 0 0 0 0 0 0 0 0 0 0 0 0 0 0 0 0 0 0 0 0 0 0 0 0 0 0 0 0 0 0 0 0 0 0 0 0
  0 0 0 0 0 0 0 0 0 0 0 0 0 0 0 0 0 0 0 0 0 0 0 0 0 0 0 0 0 0 0 0 0 0 0 0 0 0 0
  0 0 0 0 0 0 0 0 0 0 0 0 0 0 0 0 0 0 0 0 0 0 0 0 0 0 0 0 0 0 0 0 0 0 0 0 0 0 0
  0 0 0 0 0 0 0 0 0 0 0 0 0 0 0 0 0 0 0 0 0 0 0 0 0 0 0 0 0 0 0 0 0 0 0 0 0 0 0
  0) 
#(0 0 0 0 0 0 0 0 0 0 0 0 0 0 0 0 0 0 0 0 0 0 0 0 0 0 0 0 0 0 0 0 0 0 0 0 0 0 0
  0 0 0 0 0 0 0 0 0 0 0 0 0 0 0 0 0 0 0 0 0 0 0 0 0 0 0 0 0 0 0 0 0 0 0 0 0 0 0
  0 0 0 0 0 0 0 0 0 0 0 0 0 0 0 0 0 0 0 0 0 0 0 0 0 0 0 0 0 0 0 0 0 0 0 0 0 0 0
  0 0 0 0 0 0 0 0 0 0 0 0 0 0 0 0 0 0 0 0 0 0 0 0 0 0 0 0 0 0 0 0 0 0 0 0 0 0 0
  0 0 0 0 0 0 0 0 0 0 0 0 0 0 0 0 0 0 0 0 0 0 0 0 0 0 0 0 0 0 0 0 0 0 0 0 0 0 0
  0 0 0 0 0 0 0 0 0 0 0 0 0 0 0 0 0 0 0 0 0 0 0 0 0 0 0 0 0 0 0 0 0 0 0 0 0 0 0
  0 0 0 0 0 0 0 0 0 0 0 0 0 0 0 0 0 0 0 0 0 0 0 0 0 0 0 0 0 0 0 0 0 0 0 0 0 0 0
  0 0 0 0 0 0 0 0 0 0 0 0 0 0 0 0 0 0 0 0 0 0 0 0 0 0 0 0 0 0 0 0 0 0 0 0 0 0 0
  0 0 0 0 0 0 0 0 0 0 0 0 0 0 0 0 0 0 0 0 0 0 0 0 0 0 0 0 0 0 0 0 0 0 0 0 0 0 0
  0 0 0 0 0 0 0 0 0 0 0 0 0 0 0 0 0 0 0 0 0 0 0 0 0 0 0 0 0 0 0 0 0 0 0 0 0 0 0
  0 0 0 0 0 0 0 0 0 0 0 0 0 0 0 0 0 0 0 0 0 0 0 0 0 0 0 0 0 0 0 0 0 0 0 0 0 0 0
  0 0 0 0 0 0 0 0 0 0 0 0 0 0 0 0 0 0 0 0 0 0 0 0 0 0 0 0 0 0 0 0 0 0 0 0 0 0 0
  0 0 0 0 0 0 0 0 0 0 0 0 0 0 0 0 0 0 0 0 0 0 0 0 0 0 0 0 0 0 0 0 0 0 0 0 0 0 0
  0 0 0 0 0 0 0 0 0 0 0 0 0 0 0 0 0 0 0 0 0 0 0 0 0 0 0 0 0 0 0 0 0 0 0 0 0 0 0
  0 0 0 0 0 0 0 0 0 0 0 0 0 0 0 0 0 0 0 0 0 0 0 0 0 0 0 0 0 0 0 0 0 0 0 0 0 0 0
  0 0 0 0 0 0 0 0 0 0 0 0 0 0 0 0 0 0 0 0 0 0 0 0 0 0 0 0 0 0 0 0 0 0 0 0 0 0 0
  0 0 0 0 0 0 0 0 0 0 0 0 0 0 0 0 0 0 0 0 0 0 0 0 0 0 0 0 0 0 0 0 0 0 0 0 0 0 0
  0 0 0 0 0 0 0 0 0 0 0 0 0 0 0 0 0 0 0 0 0 0 0 0 0 0 0 0 0 0 0 0 0 0 0 0 0 0 0
  0 0 0 0 0 0 0 0 0 0 0 0 0 0 0 0 0 0 0 0 0 0 0 0 0 0 0 0 0 0 0 0 0 0 0 0 0 0 0
  0 0 0 0 0 0 0 0 0 0 0 0 0 0 0 0 0 0 0 0 0 0 0 0 0 0 0 0 0 0 0 0 0 0 0 0 0 0 0
  0 0 0 0 0 0 0 0 0 0 0 0 0 0 0 0 0 0 0 0 0 0 0 0 0 0 0 0 0 0 0 0 0 0 0 0 0 0 0
  0 0 0 0 0 0 0 0 0 0 0 0 0 0 0 0 0 0 0 0 0 0 0 0 0 0 0 0 0 0 0 0 0 0 0 0 0 0 0
  0 0 0 0 0 0 0 0 0 0 0 0 0 0 0 0 0 0 0 0 0 0 0 0 0 0 0 0 0 0 0 0 0 0 0 0 0 0 0
  0 0 0 0 0 0 0 0 0 0 0 0 0 0 0 0 0 0 0 0 0 0 0 0 0 0 0 0 0 0 0 0 0 0 0 0 0 0 0
  0 0 0 0 0 0 0 0 0 0 0 0 0 0 0 0 0 0 0 0 0 0 0 0 0 0 0 0 0 0 0 0 0 0 0 0 0 0 0
  0 0 0 0 0 0 0 0 0 0 0 0 0 0 0 0 0 0 0 0 0 0 0 0 0 0 0 0 0 0 0 0 0 0 0 0 0 0 0
  0 0 0 0 0 0 0 0 0 0 0 0 0 0 0 0 0 0 0 0 0 0 0 0 0 0 0 0 0 0 0 0 0 0 0 0 0 0 0
  0 0 0 0 0 0 0 0 0 0 0 0 0 0 0 0 0 0 0 0 0 0 0 0 0 0 0 0 0 0 0 0 0 0 0 0 0 0 0
  0 0 0 0 0 0 0 0 0 0 0 0 0 0 0 0 0 0 0 0 0 0 0 0 0 0 0 0 0 0 0 0 0 0 0 0 0 0 0
  0 0 0 0 0 0 0 0 0 0 0 0 0 0 0 0 0 0 0 0 0 0 0 0 0 0 0 0 0 0 0 0 0 0 0 0 0 0 0
  0 0 0 0 0 0 0 0 0 0 0 0 0 0 0 0 0 0 0 0 0 0 0 0 0 0 0 0 0 0 0 0 0 0 0 0 0 0 0
  0 0 0 0 0 0 0 0 0 0 0 0 0 0 0 0 0 0 0 0 0 0 0 0 0 0 0 0 0 0 0 0 0 0 0 0 0 0 0
  0 0 0 0 0 0 0 0 0 0 0 0 0 0 0 0 0 0 0 0 0 0 0 0 0 0 0 0 0 0 0 0 0 0 0 0 0 0 0
  0 0 0 0 0 0 0 0 0 0 0 0 0 0 0 0 0 0 0 0 0 0 0 0 0 0 0 0 0 0 0 0 0 0 0 0 0 0 0
  0 0 0 0 0 0 0 0 0 0 0 0 0 0 0 0 0 0 0 0 0 0 0 0 0 0 0 0 0 0 0 0 0 0 0 0 0 0 0
  0 0 0 0 0 0 0 0 0 0 0 0 0 0 0 0 0 0 0 0 0 0 0 0 0 0 0 0 0 0 0 0 0 0 0 0 0 0 0
  0 0 0 0 0 0 0 0 0 0 0 0 0 0 0 0 0 0 0 0 0 0 0 0 0 0 0 0 0 0 0 0 0 0 0 0 0 0 0
  0 0 0 0 0 0 0 0 0 0 0 0 0 0 0 0 0 0 0 0 0 0 0 0 0 0 0 0 0 0 0 0 0 0 0 0 0 0 0
  0 0 0 0 0 0 0 0 0 0 0 0 0 0 0 0 0 0 0 0 0 0 0 0 0 0 0 0 0 0 0 0 0 0 0 0 0 0 0
  0 0 0 0 0 0 0 0 0 0 0 0 0 0 0 0 0 0 0 0 0 0 0 0 0 0 0 0 0 0 0 0 0 0 0 0 0 0 0
  0 0 0 0 0 0 0 0 0 0 0 0 0 0 0 0 0 0 0 0 0 0 0 0 0 0 0 0 0 0 0 0 0 0 0 0 0 0 0
  0 0 0 0 0 0 0 0 0 0 0 0 0 0 0 0 0 0 0 0 0 0 0 0 0 0 0 0 0 0 0 0 0 0 0 0 0 0 0
  0 0 0 0 0 0 0 0 0 0 0 0 0 0 0 0 0 0 0 0 0 0 0 0 0 0 0 0 0 0 0 0 0 0 0 0 0 0 0
  0 0 0 0 0 0 0 0 0 0 0 0 0 0 0 0 0 0 0 0 0 0 0 0 0 0 0 0 0 0 0 0 0 0 0 0 0 0 0
  0 0 0 0 0 0 0 0 0 0 0 0 0 0 0 0 0 0 0 0 0 0 0 0 0 0 0 0 0 0 0 0 0 0 0 0 0 0 0
  0 0 0 0 0 0 0 0 0 0 0 0 0 0 0 0 0 0 0 0 0 0 0 0 0 0 0 0 0 0 0 0 0 0 0 0 0 0 0
  0 0 0 0 0 0 0 0 0 0 0 0 0 0 0 0 0 0 0 0 0 0 0 0 0 0 0 0 0 0 0 0 0 0 0 0 0 0 0
  0 0 0 0 0 0 0 0 0 0 0 0 0 0 0 0 0 0 0 0 0 0 0 0 0 0 0 0 0 0 0 0 0 0 0 0 0 0 0
  0 0 0 0 0 0 0 0 0 0 0 0 0 0 0 0 0 0 0 0 0 0 0 0 0 0 0 0 0 0 0 0 0 0 0 0 0 0 0
  0 0 0 0 0 0 0 0 0 0 0 0 0 0 0 0 0 0 0 0 0 0 0 0 0 0 0 0 0 0 0 0 0 0 0 0 0 0 0
  0 0 0 0 0 0 0 0 0 0 0 0 0 0 0 0 0 0 0 0 0 0 0 0 0 0 0 0 0 0 0 0 0 0 0 0 0 0 0
  0 0 0 0 0 0 0 0 0 0 0 0 0 0 0 0 0 0 0 0 0 0 0 0 0 0 0 0 0 0 0 0 0 0 0 0 0 0 0
  0 0 0 0 0 0 0 0 0 0 0 0 0 0 0 0 0 0 0 0 0 0 0 0 0 0 0 0 0 0 0 0 0 0 0 0 0 0 0
  0 0 0 0 0 0 0 0 0 0 0 0 0 0 0 0 0 0 0 0 0 0 0 0 0 0 0 0 0 0 0 0 0 0 0 0 0 0 0
  0 0 0 0 0 0 0 0 0 0 0 0 0 0 0 0 0 0 0 0 0 0 0 0 0 0 0 0 0 0 0 0 0 0 0 0 0 0 0
  0 0 0 0 0 0 0 0 0 0 0 0 0 0 0 0 0 0 0 0 0 0 0 0 0 0 0 0 0 0 0 0 0 0 0 0 0 0 0
  0 0 0 0 0 0 0 0 0 0 0 0 0 0 0 0 0 0 0 0 0 0 0 0 0 0 0 0 0 0 0 0 0 0 0 0 0 0 0
  0 0 0 0 0 0 0 0 0 0 0 0 0 0 0 0 0 0 0 0 0 0 0 0 0 0 0 0 0 0 0 0 0 0 0 0 0 0 0
  0 0 0 0 0 0 0 0 0 0 0 0 0 0 0 0 0 0 0 0 0 0 0 0 0 0 0 0 0 0 0 0 0 0 0 0 0 0 0
  0 0 0 0 0 0 0 0 0 0 0 0 0 0 0 0 0 0 0 0 0 0 0 0 0 0 0 0 0 0 0 0 0 0 0 0 0 0 0
  0 0 0 0 0 0 0 0 0 0 0 0 0 0 0 0 0 0 0 0 0 0 0 0 0 0 0 0 0 0 0 0 0 0 0 0 0 0 0
  0 0 0 0 0 0 0 0 0 0 0 0 0 0 0 0 0 0 0 0 0 0 0 0 0 0 0 0 0 0 0 0 0 0 0 0 0 0 0
  0 0 0 0 0 0 0 0 0 0 0 0 0 0 0 0 0 0 0 0 0 0 0 0 0 0 0 0 0 0 0 0 0 0 0 0 0 0 0
  0 0 0 0 0 0 0 0 0 0 0 0 0 0 0 0 0 0 0 0 0 0 0 0 0 0 0 0 0 0 0 0 0 0 0 0 0 0 0
  0 0 0 0 0 0 0 0 0 0 0 0 0 0 0 0 0 0 0 0 0 0 0 0 0 0 0 0 0 0 0 0 0 0 0 0 0 0 0
  0 0 0 0 0 0 0 0 0 0 0 0 0 0 0 0 0 0 0 0 0 0 0 0 0 0 0 0 0 0 0 0 0 0 0 0 0 0 0
  0 0 0 0 0 0 0 0 0 0 0 0 0 0 0 0 0 0 0 0 0 0 0 0 0 0 0 0 0 0 0 0 0 0 0 0 0 0 0
  0 0 0 0 0 0 0 0 0 0 0 0 0 0 0 0 0 0 0 0 0 0 0 0 0 0 0 0 0 0 0 0 0 0 0 0 0 0 0
  0 0 0 0 0 0 0 0 0 0 0 0 0 0 0 0 0 0 0 0 0 0 0 0 0 0 0 0 0 0 0 0 0 0 0 0 0 0 0
  0 0 0 0 0 0 0 0 0 0 0 0 0 0 0 0 0 0 0 0 0 0 0 0 0 0 0 0 0 0 0 0 0 0 0 0 0 0 0
  0 0 0 0 0 0 0 0 0 0 0 0 0 0 0 0 0 0 0 0 0 0 0 0 0 0 0 0 0 0 0 0 0 0 0 0 0 0 0
  0 0 0 0 0 0 0 0 0 0 0 0 0 0 0 0 0 0 0 0 0 0 0 0 0 0 0 0 0 0 0 0 0 0 0 0 0 0 0
  0 0 0 0 0 0 0 0 0 0 0 0 0 0 0 0 0 0 0 0 0 0 0 0 0 0 0 0 0 0 0 0 0 0 0 0 0 0 0
  0 0 0 0 0 0 0 0 0 0 0 0 0 0 0 0 0 0 0 0 0 0 0 0 0 0 0 0 0 0 0 0 0 0 0 0 0 0 0
  0 0 0 0 0 0 0 0 0 0 0 0 0 0 0 0 0 0 0 0 0 0 0 0 0 0 0 0 0 0 0 0 0 0 0 0 0 0 0
  0 0 0 0 0 0 0 0 0 0 0 0 0 0 0 0 0 0 0 0 0 0 0 0 0 0 0 0 0 0 0 0 0 0 0 0 0 0 0
  0 0 0 0 0 0 0 0 0 0 0 0 0 0 0 0 0 0 0 0 0 0 0 0 0 0 0 0 0 0 0 0 0 0 0 0 0 0 0
  0 0 0 0 0 0 0 0 0 0 0 0 0 0 0 0 0 0 0 0 0 0 0 0 0 0 0 0 0 0 0 0 0 0 0 0 0 0 0
  0 0 0 0 0 0 0 0 0 0 0 0 0 0 0 0 0 0 0 0 0 0 0 0 0 0 0 0 0 0 0 0 0 0 0 0 0 0 0
  0 0 0 0 0 0 0 0 0 0 0 0 0 0 0 0 0 0 0 0 0 0 0 0 0 0 0 0 0 0 0 0 0 0 0 0 0 0 0
  0 0 0 0 0 0 0 0 0 0 0 0 0 0 0 0 0 0 0 0 0 0 0 0 0 0 0 0 0 0 0 0 0 0 0 0 0 0 0
  0 0 0 0 0 0 0 0 0 0 0 0 0 0 0 0 0 0 0 0 0 0 0 0 0 0 0 0 0 0 0 0 0 0 0 0 0 0 0
  0 0 0 0 0 0 0 0 0 0 0 0 0 0 0 0 0 0 0 0 0 0 0 0 0 0 0 0 0 0 0 0 0 0 0 0 0 0 0
  0 0 0 0 0 0 0 0 0 0 0 0 0 0 0 0 0 0 0 0 0 0 0 0 0 0 0 0 0 0 0 0 0 0 0 0 0 0 0
  0 0 0 0 0 0 0 0 0 0 0 0 0 0 0 0 0 0 0 0 0 0 0 0 0 0 0 0 0 0 0 0 0 0 0 0 0 0 0
  0 0 0 0 0 0 0 0 0 0 0 0 0 0 0 0 0 0 0 0 0 0 0 0 0 0 0 0 0 0 0 0 0 0 0 0 0 0 0
  0 0 0 0 0 0 0 0 0 0 0 0 0 0 0 0 0 0 0 0 0 0 0 0 0 0 0 0 0 0 0 0 0 0 0 0 0 0 0
  0 0 0 0 0 0 0 0 0 0 0 0 0 0 0 0 0 0 0 0 0 0 0 0 0 0 0 0 0 0 0 0 0 0 0 0 0 0 0
  0 0 0 0 0 0 0 0 0 0 0 0 0 0 0 0 0 0 0 0 0 0 0 0 0 0 0 0 0 0 0 0 0 0 0 0 0 0 0
  0 0 0 0 0 0 0 0 0 0 0 0 0 0 0 0 0 0 0 0 0 0 0 0 0 0 0 0 0 0 0 0 0 0 0 0 0 0 0
  0 0 0 0 0 0 0 0 0 0 0 0 0 0 0 0 0 0 0 0 0 0 0 0 0 0 0 0 0 0 0 0 0 0 0 0 0 0 0
  0 0 0 0 0 0 0 0 0 0 0 0 0 0 0 0 0 0 0 0 0 0 0 0 0 0 0 0 0 0 0 0 0 0 0 0 0 0 0
  0 0 0 0 0 0 0 0 0 0 0 0 0 0 0 0 0 0 0 0 0 0 0 0 0 0 0 0 0 0 0 0 0 0 0 0 0 0 0
  0 0 0 0 0 0 0 0 0 0 0 0 0 0 0 0 0 0 0 0 0 0 0 0 0 0 0 0 0 0 0 0 0 0 0 0 0 0 0
  0 0 0 0 0 0 0 0 0 0 0 0 0 0 0 0 0 0 0 0 0 0 0 0 0 0 0 0 0 0 0 0 0 0 0 0 0 0 0
  0 0 0 0 0 0 0 0 0 0 0 0 0 0 0 0 0 0 0 0 0 0 0 0 0 0 0 0 0 0 0 0 0 0 0 0 0 0 0
  0 0 0 0 0 0 0 0 0 0 0 0 0 0 0 0 0 0 0 0 0 0 0 0 0 0 0 0 0 0 0 0 0 0 0 0 0 0 0
  0 0 0 0 0 0 0 0 0 0 0 0 0 0 0 0 0 0 0 0 0 0 0 0 0 0 0 0 0 0 0 0 0 0 0 0 0 0 0
  0 0 0 0 0 0 0 0 0 0 0 0 0 0 0 0 0 0 0 0 0 0 0 0 0 0 0 0 0 0 0 0 0 0 0 0 0 0 0
  0 0 0 0 0 0 0 0 0 0 0 0 0 0 0 0 0 0 0 0 0 0 0 0 0 0 0 0 0 0 0 0 0 0 0 0 0 0 0
  0 0 0 0 0 0 0 0 0 0 0 0 0 0 0 0 0 0 0 0 0 0 0 0 0 0 0 0 0 0 0 0 0 0 0 0 0 0 0
  0 0 0 0 0 0 0 0 0 0 0 0 0 0 0 0 0 0 0 0 0 0 0 0 0 0 0 0 0 0 0 0 0 0 0 0 0 0 0
  0 0 0 0 0 0 0 0 0 0 0 0 0 0 0 0 0 0 0 0 0 0 0 0 0 0 0 0 0 0 0 0 0 0 0 0 0 0 0
  0 0 0 0 0 0 0 0 0 0 0 0 0 0 0 0 0 0 0 0 0 0 0 0 0 0 0 0 0 0 0 0 0 0 0 0 0 0 0
  0 0 0 0 0 0 0 0 0 0 0 0 0 0 0 0 0 0 0 0 0 0 0 0 0 0 0 0 0 0 0 0 0 0 0 0 0 0 0
  0) 
#(13 14 13 14 13 14 13 14 13 14 13 14 13 14 13 14 12 13 12 13 12 13 12 13 12 13
  12 13 12 13 12 13 11 12 11 12 11 12 11 12 11 12 11 12 11 12 13 14 10 11 10 11
  10 11 10 11 10 11 10 11 10 11 12 13 9 10 9 10 9 10 9 10 9 10 9 10 11 12 13 14
  8 9 8 9 8 9 8 9 8 9 8 9 10 11 12 13 7 8 7 8 7 8 7 8 7 8 9 10 11 12 13 14 6 7
  6 7 6 7 6 7 6 7 8 9 10 11 12 13 7 6 7 6 7 6 7 6 7 8 9 10 11 12 13 14 8 7 8 7
  8 7 8 7 8 7 8 9 10 11 12 13 9 8 9 8 9 8 9 8 9 8 9 10 11 12 13 14 10 9 10 9 10
  9 10 9 10 9 10 9 10 11 12 13 11 10 11 10 11 10 11 10 11 10 11 10 11 12 13 14
  12 11 12 11 12 11 12 11 12 11 12 11 12 11 12 13 13 12 13 12 13 12 13 12 13 12
  13 12 13 12 13 14 14 13 14 13 14 13 14 13 14 13 14 13 14 13 14 13 13 14 13 14
  13 14 13 14 13 14 13 14 13 14 13 14 12 13 12 13 12 13 12 13 12 13 12 13 12 13
  12 13 11 12 11 12 11 12 11 12 11 12 11 12 11 12 13 14 10 11 10 11 10 11 10 11
  10 11 10 11 10 11 12 13 9 10 9 10 9 10 9 10 9 10 9 10 11 12 13 14 8 9 8 9 8 9
  8 9 8 9 8 9 10 11 12 13 7 8 7 8 7 8 7 8 7 8 9 10 11 12 13 14 6 7 6 7 6 7 6 7
  6 7 8 9 10 11 12 13 7 6 7 6 7 6 7 6 7 8 9 10 11 12 13 14 8 7 8 7 8 7 8 7 8 7
  8 9 10 11 12 13 9 8 9 8 9 8 9 8 9 8 9 10 11 12 13 14 10 9 10 9 10 9 10 9 10 9
  10 9 10 11 12 13 11 10 11 10 11 10 11 10 11 10 11 10 11 12 13 14 12 11 12 11
  12 11 12 11 12 11 12 11 12 11 12 13 13 12 13 12 13 12 13 12 13 12 13 12 13 12
  13 14 14 13 14 13 14 13 14 13 14 13 14 13 14 13 14 13 13 14 13 14 13 14 13 14
  13 14 13 14 13 14 13 14 12 13 12 13 12 13 12 13 12 13 12 13 12 13 12 13 11 12
  11 12 11 12 11 12 11 12 11 12 11 12 13 14 10 11 10 11 10 11 10 11 10 11 10 11
  10 11 12 13 9 10 9 10 9 10 9 10 9 10 9 10 11 12 13 14 8 9 8 9 8 9 8 9 8 9 8 9
  10 11 12 13 7 8 7 8 7 8 7 8 7 8 9 10 11 12 13 14 6 7 6 7 6 7 6 7 6 7 8 9 10
  11 12 13 7 6 7 6 7 6 7 6 7 8 9 10 11 12 13 14 8 7 8 7 8 7 8 7 8 7 8 9 10 11
  12 13 9 8 9 8 9 8 9 8 9 8 9 10 11 12 13 14 10 9 10 9 10 9 10 9 10 9 10 9 10
  11 12 13 11 10 11 10 11 10 11 10 11 10 11 10 11 12 13 14 12 11 12 11 12 11 12
  11 12 11 12 11 12 11 12 13 13 12 13 12 13 12 13 12 13 12 13 12 13 12 13 14 14
  13 14 13 14 13 14 13 14 13 14 13 14 13 14 13 13 14 13 14 13 14 13 14 13 14 13
  14 13 14 13 14 12 13 12 13 12 13 12 13 12 13 12 13 12 13 12 13 11 12 11 12 11
  12 11 12 11 12 11 12 11 12 13 14 10 11 10 11 10 11 10 11 10 11 10 11 10 11 12
  13 9 10 9 10 9 10 9 10 9 10 9 10 11 12 13 14 8 9 8 9 8 9 8 9 8 9 8 9 10 11 12
  13 7 8 7 8 7 8 7 8 7 8 9 10 11 12 13 14 6 7 6 7 6 7 6 7 6 7 8 9 10 11 12 13 7
  6 7 6 7 6 7 6 7 8 9 10 11 12 13 14 8 7 8 7 8 7 8 7 8 7 8 9 10 11 12 13 9 8 9
  8 9 8 9 8 9 8 9 10 11 12 13 14 10 9 10 9 10 9 10 9 10 9 10 9 10 11 12 13 11
  10 11 10 11 10 11 10 11 10 11 10 11 12 13 14 12 11 12 11 12 11 12 11 12 11 12
  11 12 11 12 13 13 12 13 12 13 12 13 12 13 12 13 12 13 12 13 14 14 13 14 13 14
  13 14 13 14 13 14 13 14 13 14 13 13 14 13 14 13 14 13 14 13 14 13 14 13 14 13
  14 12 13 12 13 12 13 12 13 12 13 12 13 12 13 12 13 11 12 11 12 11 12 11 12 11
  12 11 12 11 12 13 14 10 11 10 11 10 11 10 11 10 11 10 11 10 11 12 13 9 10 9
  10 9 10 9 10 9 10 9 10 11 12 13 14 8 9 8 9 8 9 8 9 8 9 8 9 10 11 12 13 7 8 7
  8 7 8 7 8 7 8 9 10 11 12 13 14 6 7 6 7 6 7 6 7 6 7 8 9 10 11 12 13 7 6 7 6 7
  6 7 6 7 8 9 10 11 12 13 14 8 7 8 7 8 7 8 7 8 7 8 9 10 11 12 13 9 8 9 8 9 8 9
  8 9 8 9 10 11 12 13 14 10 9 10 9 10 9 10 9 10 9 10 9 10 11 12 13 11 10 11 10
  11 10 11 10 11 10 11 10 11 12 13 14 12 11 12 11 12 11 12 11 12 11 12 11 12 11
  12 13 13 12 13 12 13 12 13 12 13 12 13 12 13 12 13 14 14 13 14 13 14 13 14 13
  14 13 14 13 14 13 14 13 13 14 13 14 13 14 13 14 13 14 13 14 13 14 13 14 12 13
  12 13 12 13 12 13 12 13 12 13 12 13 12 13 11 12 11 12 11 12 11 12 11 12 11 12
  11 12 13 14 10 11 10 11 10 11 10 11 10 11 10 11 10 11 12 13 9 10 9 10 9 10 9
  10 9 10 9 10 11 12 13 14 8 9 8 9 8 9 8 9 8 9 8 9 10 11 12 13 7 8 7 8 7 8 7 8
  7 8 9 10 11 12 13 14 6 7 6 7 6 7 6 7 6 7 8 9 10 11 12 13 7 6 7 6 7 6 7 6 7 8
  9 10 11 12 13 14 8 7 8 7 8 7 8 7 8 7 8 9 10 11 12 13 9 8 9 8 9 8 9 8 9 8 9 10
  11 12 13 14 10 9 10 9 10 9 10 9 10 9 10 9 10 11 12 13 11 10 11 10 11 10 11 10
  11 10 11 10 11 12 13 14 12 11 12 11 12 11 12 11 12 11 12 11 12 11 12 13 13 12
  13 12 13 12 13 12 13 12 13 12 13 12 13 14 14 13 14 13 14 13 14 13 14 13 14 13
  14 13 14 13 13 14 13 14 13 14 13 14 13 14 13 14 13 14 13 14 12 13 12 13 12 13
  12 13 12 13 12 13 12 13 12 13 11 12 11 12 11 12 11 12 11 12 11 12 11 12 13 14
  10 11 10 11 10 11 10 11 10 11 10 11 10 11 12 13 9 10 9 10 9 10 9 10 9 10 9 10
  11 12 13 14 8 9 8 9 8 9 8 9 8 9 8 9 10 11 12 13 7 8 7 8 7 8 7 8 7 8 9 10 11
  12 13 14 6 7 6 7 6 7 6 7 6 7 8 9 10 11 12 13 7 6 7 6 7 6 7 6 7 8 9 10 11 12
  13 14 8 7 8 7 8 7 8 7 8 7 8 9 10 11 12 13 9 8 9 8 9 8 9 8 9 8 9 10 11 12 13
  14 10 9 10 9 10 9 10 9 10 9 10 9 10 11 12 13 11 10 11 10 11 10 11 10 11 10 11
  10 11 12 13 14 12 11 12 11 12 11 12 11 12 11 12 11 12 11 12 13 13 12 13 12 13
  12 13 12 13 12 13 12 13 12 13 14 14 13 14 13 14 13 14 13 14 13 14 13 14 13 14
  13 13 14 13 14 13 14 13 14 13 14 13 14 13 14 13 14 12 13 12 13 12 13 12 13 12
  13 12 13 12 13 12 13 11 12 11 12 11 12 11 12 11 12 11 12 11 12 13 14 10 11 10
  11 10 11 10 11 10 11 10 11 10 11 12 13 9 10 9 10 9 10 9 10 9 10 9 10 11 12 13
  14 8 9 8 9 8 9 8 9 8 9 8 9 10 11 12 13 7 8 7 8 7 8 7 8 7 8 9 10 11 12 13 14 6
  7 6 7 6 7 6 7 6 7 8 9 10 11 12 13 7 6 7 6 7 6 7 6 7 8 9 10 11 12 13 14 8 7 8
  7 8 7 8 7 8 7 8 9 10 11 12 13 9 8 9 8 9 8 9 8 9 8 9 10 11 12 13 14 10 9 10 9
  10 9 10 9 10 9 10 9 10 11 12 13 11 10 11 10 11 10 11 10 11 10 11 10 11 12 13
  14 12 11 12 11 12 11 12 11 12 11 12 11 12 11 12 13 13 12 13 12 13 12 13 12 13
  12 13 12 13 12 13 14 14 13 14 13 14 13 14 13 14 13 14 13 14 13 14 13 13 14 13
  14 13 14 13 14 13 14 13 14 13 14 13 14 12 13 12 13 12 13 12 13 12 13 12 13 12
  13 12 13 11 12 11 12 11 12 11 12 11 12 11 12 11 12 13 14 10 11 10 11 10 11 10
  11 10 11 10 11 10 11 12 13 9 10 9 10 9 10 9 10 9 10 9 10 11 12 13 14 8 9 8 9
  8 9 8 9 8 9 8 9 10 11 12 13 7 8 7 8 7 8 7 8 7 8 9 10 11 12 13 14 6 7 6 7 6 7
  6 7 6 7 8 9 10 11 12 13 7 6 7 6 7 6 7 6 7 8 9 10 11 12 13 14 8 7 8 7 8 7 8 7
  8 7 8 9 10 11 12 13 9 8 9 8 9 8 9 8 9 8 9 10 11 12 13 14 10 9 10 9 10 9 10 9
  10 9 10 9 10 11 12 13 11 10 11 10 11 10 11 10 11 10 11 10 11 12 13 14 12 11
  12 11 12 11 12 11 12 11 12 11 12 11 12 13 13 12 13 12 13 12 13 12 13 12 13 12
  13 12 13 14 14 13 14 13 14 13 14 13 14 13 14 13 14 13 14 13 13 14 13 14 13 14
  13 14 13 14 13 14 13 14 13 14 12 13 12 13 12 13 12 13 12 13 12 13 12 13 12 13
  11 12 11 12 11 12 11 12 11 12 11 12 11 12 13 14 10 11 10 11 10 11 10 11 10 11
  10 11 10 11 12 13 9 10 9 10 9 10 9 10 9 10 9 10 11 12 13 14 8 9 8 9 8 9 8 9 8
  9 8 9 10 11 12 13 7 8 7 8 7 8 7 8 7 8 9 10 11 12 13 14 6 7 6 7 6 7 6 7 6 7 8
  9 10 11 12 13 7 6 7 6 7 6 7 6 7 8 9 10 11 12 13 14 8 7 8 7 8 7 8 7 8 7 8 9 10
  11 12 13 9 8 9 8 9 8 9 8 9 8 9 10 11 12 13 14 10 9 10 9 10 9 10 9 10 9 10 9
  10 11 12 13 11 10 11 10 11 10 11 10 11 10 11 10 11 12 13 14 12 11 12 11 12 11
  12 11 12 11 12 11 12 11 12 13 13 12 13 12 13 12 13 12 13 12 13 12 13 12 13 14
  14 13 14 13 14 13 14 13 14 13 14 13 14 13 14 13 13 14 13 14 13 14 13 14 13 14
  13 14 13 14 13 14 12 13 12 13 12 13 12 13 12 13 12 13 12 13 12 13 11 12 11 12
  11 12 11 12 11 12 11 12 11 12 13 14 10 11 10 11 10 11 10 11 10 11 10 11 10 11
  12 13 9 10 9 10 9 10 9 10 9 10 9 10 11 12 13 14 8 9 8 9 8 9 8 9 8 9 8 9 10 11
  12 13 7 8 7 8 7 8 7 8 7 8 9 10 11 12 13 14 6 7 6 7 6 7 6 7 6 7 8 9 10 11 12
  13 7 6 7 6 7 6 7 6 7 8 9 10 11 12 13 14 8 7 8 7 8 7 8 7 8 7 8 9 10 11 12 13 9
  8 9 8 9 8 9 8 9 8 9 10 11 12 13 14 10 9 10 9 10 9 10 9 10 9 10 9 10 11 12 13
  11 10 11 10 11 10 11 10 11 10 11 10 11 12 13 14 12 11 12 11 12 11 12 11 12 11
  12 11 12 11 12 13 13 12 13 12 13 12 13 12 13 12 13 12 13 12 13 14 14 13 14 13
  14 13 14 13 14 13 14 13 14 13 14 13 13 14 13 14 13 14 13 14 13 14 13 14 13 14
  13 14 12 13 12 13 12 13 12 13 12 13 12 13 12 13 12 13 11 12 11 12 11 12 11 12
  11 12 11 12 11 12 13 14 10 11 10 11 10 11 10 11 10 11 10 11 10 11 12 13 9 10
  9 10 9 10 9 10 9 10 9 10 11 12 13 14 8 9 8 9 8 9 8 9 8 9 8 9 10 11 12 13 7 8
  7 8 7 8 7 8 7 8 9 10 11 12 13 14 6 7 6 7 6 7 6 7 6 7 8 9 10 11 12 13 7 6 7 6
  7 6 7 6 7 8 9 10 11 12 13 14 8 7 8 7 8 7 8 7 8 7 8 9 10 11 12 13 9 8 9 8 9 8
  9 8 9 8 9 10 11 12 13 14 10 9 10 9 10 9 10 9 10 9 10 9 10 11 12 13 11 10 11
  10 11 10 11 10 11 10 11 10 11 12 13 14 12 11 12 11 12 11 12 11 12 11 12 11 12
  11 12 13 13 12 13 12 13 12 13 12 13 12 13 12 13 12 13 14 14 13 14 13 14 13 14
  13 14 13 14 13 14 13 14 13 13 14 13 14 13 14 13 14 13 14 13 14 13 14 13 14 12
  13 12 13 12 13 12 13 12 13 12 13 12 13 12 13 11 12 11 12 11 12 11 12 11 12 11
  12 11 12 13 14 10 11 10 11 10 11 10 11 10 11 10 11 10 11 12 13 9 10 9 10 9 10
  9 10 9 10 9 10 11 12 13 14 8 9 8 9 8 9 8 9 8 9 8 9 10 11 12 13 7 8 7 8 7 8 7
  8 7 8 9 10 11 12 13 14 6 7 6 7 6 7 6 7 6 7 8 9 10 11 12 13 7 6 7 6 7 6 7 6 7
  8 9 10 11 12 13 14 8 7 8 7 8 7 8 7 8 7 8 9 10 11 12 13 9 8 9 8 9 8 9 8 9 8 9
  10 11 12 13 14 10 9 10 9 10 9 10 9 10 9 10 9 10 11 12 13 11 10 11 10 11 10 11
  10 11 10 11 10 11 12 13 14 12 11 12 11 12 11 12 11 12 11 12 11 12 11 12 13 13
  12 13 12 13 12 13 12 13 12 13 12 13 12 13 14 14 13 14 13 14 13 14 13 14 13 14
  13 14 13 14 13 13 14 13 14 13 14 13 14 13 14 13 14 13 14 13 14 12 13 12 13 12
  13 12 13 12 13 12 13 12 13 12 13 11 12 11 12 11 12 11 12 11 12 11 12 11 12 13
  14 10 11 10 11 10 11 10 11 10 11 10 11 10 11 12 13 9 10 9 10 9 10 9 10 9 10 9
  10 11 12 13 14 8 9 8 9 8 9 8 9 8 9 8 9 10 11 12 13 7 8 7 8 7 8 7 8 7 8 9 10
  11 12 13 14 6 7 6 7 6 7 6 7 6 7 8 9 10 11 12 13 7 6 7 6 7 6 7 6 7 8 9 10 11
  12 13 14 8 7 8 7 8 7 8 7 8 7 8 9 10 11 12 13 9 8 9 8 9 8 9 8 9 8 9 10 11 12
  13 14 10 9 10 9 10 9 10 9 10 9 10 9 10 11 12 13 11 10 11 10 11 10 11 10 11 10
  11 10 11 12 13 14 12 11 12 11 12 11 12 11 12 11 12 11 12 11 12 13 13 12 13 12
  13 12 13 12 13 12 13 12 13 12 13 14 14 13 14 13 14 13 14 13 14 13 14 13 14 13
  14 13 13 14 13 14 13 14 13 14 13 14 13 14 13 14 13 14 12 13 12 13 12 13 12 13
  12 13 12 13 12 13 12 13 11 12 11 12 11 12 11 12 11 12 11 12 11 12 13 14 10 11
  10 11 10 11 10 11 10 11 10 11 10 11 12 13 9 10 9 10 9 10 9 10 9 10 9 10 11 12
  13 14 8 9 8 9 8 9 8 9 8 9 8 9 10 11 12 13 7 8 7 8 7 8 7 8 7 8 9 10 11 12 13
  14 6 7 6 7 6 7 6 7 6 7 8 9 10 11 12 13 7 6 7 6 7 6 7 6 7 8 9 10 11 12 13 14 8
  7 8 7 8 7 8 7 8 7 8 9 10 11 12 13 9 8 9 8 9 8 9 8 9 8 9 10 11 12 13 14 10 9
  10 9 10 9 10 9 10 9 10 9 10 11 12 13 11 10 11 10 11 10 11 10 11 10 11 10 11
  12 13 14 12 11 12 11 12 11 12 11 12 11 12 11 12 11 12 13 13 12 13 12 13 12 13
  12 13 12 13 12 13 12 13 14 14 13 14 13 14 13 14 13 14 13 14 13 14 13 14 13 13
  14 13 14 13 14 13 14 13 14 13 14 13 14 13 14 12 13 12 13 12 13 12 13 12 13 12
  13 12 13 12 13 11 12 11 12 11 12 11 12 11 12 11 12 11 12 13 14 10 11 10 11 10
  11 10 11 10 11 10 11 10 11 12 13 9 10 9 10 9 10 9 10 9 10 9 10 11 12 13 14 8
  9 8 9 8 9 8 9 8 9 8 9 10 11 12 13 7 8 7 8 7 8 7 8 7 8 9 10 11 12 13 14 6 7 6
  7 6 7 6 7 6 7 8 9 10 11 12 13 7 6 7 6 7 6 7 6 7 8 9 10 11 12 13 14 8 7 8 7 8
  7 8 7 8 7 8 9 10 11 12 13 9 8 9 8 9 8 9 8 9 8 9 10 11 12 13 14 10 9 10 9 10 9
  10 9 10 9 10 9 10 11 12 13 11 10 11 10 11 10 11 10 11 10 11 10 11 12 13 14 12
  11 12 11 12 11 12 11 12 11 12 11 12 11 12 13 13 12 13 12 13 12 13 12 13 12 13
  12 13 12 13 14 14 13 14 13 14 13 14 13 14 13 14 13 14 13 14 13) 