
#(0 0 0 0 0 0 0 0 0 0 0 0 0 0 0 0 0 0 0 0 0 0 0 0 0 0 0 0 0 0 0 0 0 0 0 0 0 0 0
  0 0 0 0 0 0 0 0 0 0 0 0 0 0 0 0 0 0 0 0 0 0 0 0 0 0 0 0 0 0 0 0 0 0 0 0 0 0 0
  0 0 0 0 0 0 0 0 0 0 0 0 0 0 0 0 0 0 0 0 0 0 0 0 0 0 0 0 0 0 0 0 0 0 0 0 0 0 0
  0 0 0 0 0 0 0 0 0 0 0 0 0 0 0 0 0 0 0 0 0 0 0 0 0 0 0 0 0 0 0 0 0 0 0 0 0 0 0
  0 0 0 0 0 0 0 0 0 0 0 0 0 0 0 0 0 0 0 0 0 0 0 0 0 0 0 0 0 0 0 0 0 0 0 0 0 0 0
  0 0 0 0 0 0 0 0 0 0 0 0 0 0 0 0 0 0 0 0 0 0 0 0 0 0 0 0 0 0 0 0 0 0 0 0 0 0 0
  0 0 0 0 0 0 0 0 0 0 0 0 0 0 0 0 0 0 0 0 0 0 0 0 0 0 0 0 0 0 0 0 0 0 0 0 0 0 0
  0 0 0 0 0 0 0 0 0 0 0 0 0 0 0 0 0 0 0 0 0 0 0 0 0 0 0 0 0 0 0 0 0 0 0 0 0 0 0
  0 0 0 0 0 0 0 0 0 0 0 0 0 0 0 0 0 0 0 0 0 0 0 0 0 0 0 0 0 0 0 0 0 0 0 0 0 0 0
  0 0 0 0 0 0 0 0 0 0 0 0 0 0 0 0 0 0 0 0 0 0 0 0 0 0 0 0 0 0 0 0 0 0 0 0 0 0 0
  0 0 0 0 0 0 0 0 0 0 0 0 0 0 0 0 0 0 0 0 0 0 0 0 0 0 0 0 0 0 0 0 0 0 0 0 0 0 0
  0 0 0 0 0 0 0 0 0 0 0 0 0 0 0 0 0 0 0 0 0 0 0 0 0 0 0 0 0 0 0 0 0 0 0 0 0 0 0
  0 0 0 0 0 0 0 0 0 0 0 0 0 0 0 0 0 0 0 0 0 0 0 0 0 0 0 0 0 0 0 0 0 0 0 0 0 0 0
  0 0 0 0 0 0 0 0 0 0 0 0 0 0 0 0 0 0 0 0 0 0 0 0 0 0 0 0 0 0 0 0 0 0 0 0 0 0 0
  0 0 0 0 0 0 0 0 0 0 0 0 0 0 0 0 0 0 0 0 0 0 0 0 0 0 0 0 0 0 0 0 0 0 0 0 0 0 0
  0 0 0 0 0 0 0 0 0 0 0 0 0 0 0 0 0 0 0 0 0 0 0 0 0 0 0 0 0 0 0 0 0 0 0 0 0 0 0
  0 0 0 0 0 0 0 0 0 0 0 0 0 0 0 0 0 0 0 0 0 0 0 0 0 0 0 0 0 0 0 0 0 0 0 0 0 0 0
  0 0 0 0 0 0 0 0 0 0 0 0 0 0 0 0 0 0 0 0 0 0 0 0 0 0 0 0 0 0 0 0 0 0 0 0 0 0 0
  0 0 0 0 0 0 0 0 0 0 0 0 0 0 0 0 0 0 0 0 0 0 0 0 0 0 0 0 0 0 0 0 0 0 0 0 0 0 0
  0 0 0 0 0 0 0 0 0 0 0 0 0 0 0 0 0 0 0 0 0 0 0 0 0 0 0 0 0 0 0 0 0 0 0 0 0 0 0
  0 0 0 0 0 0 0 0 0 0 0 0 0 0 0 0 0 0 0 0 0 0 0 0 0 0 0 0 0 0 0 0 0 0 0 0 0 0 0
  0 0 0 0 0 0 0 0 0 0 0 0 0 0 0 0 0 0 0 0 0 0 0 0 0 0 0 0 0 0 0 0 0 0 0 0 0 0 0
  0 0 0 0 0 0 0 0 0 0 0 0 0 0 0 0 0 0 0 0 0 0 0 0 0 0 0 0 0 0 0 0 0 0 0 0 0 0 0
  0 0 0 0 0 0 0 0 0 0 0 0 0 0 0 0 0 0 0 0 0 0 0 0 0 0 0 0 0 0 0 0 0 0 0 0 0 0 0
  0 0 0 0 0 0 0 0 0 0 0 0 0 0 0 0 0 0 0 0 0 0 0 0 0 0 0 0 0 0 0 0 0 0 0 0 0 0 0
  0 0 0 0 0 0 0 0 0 0 0 0 0 0 0 0 0 0 0 0 0 0 0 0 0 0 0 0 0 0 0 0 0 0 0 0 0 0 0
  0 0 0 0 0 0 0 0 0 0 0 0 0 0 0 0 0 0 0 0 0 0 0 0 0 0 0 0 0 0 0 0 0 0 0 0 0 0 0
  0 0 0 0 0 0 0 0 0 0 0 0 0 0 0 0 0 0 0 0 0 0 0 0 0 0 0 0 0 0 0 0 0 0 0 0 0 0 0
  0 0 0 0 0 0 0 0 0 0 0 0 0 0 0 0 0 0 0 0 0 0 0 0 0 0 0 0 0 0 0 0 0 0 0 0 0 0 0
  0 0 0 0 0 0 0 0 0 0 0 0 0 0 0 0 0 0 0 0 0 0 0 0 0 0 0 0 0 0 0 0 0 0 0 0 0 0 0
  0 0 0 0 0 0 0 0 0 0 0 0 0 0 0 0 0 0 0 0 0 0 0 0 0 0 0 0 0 0 0 0 0 0 0 0 0 0 0
  0 0 0 0 0 0 0 0 0 0 0 0 0 0 0 0 0 0 0 0 0 0 0 0 0 0 0 0 0 0 0 0 0 0 0 0 0 0 0
  0 0 0 0 0 0 0 0 0 0 0 0 0 0 0 0 0 0 0 0 0 0 0 0 0 0 0 0 0 0 0 0 0 0 0 0 0 0 0
  0 0 0 0 0 0 0 0 0 0 0 0 0 0 0 0 0 0 0 0 0 0 0 0 0 0 0 0 0 0 0 0 0 0 0 0 0 0 0
  0 0 0 0 0 0 0 0 0 0 0 0 0 0 0 0 0 0 0 0 0 0 0 0 0 0 0 0 0 0 0 0 0 0 0 0 0 0 0
  0 0 0 0 0 0 0 0 0 0 0 0 0 0 0 0 0 0 0 0 0 0 0 0 0 0 0 0 0 0 0 0 0 0 0 0 0 0 0
  0 0 0 0 0 0 0 0 0 0 0 0 0 0 0 0 0 0 0 0 0 0 0 0 0 0 0 0 0 0 0 0 0 0 0 0 0 0 0
  0 0 0 0 0 0 0 0 0 0 0 0 0 0 0 0 0 0 0 0 0 0 0 0 0 0 0 0 0 0 0 0 0 0 0 0 0 0 0
  0 0 0 0 0 0 0 0 0 0 0 0 0 0 0 0 0 0 0 0 0 0 0 0 0 0 0 0 0 0 0 0 0 0 0 0 0 0 0
  0 0 0 0 0 0 0 0 0 0 0 0 0 0 0 0 0 0 0 0 0 0 0 0 0 0 0 0 0 0 0 0 0 0 0 0 0 0 0
  0 0 0 0 0 0 0 0 0 0 0 0 0 0 0 0 0 0 0 0 0 0 0 0 0 0 0 0 0 0 0 0 0 0 0 0 0 0 0
  0 0 0 0 0 0 0 0 0 0 0 0 0 0 0 0 0 0 0 0 0 0 0 0 0 0 0 0 0 0 0 0 0 0 0 0 0 0 0
  0 0 0 0 0 0 0 0 0 0 0 0 0 0 0 0 0 0 0 0 0 0 0 0 0 0 0 0 0 0 0 0 0 0 0 0 0 0 0
  0 0 0 0 0 0 0 0 0 0 0 0 0 0 0 0 0 0 0 0 0 0 0 0 0 0 0 0 0 0 0 0 0 0 0 0 0 0 0
  0 0 0 0 0 0 0 0 0 0 0 0 0 0 0 0 0 0 0 0 0 0 0 0 0 0 0 0 0 0 0 0 0 0 0 0 0 0 0
  0 0 0 0 0 0 0 0 0 0 0 0 0 0 0 0 0 0 0 0 0 0 0 0 0 0 0 0 0 0 0 0 0 0 0 0 0 0 0
  0 0 0 0 0 0 0 0 0 0 0 0 0 0 0 0 0 0 0 0 0 0 0 0 0 0 0 0 0 0 0 0 0 0 0 0 0 0 0
  0 0 0 0 0 0 0 0 0 0 0 0 0 0 0 0 0 0 0 0 0 0 0 0 0 0 0 0 0 0 0 0 0 0 0 0 0 0 0
  0 0 0 0 0 0 0 0 0 0 0 0 0 0 0 0 0 0 0 0 0 0 0 0 0 0 0 0 0 0 0 0 0 0 0 0 0 0 0
  0 0 0 0 0 0 0 0 0 0 0 0 0 0 0 0 0 0 0 0 0 0 0 0 0 0 0 0 0 0 0 0 0 0 0 0 0 0 0
  0 0 0 0 0 0 0 0 0 0 0 0 0 0 0 0 0 0 0 0 0 0 0 0 0 0 0 0 0 0 0 0 0 0 0 0 0 0 0
  0 0 0 0 0 0 0 0 0 0 0 0 0 0 0 0 0 0 0 0 0 0 0 0 0 0 0 0 0 0 0 0 0 0 0 0 0 0 0
  0 0 0 0 0 0 0 0 0 0 0 0 0 0 0 0 0 0 0 0 0 0 0 0 0 0 0 0 0 0 0 0 0 0 0 0 0 0 0
  0 0 0 0 0 0 0 0 0 0 0 0 0 0 0 0 0 0 0 0 0 0 0 0 0 0 0 0 0 0 0 0 0 0 0 0 0 0 0
  0 0 0 0 0 0 0 0 0 0 0 0 0 0 0 0 0 0 0 0 0 0 0 0 0 0 0 0 0 0 0 0 0 0 0 0 0 0 0
  0 0 0 0 0 0 0 0 0 0 0 0 0 0 0 0 0 0 0 0 0 0 0 0 0 0 0 0 0 0 0 0 0 0 0 0 0 0 0
  0 0 0 0 0 0 0 0 0 0 0 0 0 0 0 0 0 0 0 0 0 0 0 0 0 0 0 0 0 0 0 0 0 0 0 0 0 0 0
  0 0 0 0 0 0 0 0 0 0 0 0 0 0 0 0 0 0 0 0 0 0 0 0 0 0 0 0 0 0 0 0 0 0 0 0 0 0 0
  0 0 0 0 0 0 0 0 0 0 0 0 0 0 0 0 0 0 0 0 0 0 0 0 0 0 0 0 0 0 0 0 0 0 0 0 0 0 0
  0 0 0 0 0 0 0 0 0 0 0 0 0 0 0 0 0 0 0 0 0 0 0 0 0 0 0 0 0 0 0 0 0 0 0 0 0 0 0
  0 0 0 0 0 0 0 0 0 0 0 0 0 0 0 0 0 0 0 0 0 0 0 0 0 0 0 0 0 0 0 0 0 0 0 0 0 0 0
  0 0 0 0 0 0 0 0 0 0 0 0 0 0 0 0 0 0 0 0 0 0 0 0 0 0 0 0 0 0 0 0 0 0 0 0 0 0 0
  0 0 0 0 0 0 0 0 0 0 0 0 0 0 0 0 0 0 0 0 0 0 0 0 0 0 0 0 0 0 0 0 0 0 0 0 0 0 0
  0 0 0 0 0 0 0 0 0 0 0 0 0 0 0 0 0 0 0 0 0 0 0 0 0 0 0 0 0 0 0 0 0 0 0 0 0 0 0
  0 0 0 0 0 0 0 0 0 0 0 0 0 0 0 0 0 0 0 0 0 0 0 0 0 0 0 0 0 0 0 0 0 0 0 0 0 0 0
  0 0 0 0 0 0 0 0 0 0 0 0 0 0 0 0 0 0 0 0 0 0 0 0 0 0 0 0 0 0 0 0 0 0 0 0 0 0 0
  0 0 0 0 0 0 0 0 0 0 0 0 0 0 0 0 0 0 0 0 0 0 0 0 0 0 0 0 0 0 0 0 0 0 0 0 0 0 0
  0 0 0 0 0 0 0 0 0 0 0 0 0 0 0 0 0 0 0 0 0 0 0 0 0 0 0 0 0 0 0 0 0 0 0 0 0 0 0
  0 0 0 0 0 0 0 0 0 0 0 0 0 0 0 0 0 0 0 0 0 0 0 0 0 0 0 0 0 0 0 0 0 0 0 0 0 0 0
  0 0 0 0 0 0 0 0 0 0 0 0 0 0 0 0 0 0 0 0 0 0 0 0 0 0 0 0 0 0 0 0 0 0 0 0 0 0 0
  0 0 0 0 0 0 0 0 0 0 0 0 0 0 0 0 0 0 0 0 0 0 0 0 0 0 0 0 0 0 0 0 0 0 0 0 0 0 0
  0 0 0 0 0 0 0 0 0 0 0 0 0 0 0 0 0 0 0 0 0 0 0 0 0 0 0 0 0 0 0 0 0 0 0 0 0 0 0
  0 0 0 0 0 0 0 0 0 0 0 0 0 0 0 0 0 0 0 0 0 0 0 0 0 0 0 0 0 0 0 0 0 0 0 0 0 0 0
  0 0 0 0 0 0 0 0 0 0 0 0 0 0 0 0 0 0 0 0 0 0 0 0 0 0 0 0 0 0 0 0 0 0 0 0 0 0 0
  0 0 0 0 0 0 0 0 0 0 0 0 0 0 0 0 0 0 0 0 0 0 0 0 0 0 0 0 0 0 0 0 0 0 0 0 0 0 0
  0 0 0 0 0 0 0 0 0 0 0 0 0 0 0 0 0 0 0 0 0 0 0 0 0 0 0 0 0 0 0 0 0 0 0 0 0 0 0
  0 0 0 0 0 0 0 0 0 0 0 0 0 0 0 0 0 0 0 0 0 0 0 0 0 0 0 0 0 0 0 0 0 0 0 0 0 0 0
  0 0 0 0 0 0 0 0 0 0 0 0 0 0 0 0 0 0 0 0 0 0 0 0 0 0 0 0 0 0 0 0 0 0 0 0 0 0 0
  0 0 0 0 0 0 0 0 0 0 0 0 0 0 0 0 0 0 0 0 0 0 0 0 0 0 0 0 0 0 0 0 0 0 0 0 0 0 0
  0 0 0 0 0 0 0 0 0 0 0 0 0 0 0 0 0 0 0 0 0 0 0 0 0 0 0 0 0 0 0 0 0 0 0 0 0 0 0
  0 0 0 0 0 0 0 0 0 0 0 0 0 0 0 0 0 0 0 0 0 0 0 0 0 0 0 0 0 0 0 0 0 0 0 0 0 0 0
  0 0 0 0 0 0 0 0 0 0 0 0 0 0 0 0 0 0 0 0 0 0 0 0 0 0 0 0 0 0 0 0 0 0 0 0 0 0 0
  0 0 0 0 0 0 0 0 0 0 0 0 0 0 0 0 0 0 0 0 0 0 0 0 0 0 0 0 0 0 0 0 0 0 0 0 0 0 0
  0 0 0 0 0 0 0 0 0 0 0 0 0 0 0 0 0 0 0 0 0 0 0 0 0 0 0 0 0 0 0 0 0 0 0 0 0 0 0
  0 0 0 0 0 0 0 0 0 0 0 0 0 0 0 0 0 0 0 0 0 0 0 0 0 0 0 0 0 0 0 0 0 0 0 0 0 0 0
  0 0 0 0 0 0 0 0 0 0 0 0 0 0 0 0 0 0 0 0 0 0 0 0 0 0 0 0 0 0 0 0 0 0 0 0 0 0 0
  0 0 0 0 0 0 0 0 0 0 0 0 0 0 0 0 0 0 0 0 0 0 0 0 0 0 0 0 0 0 0 0 0 0 0 0 0 0 0
  0 0 0 0 0 0 0 0 0 0 0 0 0 0 0 0 0 0 0 0 0 0 0 0 0 0 0 0 0 0 0 0 0 0 0 0 0 0 0
  0 0 0 0 0 0 0 0 0 0 0 0 0 0 0 0 0 0 0 0 0 0 0 0 0 0 0 0 0 0 0 0 0 0 0 0 0 0 0
  0 0 0 0 0 0 0 0 0 0 0 0 0 0 0 0 0 0 0 0 0 0 0 0 0 0 0 0 0 0 0 0 0 0 0 0 0 0 0
  0 0 0 0 0 0 0 0 0 0 0 0 0 0 0 0 0 0 0 0 0 0 0 0 0 0 0 0 0 0 0 0 0 0 0 0 0 0 0
  0 0 0 0 0 0 0 0 0 0 0 0 0 0 0 0 0 0 0 0 0 0 0 0 0 0 0 0 0 0 0 0 0 0 0 0 0 0 0
  0 0 0 0 0 0 0 0 0 0 0 0 0 0 0 0 0 0 0 0 0 0 0 0 0 0 0 0 0 0 0 0 0 0 0 0 0 0 0
  0 0 0 0 0 0 0 0 0 0 0 0 0 0 0 0 0 0 0 0 0 0 0 0 0 0 0 0 0 0 0 0 0 0 0 0 0 0 0
  0 0 0 0 0 0 0 0 0 0 0 0 0 0 0 0 0 0 0 0 0 0 0 0 0 0 0 0 0 0 0 0 0 0 0 0 0 0 0
  0 0 0 0 0 0 0 0 0 0 0 0 0 0 0 0 0 0 0 0 0 0 0 0 0 0 0 0 0 0 0 0 0 0 0 0 0 0 0
  0 0 0 0 0 0 0 0 0 0 0 0 0 0 0 0 0 0 0 0 0 0 0 0 0 0 0 0 0 0 0 0 0 0 0 0 0 0 0
  0 0 0 0 0 0 0 0 0 0 0 0 0 0 0 0 0 0 0 0 0 0 0 0 0 0 0 0 0 0 0 0 0 0 0 0 0 0 0
  0 0 0 0 0 0 0 0 0 0 0 0 0 0 0 0 0 0 0 0 0 0 0 0 0 0 0 0 0 0 0 0 0 0 0 0 0 0 0
  0 0 0 0 0 0 0 0 0 0 0 0 0 0 0 0 0 0 0 0 0 0 0 0 0 0 0 0 0 0 0 0 0 0 0 0 0 0 0
  0 0 0 0 0 0 0 0 0 0 0 0 0 0 0 0 0 0 0 0 0 0 0 0 0 0 0 0 0 0 0 0 0 0 0 0 0 0 0
  0 0 0 0 0 0 0 0 0 0 0 0 0 0 0 0 0 0 0 0 0 0 0 0 0 0 0 0 0 0 0 0 0 0 0 0 0 0 0
  0 0 0 0 0 0 0 0 0 0 0 0 0 0 0 0 0 0 0 0 0 0 0 0 0 0 0 0 0 0 0 0 0 0 0 0 0 0 0
  0 0 0 0 0 0 0 0 0 0 0 0 0 0 0 0 0 0 0 0 0 0 0 0 0 0 0 0 0 0 0 0 0 0 0 0 0 0 0
  0 0 0 0 0 0 0 0 0 0 0 0 0 0 0 0 0 0 0 0 0 0 0 0 0 0 0 0 0 0 0 0 0 0 0 0 0 0 0
  0) 
#(0 0 0 0 0 0 0 0 0 0 0 0 0 0 0 0 0 0 0 0 0 0 0 0 0 0 0 0 0 0 0 0 0 0 0 0 0 0 0
  0 0 0 0 0 0 0 0 0 0 0 0 0 0 0 0 0 0 0 0 0 0 0 0 0 0 0 0 0 0 0 0 0 0 0 0 0 0 0
  0 0 0 0 0 0 0 0 0 0 0 0 0 0 0 0 0 0 0 0 0 0 0 0 0 0 0 0 0 0 0 0 0 0 0 0 0 0 0
  0 0 0 0 0 0 0 0 0 0 0 0 0 0 0 0 0 0 0 0 0 0 0 0 0 0 0 0 0 0 0 0 0 0 0 0 0 0 0
  0 0 0 0 0 0 0 0 0 0 0 0 0 0 0 0 0 0 0 0 0 0 0 0 0 0 0 0 0 0 0 0 0 0 0 0 0 0 0
  0 0 0 0 0 0 0 0 0 0 0 0 0 0 0 0 0 0 0 0 0 0 0 0 0 0 0 0 0 0 0 0 0 0 0 0 0 0 0
  0 0 0 0 0 0 0 0 0 0 0 0 0 0 0 0 0 0 0 0 0 0 0 0 0 0 0 0 0 0 0 0 0 0 0 0 0 0 0
  0 0 0 0 0 0 0 0 0 0 0 0 0 0 0 0 0 0 0 0 0 0 0 0 0 0 0 0 0 0 0 0 0 0 0 0 0 0 0
  0 0 0 0 0 0 0 0 0 0 0 0 0 0 0 0 0 0 0 0 0 0 0 0 0 0 0 0 0 0 0 0 0 0 0 0 0 0 0
  0 0 0 0 0 0 0 0 0 0 0 0 0 0 0 0 0 0 0 0 0 0 0 0 0 0 0 0 0 0 0 0 0 0 0 0 0 0 0
  0 0 0 0 0 0 0 0 0 0 0 0 0 0 0 0 0 0 0 0 0 0 0 0 0 0 0 0 0 0 0 0 0 0 0 0 0 0 0
  0 0 0 0 0 0 0 0 0 0 0 0 0 0 0 0 0 0 0 0 0 0 0 0 0 0 0 0 0 0 0 0 0 0 0 0 0 0 0
  0 0 0 0 0 0 0 0 0 0 0 0 0 0 0 0 0 0 0 0 0 0 0 0 0 0 0 0 0 0 0 0 0 0 0 0 0 0 0
  0 0 0 0 0 0 0 0 0 0 0 0 0 0 0 0 0 0 0 0 0 0 0 0 0 0 0 0 0 0 0 0 0 0 0 0 0 0 0
  0 0 0 0 0 0 0 0 0 0 0 0 0 0 0 0 0 0 0 0 0 0 0 0 0 0 0 0 0 0 0 0 0 0 0 0 0 0 0
  0 0 0 0 0 0 0 0 0 0 0 0 0 0 0 0 0 0 0 0 0 0 0 0 0 0 0 0 0 0 0 0 0 0 0 0 0 0 0
  0 0 0 0 0 0 0 0 0 0 0 0 0 0 0 0 0 0 0 0 0 0 0 0 0 0 0 0 0 0 0 0 0 0 0 0 0 0 0
  0 0 0 0 0 0 0 0 0 0 0 0 0 0 0 0 0 0 0 0 0 0 0 0 0 0 0 0 0 0 0 0 0 0 0 0 0 0 0
  0 0 0 0 0 0 0 0 0 0 0 0 0 0 0 0 0 0 0 0 0 0 0 0 0 0 0 0 0 0 0 0 0 0 0 0 0 0 0
  0 0 0 0 0 0 0 0 0 0 0 0 0 0 0 0 0 0 0 0 0 0 0 0 0 0 0 0 0 0 0 0 0 0 0 0 0 0 0
  0 0 0 0 0 0 0 0 0 0 0 0 0 0 0 0 0 0 0 0 0 0 0 0 0 0 0 0 0 0 0 0 0 0 0 0 0 0 0
  0 0 0 0 0 0 0 0 0 0 0 0 0 0 0 0 0 0 0 0 0 0 0 0 0 0 0 0 0 0 0 0 0 0 0 0 0 0 0
  0 0 0 0 0 0 0 0 0 0 0 0 0 0 0 0 0 0 0 0 0 0 0 0 0 0 0 0 0 0 0 0 0 0 0 0 0 0 0
  0 0 0 0 0 0 0 0 0 0 0 0 0 0 0 0 0 0 0 0 0 0 0 0 0 0 0 0 0 0 0 0 0 0 0 0 0 0 0
  0 0 0 0 0 0 0 0 0 0 0 0 0 0 0 0 0 0 0 0 0 0 0 0 0 0 0 0 0 0 0 0 0 0 0 0 0 0 0
  0 0 0 0 0 0 0 0 0 0 0 0 0 0 0 0 0 0 0 0 0 0 0 0 0 0 0 0 0 0 0 0 0 0 0 0 0 0 0
  0 0 0 0 0 0 0 0 0 0 0 0 0 0 0 0 0 0 0 0 0 0 0 0 0 0 0 0 0 0 0 0 0 0 0 0 0 0 0
  0 0 0 0 0 0 0 0 0 0 0 0 0 0 0 0 0 0 0 0 0 0 0 0 0 0 0 0 0 0 0 0 0 0 0 0 0 0 0
  0 0 0 0 0 0 0 0 0 0 0 0 0 0 0 0 0 0 0 0 0 0 0 0 0 0 0 0 0 0 0 0 0 0 0 0 0 0 0
  0 0 0 0 0 0 0 0 0 0 0 0 0 0 0 0 0 0 0 0 0 0 0 0 0 0 0 0 0 0 0 0 0 0 0 0 0 0 0
  0 0 0 0 0 0 0 0 0 0 0 0 0 0 0 0 0 0 0 0 0 0 0 0 0 0 0 0 0 0 0 0 0 0 0 0 0 0 0
  0 0 0 0 0 0 0 0 0 0 0 0 0 0 0 0 0 0 0 0 0 0 0 0 0 0 0 0 0 0 0 0 0 0 0 0 0 0 0
  0 0 0 0 0 0 0 0 0 0 0 0 0 0 0 0 0 0 0 0 0 0 0 0 0 0 0 0 0 0 0 0 0 0 0 0 0 0 0
  0 0 0 0 0 0 0 0 0 0 0 0 0 0 0 0 0 0 0 0 0 0 0 0 0 0 0 0 0 0 0 0 0 0 0 0 0 0 0
  0 0 0 0 0 0 0 0 0 0 0 0 0 0 0 0 0 0 0 0 0 0 0 0 0 0 0 0 0 0 0 0 0 0 0 0 0 0 0
  0 0 0 0 0 0 0 0 0 0 0 0 0 0 0 0 0 0 0 0 0 0 0 0 0 0 0 0 0 0 0 0 0 0 0 0 0 0 0
  0 0 0 0 0 0 0 0 0 0 0 0 0 0 0 0 0 0 0 0 0 0 0 0 0 0 0 0 0 0 0 0 0 0 0 0 0 0 0
  0 0 0 0 0 0 0 0 0 0 0 0 0 0 0 0 0 0 0 0 0 0 0 0 0 0 0 0 0 0 0 0 0 0 0 0 0 0 0
  0 0 0 0 0 0 0 0 0 0 0 0 0 0 0 0 0 0 0 0 0 0 0 0 0 0 0 0 0 0 0 0 0 0 0 0 0 0 0
  0 0 0 0 0 0 0 0 0 0 0 0 0 0 0 0 0 0 0 0 0 0 0 0 0 0 0 0 0 0 0 0 0 0 0 0 0 0 0
  0 0 0 0 0 0 0 0 0 0 0 0 0 0 0 0 0 0 0 0 0 0 0 0 0 0 0 0 0 0 0 0 0 0 0 0 0 0 0
  0 0 0 0 0 0 0 0 0 0 0 0 0 0 0 0 0 0 0 0 0 0 0 0 0 0 0 0 0 0 0 0 0 0 0 0 0 0 0
  0 0 0 0 0 0 0 0 0 0 0 0 0 0 0 0 0 0 0 0 0 0 0 0 0 0 0 0 0 0 0 0 0 0 0 0 0 0 0
  0 0 0 0 0 0 0 0 0 0 0 0 0 0 0 0 0 0 0 0 0 0 0 0 0 0 0 0 0 0 0 0 0 0 0 0 0 0 0
  0 0 0 0 0 0 0 0 0 0 0 0 0 0 0 0 0 0 0 0 0 0 0 0 0 0 0 0 0 0 0 0 0 0 0 0 0 0 0
  0 0 0 0 0 0 0 0 0 0 0 0 0 0 0 0 0 0 0 0 0 0 0 0 0 0 0 0 0 0 0 0 0 0 0 0 0 0 0
  0 0 0 0 0 0 0 0 0 0 0 0 0 0 0 0 0 0 0 0 0 0 0 0 0 0 0 0 0 0 0 0 0 0 0 0 0 0 0
  0 0 0 0 0 0 0 0 0 0 0 0 0 0 0 0 0 0 0 0 0 0 0 0 0 0 0 0 0 0 0 0 0 0 0 0 0 0 0
  0 0 0 0 0 0 0 0 0 0 0 0 0 0 0 0 0 0 0 0 0 0 0 0 0 0 0 0 0 0 0 0 0 0 0 0 0 0 0
  0 0 0 0 0 0 0 0 0 0 0 0 0 0 0 0 0 0 0 0 0 0 0 0 0 0 0 0 0 0 0 0 0 0 0 0 0 0 0
  0 0 0 0 0 0 0 0 0 0 0 0 0 0 0 0 0 0 0 0 0 0 0 0 0 0 0 0 0 0 0 0 0 0 0 0 0 0 0
  0 0 0 0 0 0 0 0 0 0 0 0 0 0 0 0 0 0 0 0 0 0 0 0 0 0 0 0 0 0 0 0 0 0 0 0 0 0 0
  0 0 0 0 0 0 0 0 0 0 0 0 0 0 0 0 0 0 0 0 0 0 0 0 0 0 0 0 0 0 0 0 0 0 0 0 0 0 0
  0 0 0 0 0 0 0 0 0 0 0 0 0 0 0 0 0 0 0 0 0 0 0 0 0 0 0 0 0 0 0 0 0 0 0 0 0 0 0
  0 0 0 0 0 0 0 0 0 0 0 0 0 0 0 0 0 0 0 0 0 0 0 0 0 0 0 0 0 0 0 0 0 0 0 0 0 0 0
  0 0 0 0 0 0 0 0 0 0 0 0 0 0 0 0 0 0 0 0 0 0 0 0 0 0 0 0 0 0 0 0 0 0 0 0 0 0 0
  0 0 0 0 0 0 0 0 0 0 0 0 0 0 0 0 0 0 0 0 0 0 0 0 0 0 0 0 0 0 0 0 0 0 0 0 0 0 0
  0 0 0 0 0 0 0 0 0 0 0 0 0 0 0 0 0 0 0 0 0 0 0 0 0 0 0 0 0 0 0 0 0 0 0 0 0 0 0
  0 0 0 0 0 0 0 0 0 0 0 0 0 0 0 0 0 0 0 0 0 0 0 0 0 0 0 0 0 0 0 0 0 0 0 0 0 0 0
  0 0 0 0 0 0 0 0 0 0 0 0 0 0 0 0 0 0 0 0 0 0 0 0 0 0 0 0 0 0 0 0 0 0 0 0 0 0 0
  0 0 0 0 0 0 0 0 0 0 0 0 0 0 0 0 0 0 0 0 0 0 0 0 0 0 0 0 0 0 0 0 0 0 0 0 0 0 0
  0 0 0 0 0 0 0 0 0 0 0 0 0 0 0 0 0 0 0 0 0 0 0 0 0 0 0 0 0 0 0 0 0 0 0 0 0 0 0
  0 0 0 0 0 0 0 0 0 0 0 0 0 0 0 0 0 0 0 0 0 0 0 0 0 0 0 0 0 0 0 0 0 0 0 0 0 0 0
  0 0 0 0 0 0 0 0 0 0 0 0 0 0 0 0 0 0 0 0 0 0 0 0 0 0 0 0 0 0 0 0 0 0 0 0 0 0 0
  0 0 0 0 0 0 0 0 0 0 0 0 0 0 0 0 0 0 0 0 0 0 0 0 0 0 0 0 0 0 0 0 0 0 0 0 0 0 0
  0 0 0 0 0 0 0 0 0 0 0 0 0 0 0 0 0 0 0 0 0 0 0 0 0 0 0 0 0 0 0 0 0 0 0 0 0 0 0
  0 0 0 0 0 0 0 0 0 0 0 0 0 0 0 0 0 0 0 0 0 0 0 0 0 0 0 0 0 0 0 0 0 0 0 0 0 0 0
  0 0 0 0 0 0 0 0 0 0 0 0 0 0 0 0 0 0 0 0 0 0 0 0 0 0 0 0 0 0 0 0 0 0 0 0 0 0 0
  0 0 0 0 0 0 0 0 0 0 0 0 0 0 0 0 0 0 0 0 0 0 0 0 0 0 0 0 0 0 0 0 0 0 0 0 0 0 0
  0 0 0 0 0 0 0 0 0 0 0 0 0 0 0 0 0 0 0 0 0 0 0 0 0 0 0 0 0 0 0 0 0 0 0 0 0 0 0
  0 0 0 0 0 0 0 0 0 0 0 0 0 0 0 0 0 0 0 0 0 0 0 0 0 0 0 0 0 0 0 0 0 0 0 0 0 0 0
  0 0 0 0 0 0 0 0 0 0 0 0 0 0 0 0 0 0 0 0 0 0 0 0 0 0 0 0 0 0 0 0 0 0 0 0 0 0 0
  0 0 0 0 0 0 0 0 0 0 0 0 0 0 0 0 0 0 0 0 0 0 0 0 0 0 0 0 0 0 0 0 0 0 0 0 0 0 0
  0 0 0 0 0 0 0 0 0 0 0 0 0 0 0 0 0 0 0 0 0 0 0 0 0 0 0 0 0 0 0 0 0 0 0 0 0 0 0
  0 0 0 0 0 0 0 0 0 0 0 0 0 0 0 0 0 0 0 0 0 0 0 0 0 0 0 0 0 0 0 0 0 0 0 0 0 0 0
  0 0 0 0 0 0 0 0 0 0 0 0 0 0 0 0 0 0 0 0 0 0 0 0 0 0 0 0 0 0 0 0 0 0 0 0 0 0 0
  0 0 0 0 0 0 0 0 0 0 0 0 0 0 0 0 0 0 0 0 0 0 0 0 0 0 0 0 0 0 0 0 0 0 0 0 0 0 0
  0 0 0 0 0 0 0 0 0 0 0 0 0 0 0 0 0 0 0 0 0 0 0 0 0 0 0 0 0 0 0 0 0 0 0 0 0 0 0
  0 0 0 0 0 0 0 0 0 0 0 0 0 0 0 0 0 0 0 0 0 0 0 0 0 0 0 0 0 0 0 0 0 0 0 0 0 0 0
  0 0 0 0 0 0 0 0 0 0 0 0 0 0 0 0 0 0 0 0 0 0 0 0 0 0 0 0 0 0 0 0 0 0 0 0 0 0 0
  0 0 0 0 0 0 0 0 0 0 0 0 0 0 0 0 0 0 0 0 0 0 0 0 0 0 0 0 0 0 0 0 0 0 0 0 0 0 0
  0 0 0 0 0 0 0 0 0 0 0 0 0 0 0 0 0 0 0 0 0 0 0 0 0 0 0 0 0 0 0 0 0 0 0 0 0 0 0
  0 0 0 0 0 0 0 0 0 0 0 0 0 0 0 0 0 0 0 0 0 0 0 0 0 0 0 0 0 0 0 0 0 0 0 0 0 0 0
  0 0 0 0 0 0 0 0 0 0 0 0 0 0 0 0 0 0 0 0 0 0 0 0 0 0 0 0 0 0 0 0 0 0 0 0 0 0 0
  0 0 0 0 0 0 0 0 0 0 0 0 0 0 0 0 0 0 0 0 0 0 0 0 0 0 0 0 0 0 0 0 0 0 0 0 0 0 0
  0 0 0 0 0 0 0 0 0 0 0 0 0 0 0 0 0 0 0 0 0 0 0 0 0 0 0 0 0 0 0 0 0 0 0 0 0 0 0
  0 0 0 0 0 0 0 0 0 0 0 0 0 0 0 0 0 0 0 0 0 0 0 0 0 0 0 0 0 0 0 0 0 0 0 0 0 0 0
  0 0 0 0 0 0 0 0 0 0 0 0 0 0 0 0 0 0 0 0 0 0 0 0 0 0 0 0 0 0 0 0 0 0 0 0 0 0 0
  0 0 0 0 0 0 0 0 0 0 0 0 0 0 0 0 0 0 0 0 0 0 0 0 0 0 0 0 0 0 0 0 0 0 0 0 0 0 0
  0 0 0 0 0 0 0 0 0 0 0 0 0 0 0 0 0 0 0 0 0 0 0 0 0 0 0 0 0 0 0 0 0 0 0 0 0 0 0
  0 0 0 0 0 0 0 0 0 0 0 0 0 0 0 0 0 0 0 0 0 0 0 0 0 0 0 0 0 0 0 0 0 0 0 0 0 0 0
  0 0 0 0 0 0 0 0 0 0 0 0 0 0 0 0 0 0 0 0 0 0 0 0 0 0 0 0 0 0 0 0 0 0 0 0 0 0 0
  0 0 0 0 0 0 0 0 0 0 0 0 0 0 0 0 0 0 0 0 0 0 0 0 0 0 0 0 0 0 0 0 0 0 0 0 0 0 0
  0 0 0 0 0 0 0 0 0 0 0 0 0 0 0 0 0 0 0 0 0 0 0 0 0 0 0 0 0 0 0 0 0 0 0 0 0 0 0
  0 0 0 0 0 0 0 0 0 0 0 0 0 0 0 0 0 0 0 0 0 0 0 0 0 0 0 0 0 0 0 0 0 0 0 0 0 0 0
  0 0 0 0 0 0 0 0 0 0 0 0 0 0 0 0 0 0 0 0 0 0 0 0 0 0 0 0 0 0 0 0 0 0 0 0 0 0 0
  0 0 0 0 0 0 0 0 0 0 0 0 0 0 0 0 0 0 0 0 0 0 0 0 0 0 0 0 0 0 0 0 0 0 0 0 0 0 0
  0 0 0 0 0 0 0 0 0 0 0 0 0 0 0 0 0 0 0 0 0 0 0 0 0 0 0 0 0 0 0 0 0 0 0 0 0 0 0
  0 0 0 0 0 0 0 0 0 0 0 0 0 0 0 0 0 0 0 0 0 0 0 0 0 0 0 0 0 0 0 0 0 0 0 0 0 0 0
  0 0 0 0 0 0 0 0 0 0 0 0 0 0 0 0 0 0 0 0 0 0 0 0 0 0 0 0 0 0 0 0 0 0 0 0 0 0 0
  0 0 0 0 0 0 0 0 0 0 0 0 0 0 0 0 0 0 0 0 0 0 0 0 0 0 0 0 0 0 0 0 0 0 0 0 0 0 0
  0 0 0 0 0 0 0 0 0 0 0 0 0 0 0 0 0 0 0 0 0 0 0 0 0 0 0 0 0 0 0 0 0 0 0 0 0 0 0
  0 0 0 0 0 0 0 0 0 0 0 0 0 0 0 0 0 0 0 0 0 0 0 0 0 0 0 0 0 0 0 0 0 0 0 0 0 0 0
  0 0 0 0 0 0 0 0 0 0 0 0 0 0 0 0 0 0 0 0 0 0 0 0 0 0 0 0 0 0 0 0 0 0 0 0 0 0 0
  0 0 0 0 0 0 0 0 0 0 0 0 0 0 0 0 0 0 0 0 0 0 0 0 0 0 0 0 0 0 0 0 0 0 0 0 0 0 0
  0) 
#(9 9 9 10 11 12 12 11 12 13 14 15 15 15 15 15 8 8 8 9 10 11 11 10 11 12 13 14
  14 15 15 15 7 7 7 8 9 10 10 9 10 11 12 13 13 14 14 15 6 6 6 7 8 9 9 8 9 10 11
  12 12 13 13 14 5 5 5 6 7 8 8 7 8 9 10 11 11 12 12 13 4 4 4 5 6 7 7 6 7 8 9 10
  10 11 11 12 3 3 3 4 5 6 6 5 6 7 8 9 9 10 10 11 2 2 2 3 4 5 5 4 5 6 7 8 8 9 9
  10 1 1 1 2 3 4 4 3 4 5 6 7 7 8 8 9 0 0 0 1 2 3 3 2 3 4 5 6 6 7 7 8 0 0 0 0 1
  2 2 1 2 3 4 5 5 6 6 7 0 0 0 0 0 1 1 0 1 2 3 4 4 5 5 6 0 0 0 0 0 0 0 0 0 1 2 3
  3 4 4 5 0 0 0 0 0 0 0 0 0 0 1 2 2 3 3 4 0 0 0 0 0 0 0 0 0 0 0 1 1 2 2 3 0 0 0
  0 0 0 0 0 0 0 1 1 1 1 2 2 9 9 9 10 11 12 12 11 12 13 14 15 15 15 15 15 8 8 8
  9 10 11 11 10 11 12 13 14 14 15 15 15 7 7 7 8 9 10 10 9 10 11 12 13 13 14 14
  15 6 6 6 7 8 9 9 8 9 10 11 12 12 13 13 14 5 5 5 6 7 8 8 7 8 9 10 11 11 12 12
  13 4 4 4 5 6 7 7 6 7 8 9 10 10 11 11 12 3 3 3 4 5 6 6 5 6 7 8 9 9 10 10 11 2
  2 2 3 4 5 5 4 5 6 7 8 8 9 9 10 1 1 1 2 3 4 4 3 4 5 6 7 7 8 8 9 0 0 0 1 2 3 3
  2 3 4 5 6 6 7 7 8 0 0 0 0 1 2 2 1 2 3 4 5 5 6 6 7 0 0 0 0 0 1 1 0 1 2 3 4 4 5
  5 6 0 0 0 0 0 0 0 0 0 1 2 3 3 4 4 5 0 0 0 0 0 0 0 0 0 0 1 2 2 3 3 4 0 0 0 0 0
  0 0 0 0 0 0 1 1 2 2 3 0 0 0 0 0 0 0 0 0 0 1 1 1 1 2 2 9 9 9 10 11 12 12 11 12
  13 14 15 15 15 15 15 8 8 8 9 10 11 11 10 11 12 13 14 14 15 15 15 7 7 7 8 9 10
  10 9 10 11 12 13 13 14 14 15 6 6 6 7 8 9 9 8 9 10 11 12 12 13 13 14 5 5 5 6 7
  8 8 7 8 9 10 11 11 12 12 13 4 4 4 5 6 7 7 6 7 8 9 10 10 11 11 12 3 3 3 4 5 6
  6 5 6 7 8 9 9 10 10 11 2 2 2 3 4 5 5 4 5 6 7 8 8 9 9 10 1 1 1 2 3 4 4 3 4 5 6
  7 7 8 8 9 0 0 0 1 2 3 3 2 3 4 5 6 6 7 7 8 0 0 0 0 1 2 2 1 2 3 4 5 5 6 6 7 0 0
  0 0 0 1 1 0 1 2 3 4 4 5 5 6 0 0 0 0 0 0 0 0 0 1 2 3 3 4 4 5 0 0 0 0 0 0 0 0 0
  0 1 2 2 3 3 4 0 0 0 0 0 0 0 0 0 0 0 1 1 2 2 3 0 0 0 0 0 0 0 0 0 0 1 1 1 1 2 2
  9 9 9 10 11 12 12 11 12 13 14 15 15 15 15 15 8 8 8 9 10 11 11 10 11 12 13 14
  14 15 15 15 7 7 7 8 9 10 10 9 10 11 12 13 13 14 14 15 6 6 6 7 8 9 9 8 9 10 11
  12 12 13 13 14 5 5 5 6 7 8 8 7 8 9 10 11 11 12 12 13 4 4 4 5 6 7 7 6 7 8 9 10
  10 11 11 12 3 3 3 4 5 6 6 5 6 7 8 9 9 10 10 11 2 2 2 3 4 5 5 4 5 6 7 8 8 9 9
  10 1 1 1 2 3 4 4 3 4 5 6 7 7 8 8 9 0 0 0 1 2 3 3 2 3 4 5 6 6 7 7 8 0 0 0 0 1
  2 2 1 2 3 4 5 5 6 6 7 0 0 0 0 0 1 1 0 1 2 3 4 4 5 5 6 0 0 0 0 0 0 0 0 0 1 2 3
  3 4 4 5 0 0 0 0 0 0 0 0 0 0 1 2 2 3 3 4 0 0 0 0 0 0 0 0 0 0 0 1 1 2 2 3 0 0 0
  0 0 0 0 0 0 0 1 1 1 1 2 2 9 9 9 10 11 12 12 11 12 13 14 15 15 15 15 15 8 8 8
  9 10 11 11 10 11 12 13 14 14 15 15 15 7 7 7 8 9 10 10 9 10 11 12 13 13 14 14
  15 6 6 6 7 8 9 9 8 9 10 11 12 12 13 13 14 5 5 5 6 7 8 8 7 8 9 10 11 11 12 12
  13 4 4 4 5 6 7 7 6 7 8 9 10 10 11 11 12 3 3 3 4 5 6 6 5 6 7 8 9 9 10 10 11 2
  2 2 3 4 5 5 4 5 6 7 8 8 9 9 10 1 1 1 2 3 4 4 3 4 5 6 7 7 8 8 9 0 0 0 1 2 3 3
  2 3 4 5 6 6 7 7 8 0 0 0 0 1 2 2 1 2 3 4 5 5 6 6 7 0 0 0 0 0 1 1 0 1 2 3 4 4 5
  5 6 0 0 0 0 0 0 0 0 0 1 2 3 3 4 4 5 0 0 0 0 0 0 0 0 0 0 1 2 2 3 3 4 0 0 0 0 0
  0 0 0 0 0 0 1 1 2 2 3 0 0 0 0 0 0 0 0 0 0 1 1 1 1 2 2 9 9 9 10 11 12 12 11 12
  13 14 15 15 15 15 15 8 8 8 9 10 11 11 10 11 12 13 14 14 15 15 15 7 7 7 8 9 10
  10 9 10 11 12 13 13 14 14 15 6 6 6 7 8 9 9 8 9 10 11 12 12 13 13 14 5 5 5 6 7
  8 8 7 8 9 10 11 11 12 12 13 4 4 4 5 6 7 7 6 7 8 9 10 10 11 11 12 3 3 3 4 5 6
  6 5 6 7 8 9 9 10 10 11 2 2 2 3 4 5 5 4 5 6 7 8 8 9 9 10 1 1 1 2 3 4 4 3 4 5 6
  7 7 8 8 9 0 0 0 1 2 3 3 2 3 4 5 6 6 7 7 8 0 0 0 0 1 2 2 1 2 3 4 5 5 6 6 7 0 0
  0 0 0 1 1 0 1 2 3 4 4 5 5 6 0 0 0 0 0 0 0 0 0 1 2 3 3 4 4 5 0 0 0 0 0 0 0 0 0
  0 1 2 2 3 3 4 0 0 0 0 0 0 0 0 0 0 0 1 1 2 2 3 0 0 0 0 0 0 0 0 0 0 1 1 1 1 2 2
  9 9 9 10 11 12 12 11 12 13 14 15 15 15 15 15 8 8 8 9 10 11 11 10 11 12 13 14
  14 15 15 15 7 7 7 8 9 10 10 9 10 11 12 13 13 14 14 15 6 6 6 7 8 9 9 8 9 10 11
  12 12 13 13 14 5 5 5 6 7 8 8 7 8 9 10 11 11 12 12 13 4 4 4 5 6 7 7 6 7 8 9 10
  10 11 11 12 3 3 3 4 5 6 6 5 6 7 8 9 9 10 10 11 2 2 2 3 4 5 5 4 5 6 7 8 8 9 9
  10 1 1 1 2 3 4 4 3 4 5 6 7 7 8 8 9 0 0 0 1 2 3 3 2 3 4 5 6 6 7 7 8 0 0 0 0 1
  2 2 1 2 3 4 5 5 6 6 7 0 0 0 0 0 1 1 0 1 2 3 4 4 5 5 6 0 0 0 0 0 0 0 0 0 1 2 3
  3 4 4 5 0 0 0 0 0 0 0 0 0 0 1 2 2 3 3 4 0 0 0 0 0 0 0 0 0 0 0 1 1 2 2 3 0 0 0
  0 0 0 0 0 0 0 1 1 1 1 2 2 9 9 9 10 11 12 12 11 12 13 14 15 15 15 15 15 8 8 8
  9 10 11 11 10 11 12 13 14 14 15 15 15 7 7 7 8 9 10 10 9 10 11 12 13 13 14 14
  15 6 6 6 7 8 9 9 8 9 10 11 12 12 13 13 14 5 5 5 6 7 8 8 7 8 9 10 11 11 12 12
  13 4 4 4 5 6 7 7 6 7 8 9 10 10 11 11 12 3 3 3 4 5 6 6 5 6 7 8 9 9 10 10 11 2
  2 2 3 4 5 5 4 5 6 7 8 8 9 9 10 1 1 1 2 3 4 4 3 4 5 6 7 7 8 8 9 0 0 0 1 2 3 3
  2 3 4 5 6 6 7 7 8 0 0 0 0 1 2 2 1 2 3 4 5 5 6 6 7 0 0 0 0 0 1 1 0 1 2 3 4 4 5
  5 6 0 0 0 0 0 0 0 0 0 1 2 3 3 4 4 5 0 0 0 0 0 0 0 0 0 0 1 2 2 3 3 4 0 0 0 0 0
  0 0 0 0 0 0 1 1 2 2 3 0 0 0 0 0 0 0 0 0 0 1 1 1 1 2 2 9 9 9 10 11 12 12 11 12
  13 14 15 15 15 15 15 8 8 8 9 10 11 11 10 11 12 13 14 14 15 15 15 7 7 7 8 9 10
  10 9 10 11 12 13 13 14 14 15 6 6 6 7 8 9 9 8 9 10 11 12 12 13 13 14 5 5 5 6 7
  8 8 7 8 9 10 11 11 12 12 13 4 4 4 5 6 7 7 6 7 8 9 10 10 11 11 12 3 3 3 4 5 6
  6 5 6 7 8 9 9 10 10 11 2 2 2 3 4 5 5 4 5 6 7 8 8 9 9 10 1 1 1 2 3 4 4 3 4 5 6
  7 7 8 8 9 0 0 0 1 2 3 3 2 3 4 5 6 6 7 7 8 0 0 0 0 1 2 2 1 2 3 4 5 5 6 6 7 0 0
  0 0 0 1 1 0 1 2 3 4 4 5 5 6 0 0 0 0 0 0 0 0 0 1 2 3 3 4 4 5 0 0 0 0 0 0 0 0 0
  0 1 2 2 3 3 4 0 0 0 0 0 0 0 0 0 0 0 1 1 2 2 3 0 0 0 0 0 0 0 0 0 0 1 1 1 1 2 2
  9 9 9 10 11 12 12 11 12 13 14 15 15 15 15 15 8 8 8 9 10 11 11 10 11 12 13 14
  14 15 15 15 7 7 7 8 9 10 10 9 10 11 12 13 13 14 14 15 6 6 6 7 8 9 9 8 9 10 11
  12 12 13 13 14 5 5 5 6 7 8 8 7 8 9 10 11 11 12 12 13 4 4 4 5 6 7 7 6 7 8 9 10
  10 11 11 12 3 3 3 4 5 6 6 5 6 7 8 9 9 10 10 11 2 2 2 3 4 5 5 4 5 6 7 8 8 9 9
  10 1 1 1 2 3 4 4 3 4 5 6 7 7 8 8 9 0 0 0 1 2 3 3 2 3 4 5 6 6 7 7 8 0 0 0 0 1
  2 2 1 2 3 4 5 5 6 6 7 0 0 0 0 0 1 1 0 1 2 3 4 4 5 5 6 0 0 0 0 0 0 0 0 0 1 2 3
  3 4 4 5 0 0 0 0 0 0 0 0 0 0 1 2 2 3 3 4 0 0 0 0 0 0 0 0 0 0 0 1 1 2 2 3 0 0 0
  0 0 0 0 0 0 0 1 1 1 1 2 2 9 9 9 10 11 12 12 11 12 13 14 15 15 15 15 15 8 8 8
  9 10 11 11 10 11 12 13 14 14 15 15 15 7 7 7 8 9 10 10 9 10 11 12 13 13 14 14
  15 6 6 6 7 8 9 9 8 9 10 11 12 12 13 13 14 5 5 5 6 7 8 8 7 8 9 10 11 11 12 12
  13 4 4 4 5 6 7 7 6 7 8 9 10 10 11 11 12 3 3 3 4 5 6 6 5 6 7 8 9 9 10 10 11 2
  2 2 3 4 5 5 4 5 6 7 8 8 9 9 10 1 1 1 2 3 4 4 3 4 5 6 7 7 8 8 9 0 0 0 1 2 3 3
  2 3 4 5 6 6 7 7 8 0 0 0 0 1 2 2 1 2 3 4 5 5 6 6 7 0 0 0 0 0 1 1 0 1 2 3 4 4 5
  5 6 0 0 0 0 0 0 0 0 0 1 2 3 3 4 4 5 0 0 0 0 0 0 0 0 0 0 1 2 2 3 3 4 0 0 0 0 0
  0 0 0 0 0 0 1 1 2 2 3 0 0 0 0 0 0 0 0 0 0 1 1 1 1 2 2 9 9 9 10 11 12 12 11 12
  13 14 15 15 15 15 15 8 8 8 9 10 11 11 10 11 12 13 14 14 15 15 15 7 7 7 8 9 10
  10 9 10 11 12 13 13 14 14 15 6 6 6 7 8 9 9 8 9 10 11 12 12 13 13 14 5 5 5 6 7
  8 8 7 8 9 10 11 11 12 12 13 4 4 4 5 6 7 7 6 7 8 9 10 10 11 11 12 3 3 3 4 5 6
  6 5 6 7 8 9 9 10 10 11 2 2 2 3 4 5 5 4 5 6 7 8 8 9 9 10 1 1 1 2 3 4 4 3 4 5 6
  7 7 8 8 9 0 0 0 1 2 3 3 2 3 4 5 6 6 7 7 8 0 0 0 0 1 2 2 1 2 3 4 5 5 6 6 7 0 0
  0 0 0 1 1 0 1 2 3 4 4 5 5 6 0 0 0 0 0 0 0 0 0 1 2 3 3 4 4 5 0 0 0 0 0 0 0 0 0
  0 1 2 2 3 3 4 0 0 0 0 0 0 0 0 0 0 0 1 1 2 2 3 0 0 0 0 0 0 0 0 0 0 1 1 1 1 2 2
  9 9 9 10 11 12 12 11 12 13 14 15 15 15 15 15 8 8 8 9 10 11 11 10 11 12 13 14
  14 15 15 15 7 7 7 8 9 10 10 9 10 11 12 13 13 14 14 15 6 6 6 7 8 9 9 8 9 10 11
  12 12 13 13 14 5 5 5 6 7 8 8 7 8 9 10 11 11 12 12 13 4 4 4 5 6 7 7 6 7 8 9 10
  10 11 11 12 3 3 3 4 5 6 6 5 6 7 8 9 9 10 10 11 2 2 2 3 4 5 5 4 5 6 7 8 8 9 9
  10 1 1 1 2 3 4 4 3 4 5 6 7 7 8 8 9 0 0 0 1 2 3 3 2 3 4 5 6 6 7 7 8 0 0 0 0 1
  2 2 1 2 3 4 5 5 6 6 7 0 0 0 0 0 1 1 0 1 2 3 4 4 5 5 6 0 0 0 0 0 0 0 0 0 1 2 3
  3 4 4 5 0 0 0 0 0 0 0 0 0 0 1 2 2 3 3 4 0 0 0 0 0 0 0 0 0 0 0 1 1 2 2 3 0 0 0
  0 0 0 0 0 0 0 1 1 1 1 2 2 9 9 9 10 11 12 12 11 12 13 14 15 15 15 15 15 8 8 8
  9 10 11 11 10 11 12 13 14 14 15 15 15 7 7 7 8 9 10 10 9 10 11 12 13 13 14 14
  15 6 6 6 7 8 9 9 8 9 10 11 12 12 13 13 14 5 5 5 6 7 8 8 7 8 9 10 11 11 12 12
  13 4 4 4 5 6 7 7 6 7 8 9 10 10 11 11 12 3 3 3 4 5 6 6 5 6 7 8 9 9 10 10 11 2
  2 2 3 4 5 5 4 5 6 7 8 8 9 9 10 1 1 1 2 3 4 4 3 4 5 6 7 7 8 8 9 0 0 0 1 2 3 3
  2 3 4 5 6 6 7 7 8 0 0 0 0 1 2 2 1 2 3 4 5 5 6 6 7 0 0 0 0 0 1 1 0 1 2 3 4 4 5
  5 6 0 0 0 0 0 0 0 0 0 1 2 3 3 4 4 5 0 0 0 0 0 0 0 0 0 0 1 2 2 3 3 4 0 0 0 0 0
  0 0 0 0 0 0 1 1 2 2 3 0 0 0 0 0 0 0 0 0 0 1 1 1 1 2 2 9 9 9 10 11 12 12 11 12
  13 14 15 15 15 15 15 8 8 8 9 10 11 11 10 11 12 13 14 14 15 15 15 7 7 7 8 9 10
  10 9 10 11 12 13 13 14 14 15 6 6 6 7 8 9 9 8 9 10 11 12 12 13 13 14 5 5 5 6 7
  8 8 7 8 9 10 11 11 12 12 13 4 4 4 5 6 7 7 6 7 8 9 10 10 11 11 12 3 3 3 4 5 6
  6 5 6 7 8 9 9 10 10 11 2 2 2 3 4 5 5 4 5 6 7 8 8 9 9 10 1 1 1 2 3 4 4 3 4 5 6
  7 7 8 8 9 0 0 0 1 2 3 3 2 3 4 5 6 6 7 7 8 0 0 0 0 1 2 2 1 2 3 4 5 5 6 6 7 0 0
  0 0 0 1 1 0 1 2 3 4 4 5 5 6 0 0 0 0 0 0 0 0 0 1 2 3 3 4 4 5 0 0 0 0 0 0 0 0 0
  0 1 2 2 3 3 4 0 0 0 0 0 0 0 0 0 0 0 1 1 2 2 3 0 0 0 0 0 0 0 0 0 0 1 1 1 1 2 2
  9 9 9 10 11 12 12 11 12 13 14 15 15 15 15 15 8 8 8 9 10 11 11 10 11 12 13 14
  14 15 15 15 7 7 7 8 9 10 10 9 10 11 12 13 13 14 14 15 6 6 6 7 8 9 9 8 9 10 11
  12 12 13 13 14 5 5 5 6 7 8 8 7 8 9 10 11 11 12 12 13 4 4 4 5 6 7 7 6 7 8 9 10
  10 11 11 12 3 3 3 4 5 6 6 5 6 7 8 9 9 10 10 11 2 2 2 3 4 5 5 4 5 6 7 8 8 9 9
  10 1 1 1 2 3 4 4 3 4 5 6 7 7 8 8 9 0 0 0 1 2 3 3 2 3 4 5 6 6 7 7 8 0 0 0 0 1
  2 2 1 2 3 4 5 5 6 6 7 0 0 0 0 0 1 1 0 1 2 3 4 4 5 5 6 0 0 0 0 0 0 0 0 0 1 2 3
  3 4 4 5 0 0 0 0 0 0 0 0 0 0 1 2 2 3 3 4 0 0 0 0 0 0 0 0 0 0 0 1 1 2 2 3 0 0 0
  0 0 0 0 0 0 0 1 1 1 1 2 2) 