
#(0 0 0 0 0 0 0 0 0 0 0 0 0 0 0 0 0 0 0 0 0 0 0 0 0 0 0 0 0 0 0 0 0 0 0 0 0 0 0
  0 0 0 0 0 0 0 0 0 0 0 0 0 0 0 0 0 0 0 0 0 0 0 0 0 0 0 0 0 0 0 0 0 0 0 0 0 0 0
  0 0 0 0 0 0 0 0 0 0 0 0 0 0 0 0 0 0 0 0 0 0 0 0 0 0 0 0 0 0 0 0 0 0 0 0 0 0 0
  0 0 0 0 0 0 0 0 0 0 0 0 0 0 0 0 0 0 0 0 0 0 0 0 0 0 0 0 0 0 0 0 0 0 0 0 0 0 0
  0 0 0 0 0 0 0 0 0 0 0 0 0 0 0 0 0 0 0 0 0 0 0 0 0 0 0 0 0 0 0 0 0 0 0 0 0 0 0
  0 0 0 0 0 0 0 0 0 0 0 0 0 0 0 0 0 0 0 0 0 0 0 0 0 0 0 0 0 0 0 0 0 0 0 0 0 0 0
  0 0 0 0 0 0 0 0 0 0 0 0 0 0 0 0 0 0 0 0 0 0 0 0 0 0 0 0 0 0 0 0 0 0 0 0 0 0 0
  0 0 0 0 0 0 0 0 0 0 0 0 0 0 0 0 0 0 0 0 0 0 0 0 0 0 0 0 0 0 0 0 0 0 0 0 0 0 0
  0 0 0 0 0 0 0 0 0 0 0 0 0 0 0 0 0 0 0 0 0 0 0 0 0 0 0 0 0 0 0 0 0 0 0 0 0 0 0
  0 0 0 0 0 0 0 0 0 0 0 0 0 0 0 0 0 0 0 0 0 0 0 0 0 0 0 0 0 0 0 0 0 0 0 0 0 0 0
  0 0 0 0 0 0 0 0 0 0 0 0 0 0 0 0 0 0 0 0 0 0 0 0 0 0 0 0 0 0 0 0 0 0 0 0 0 0 0
  0 0 0 0 0 0 0 0 0 0 0 0 0 0 0 0 0 0 0 0 0 0 0 0 0 0 0 0 0 0 0 0 0 0 0 0 0 0 0
  0 0 0 0 0 0 0 0 0 0 0 0 0 0 0 0 0 0 0 0 0 0 0 0 0 0 0 0 0 0 0 0 0 0 0 0 0 0 0
  0 0 0 0 0 0 0 0 0 0 0 0 0 0 0 0 0 0 0 0 0 0 0 0 0 0 0 0 0 0 0 0 0 0 0 0 0 0 0
  0 0 0 0 0 0 0 0 0 0 0 0 0 0 0 0 0 0 0 0 0 0 0 0 0 0 0 0 0 0 0 0 0 0 0 0 0 0 0
  0 0 0 0 0 0 0 0 0 0 0 0 0 0 0 0 0 0 0 0 0 0 0 0 0 0 0 0 0 0 0 0 0 0 0 0 0 0 0
  0 0 0 0 0 0 0 0 0 0 0 0 0 0 0 0 0 0 0 0 0 0 0 0 0 0 0 0 0 0 0 0 0 0 0 0 0 0 0
  0 0 0 0 0 0 0 0 0 0 0 0 0 0 0 0 0 0 0 0 0 0 0 0 0 0 0 0 0 0 0 0 0 0 0 0 0 0 0
  0 0 0 0 0 0 0 0 0 0 0 0 0 0 0 0 0 0 0 0 0 0 0 0 0 0 0 0 0 0 0 0 0 0 0 0 0 0 0
  0 0 0 0 0 0 0 0 0 0 0 0 0 0 0 0 0 0 0 0 0 0 0 0 0 0 0 0 0 0 0 0 0 0 0 0 0 0 0
  0 0 0 0 0 0 0 0 0 0 0 0 0 0 0 0 0 0 0 0 0 0 0 0 0 0 0 0 0 0 0 0 0 0 0 0 0 0 0
  0 0 0 0 0 0 0 0 0 0 0 0 0 0 0 0 0 0 0 0 0 0 0 0 0 0 0 0 0 0 0 0 0 0 0 0 0 0 0
  0 0 0 0 0 0 0 0 0 0 0 0 0 0 0 0 0 0 0 0 0 0 0 0 0 0 0 0 0 0 0 0 0 0 0 0 0 0 0
  0 0 0 0 0 0 0 0 0 0 0 0 0 0 0 0 0 0 0 0 0 0 0 0 0 0 0 0 0 0 0 0 0 0 0 0 0 0 0
  0 0 0 0 0 0 0 0 0 0 0 0 0 0 0 0 0 0 0 0 0 0 0 0 0 0 0 0 0 0 0 0 0 0 0 0 0 0 0
  0 0 0 0 0 0 0 0 0 0 0 0 0 0 0 0 0 0 0 0 0 0 0 0 0 0 0 0 0 0 0 0 1 0 0 0 0 0 0
  0 0 0 0 0 0 0 1 1 1 0 0 0 0 0 0 0 0 0 0 0 0 0 0 0 0 0 0 0 0 0 0 0 0 0 0 0 0 0
  0 0 0 0 0 0 0 0 0 0 0 0 0 0 0 0 0 0 0 0 0 0 0 0 0 0 0 0 0 0 0 0 0 0 0 0 0 0 0
  0 0 0 0 0 0 0 0 0 0 0 0 0 0 0 0 0 0 0 0 0 0 0 0 0 0 0 0 0 0 0 0 0 0 0 0 0 0 0
  0 0 0 0 0 0 0 0 0 0 0 0 0 0 0 0 0 0 0 0 0 0 0 0 0 0 0 0 0 0 0 0 0 0 0 0 1 0 0
  0 0 0 0 0 0 0 0 0 0 0 0 1 1 0 0 0 0 0 0 0 0 0 0 0 0 0 1 1 1 0 0 0 0 0 0 0 0 0
  0 0 0 3 1 1 1 0 0 0 0 0 0 0 0 0 0 0 3 3 1 1 1 0 0 0 0 0 0 0 0 0 0 3 3 1 1 1 1
  0 0 0 0 0 0 0 0 3 3 3 3 1 1 1 1 0 0 0 0 0 0 0 3 3 3 3 3 1 1 1 1 0 0 0 0 0 0 0
  0 0 0 0 0 0 0 0 0 0 0 0 0 0 0 0 0 0 0 0 0 0 0 0 0 0 0 0 0 0 0 0 0 0 0 0 0 0 0
  0 0 0 0 0 0 0 0 0 0 0 0 0 0 0 0 0 3 0 0 0 0 0 0 0 0 0 0 0 0 0 0 3 3 0 0 0 0 0
  0 0 0 0 0 0 0 0 3 3 1 0 0 0 0 0 0 0 0 0 0 0 0 3 3 3 1 0 0 0 0 0 0 0 0 0 0 0 3
  3 3 3 3 0 0 0 0 0 0 0 0 0 0 3 3 3 3 3 3 0 0 0 0 0 0 0 0 0 3 3 3 3 3 3 3 0 0 0
  0 0 0 0 0 0 3 3 3 3 3 3 3 0 0 0 0 0 0 0 0 0 3 3 3 3 3 3 3 0 0 0 0 0 0 0 0 0 3
  3 3 3 3 3 1 0 0 0 0 0 0 0 0 0 3 3 3 3 3 3 1 0 0 0 0 0 0 0 0 2 3 3 3 3 3 3 3 0
  0 0 0 0 0 0 24 2 3 3 3 3 3 3 3 0 0 0 0 0 0 0 0 0 0 0 0 0 0 0 0 0 0 0 0 0 0 0
  0 0 0 0 0 0 0 0 0 0 0 0 0 0 0 0 0 0 0 0 0 0 0 0 0 0 0 0 0 0 0 0 0 0 0 0 0 0 0
  0 24 0 0 0 0 0 0 0 0 0 0 0 0 0 0 2 24 0 0 0 0 0 0 0 0 0 0 0 0 0 2 3 24 0 0 0
  0 0 0 0 0 0 0 0 0 2 2 3 3 0 0 0 0 0 0 0 0 0 0 0 24 2 3 3 3 0 0 0 0 0 0 0 0 0
  0 24 24 24 3 3 3 0 0 0 0 0 0 0 0 0 24 24 24 24 3 3 3 0 0 0 0 0 0 0 0 0 24 24
  24 24 3 3 3 0 0 0 0 0 0 0 0 0 24 24 24 2 3 3 3 0 0 0 0 0 0 0 0 0 24 24 24 2 3
  3 3 0 0 0 0 0 0 0 0 0 24 24 24 3 3 3 3 0 0 0 0 0 0 0 0 0 24 24 2 3 3 3 3 0 0
  0 0 0 0 0 0 0 24 24 2 3 3 3 3 0 0 0 0 0 0 0 0 0 0 0 0 0 0 0 0 0 0 0 0 0 0 0 0
  0 0 0 0 0 0 0 0 0 0 0 0 0 0 0 0 0 0 0 0 0 0 0 0 0 0 0 0 0 0 0 0 0 0 0 0 0 0 0
  0 0 0 0 0 0 0 0 0 0 0 0 0 0 0 0 24 0 0 0 0 0 0 0 0 0 0 0 0 0 0 2 24 0 0 0 0 0
  0 0 0 0 0 0 0 0 0 2 24 0 0 0 0 0 0 0 0 0 0 0 0 0 2 2 24 0 0 0 0 0 0 0 0 0 0 0
  0 0 2 2 24 0 0 0 0 0 0 0 0 0 0 0 0 0 2 2 24 0 0 0 0 0 0 0 0 0 0 0 0 0 2 2 24
  0 0 0 0 0 0 0 0 0 0 0 0 0 24 24 24 0 0 0 0 0 0 0 0 0 0 0 0 0 24 24 24 0 0 0 0
  0 0 0 0 0 0 0 0 24 24 24 24 0 0 0 0 0 0 0 0 0 0 0 0 24 24 24 24 0 0 0 0 0 0 0
  0 0 0 0 0 24 24 24 2 0 0 0 0 0 0 0 0 0 0 0 0 0 0 0 0 0 0 0 0 0 0 0 0 0 0 0 0
  0 0 0 0 0 0 0 0 0 0 0 0 0 0 0 0 0 0 0 0 0 0 0 0 0 0 0 0 0 0 0 0 0 0 0 0 0 0 0
  0 0 0 0 0 0 0 0 0 0 0 0 0 0 0 0 0 0 0 0 0 0 0 0 0 0 0 0 24 0 0 0 0 0 0 0 0 0
  0 0 0 0 0 0 24 0 0 0 0 0 0 0 0 0 0 0 0 0 0 0 0 0 0 0 0 0 0 0 0 0 0 0 0 0 0 0
  0 0 0 0 0 0 0 0 0 0 0 0 0 0 0 0 0 0 0 0 0 0 0 0 0 0 0 0 0 0 0 0 0 0 0 0 0 0 0
  0 0 0 0 0 0 0 0 0 0 0 0 0 0 0 0 0 0 0 0 0 0 0 0 0 24 0 0 0 0 0 0 0 0 0 0 0 0
  0 0 0 24 0 0 0 0 0 0 0 0 0 0 0 0 0 0 0 0 0 0 0 0 0 0 0 0 0 0 0 0 0 0 0 0 0 0
  0 0 0 0 0 0 0 0 0 0 0 0 0 0 0 0 0 0 0 0 0 0 0 0 0 0 0 0 0 0 0 0 0 0 0 0 0 0 0
  0 0 0 0 0 0 0 0 0 0 0 0 0 0 0 0 0 0 0 0 0 0 0 0 0 0 0 0 0 0 0 0 0 0 0 0 0 0 0
  0 0 0 0 0 0 0 0 0 0 0 0 0 0 0 0 0 0 0 0 0 0 0 0 0 0 0 0 0 0 0 0 0 0 0 0 0 0 0
  0 0 0 0 0 0 0 0 0 0 0 0 0 0 0 0 0 0 0 0 0 0 0 0 0 0 0 0 0 0 0 0 0 0 0 0 0 0 0
  0 0 0 0 0 0 0 0 0 0 0 0 0 0 0 0 0 0 0 0 0 0 0 0 0 0 0 0 0 0 0 0 0 0 0 0 0 0 0
  0 0 0 0 0 0 0 0 0 0 0 0 0 0 0 0 0 0 0 0 0 0 0 0 0 0 0 0 0 0 0 0 0 0 0 0 0 0 0
  0 0 0 0 0 0 0 0 0 0 0 0 0 0 0 0 0 0 0 0 0 0 0 0 0 0 0 0 0 0 0 0 0 0 0 0 0 0 0
  0 0 0 0 0 0 0 0 0 0 0 0 0 0 0 0 0 0 0 0 0 0 0 0 0 0 0 0 0 0 0 0 0 0 0 0 0 0 0
  0 0 0 0 0 0 0 0 0 0 0 0 0 0 0 0 0 0 0 0 0 0 0 0 0 0 0 0 0 0 0 0 0 0 0 0 0 0 0
  0 0 0 0 0 0 0 0 0 0 0 0 0 0 0 0 0 0 0 0 0 0 0 0 0 0 0 0 0 0 0 0 0 0 0 0 0 0 0
  0 0 0 0 0 0 0 0 0 0 0 0 0 0 0 0 0 0 0 0 0 0 0 0 0 0 0 0 0 0 0 0 0 0 0 0 0 0 0
  0 0 0 0 0 0 0 0 0 0 0 0 0 0 0 0 0 0 0 0 0 0 0 0 0 0 0 0 0 0 0 0 0 0 0 0 0 0 0
  0 0 0 0 0 0 0 0 0 0 0 0 0 0 0 0 0 0 0 0 0 0 0 0 0 0 0 0 0 0 0 0 0 0 0 0 0 0 0
  0 0 0 0 0 0 0 0 0 0 0 0 0 0 0 0 0 0 0 0 0 0 0 0 0 0 0 0 0 0 0 0 0 0 0 0 0 0 0
  0 0 0 0 0 0 0 0 0 0 0 0 0 0 0 0 0 0 0 0 0 0 0 0 0 0 0 0 0 0 0 0 0 0 0 0 0 0 0
  0 0 0 0 0 0 0 0 0 0 0 0 0 0 0 0 0 0 0 0 0 0 0 0 0 0 0 0 0 0 0 0 0 0 0 0 0 0 0
  0 0 0 0 0 0 0 0 0 0 0 0 0 0 0 0 0 0 0 0 0 0 0 0 0 0 0 0 0 0 0 0 0 0 0 0 0 0 0
  0 0 0 0 0 0 0 0 0 0 0 0 0 0 0 0 0 0 0 0 0 0 0 0 0 0 0 0 0 0 0 0 0 0 0 0 0 0 0
  0 0 0 0 0 0 0 0 0 0 0 0 0 0 0 0 0 0 0 0 0 0 0 0 0 0 0 0 0 0 0 0 0 0 0 0 0 0 0
  0 0 0 0 0 0 0 0 0 0 0 0 0 0 0 0 0 0 0 0 0 0 0 0 0 0 0 0 0 0 0 0 0 0 0 0 0 0 0
  0 0 0 0 0 0 0 0 0 0 0 0 0 0 0 0 0 0 0 0 0 0 0 0 0 0 0 0 0 0 0 0 0 0 0 0 0 0 0
  0 0 0 0 0 0 0 0 0 0 0 0 0 0 0 0 0 0 0 0 0 0 0 0 0 0 0 0 0 0 0 0 0 0 0 0 0 0 0
  0 0 0 0 0 0 0 0 0 0 0 0 0 0 0 0 0 0 0 0 0 0 0 0 0 0 0 0 0 0 0 0 0 0 0 0 0 0 0
  0 0 0 0 0 0 0 0 0 0 0 0 0 0 0 0 0 0 0 0 0 0 0 0 0 0 0 0 0 0 0 0 0 0 0 0 0 0 0
  0 0 0 0 0 0 0 0 0 0 0 0 0 0 0 0 0 0 0 0 0 0 0 0 0 0 0 0 0 0 0 0 0 0 0 0 0 0 0
  0 0 0 0 0 0 0 0 0 0 0 0 0 0 0 0 0 0 0 0 0 0 0 0 0 0 0 0 0 0 0 0 0 0 0 0 0 0 0
  0 0 0 0 0 0 0 0 0 0 0 0 0 0 0 0 0 0 0 0 0 0 0 0 0 0 0 0 0 0 0 0 0 0 0 0 0 0 0
  0 0 0 0 0 0 0 0 0 0 0 0 0 0 0 0 0 0 0 0 0 0 0 0 0 0 0 0 0 0 0 0 0 0 0 0 0 0 0
  0 0 0 0 0 0 0 0 0 0 0 0 0 0 0 0 0 0 0 0 0 0 0 0 0 0 0 0 0 0 0 0 0 0 0 0 0 0 0
  0 0 0 0 0 0 0 0 0 0 0 0 0 0 0 0 0 0 0 0 0 0 0 0 0 0 0 0 0 0 0 0 0 0 0 0 0 0 0
  0 0 0 0 0 0 0 0 0 0 0 0 0 0 0 0 0 0 0 0 0 0 0 0 0 0 0 0 0 0 0 0 0 0 0 0 0 0 0
  0 0 0 0 0 0 0 0 0 0 0 0 0 0 0 0 0 0 0 0 0 0 0 0 0 0 0 0 0 0 0 0 0 0 0 0 0 0 0
  0 0 0 0 0 0 0 0 0 0 0 0 0 0 0 0 0 0 0 0 0 0 0 0 0 0 0 0 0 0 0 0 0 0 0 0 0 0 0
  0 0 0 0 0 0 0 0 0 0 0 0 0 0 0 0 0 0 0 0 0 0 0 0 0 0 0 0 0 0 0 0 0 0 0 0 0 0 0
  0 0 0 0 0 0 0 0 0 0 0 0 0 0 0 0 0 0 0 0 0 0 0 0 0 0 0 0 0 0 0 0 0 0 0 0 0 0 0
  0 0 0 0 0 0 0 0 0 0 0 0 0 0 0 0 0 0 0 0 0 0 0 0 0 0 0 0 0 0 0 0 0 0 0 0 0 0 0
  0 0 0 0 0 0 0 0 0 0 0 0 0 0 0 0 0 0 0 0 0 0 0 0 0 0 0 0 0 0 0 0 0 0 0 0 0 0 0
  0 0 0 0 0 0 0 0 0 0 0 0 0 0 0 0 0 0 0 0 0 0 0 0 0 0 0 0 0 0 0 0 0 0 0 0 0 0 0
  0 0 0 0 0 0 0 0 0 0 0 0 0 0 0 0 0 0 0 0 1 1 0 0 0 0 0 0 0 0 0 0 0 0 0 0 1 1 0
  0 0 0 0 0 0 0 0 0 0 0 0 0 0 0 0 0 0 0 0 0 0 0 0 0 0 0 0 0 0 0 0 0 0 0 0 0 0 0
  0 0 0 0 0 0 0 0 0 0 0 0 0 0 0 0 0 0 0 0 0 0 0 0 0 0 0 0 0 0 0 0 0 0 0 0 0 0 0
  0 0 0 0 0 0 0 0 0 0 0 0 0 0 0 0 0 0 0 0 0 0 0 0 0 0 0 0 0 0 0 0 0 0 0 0 0 0 0
  0 0 0 0 0 0 0 0 0 0 0 0 0 0 0 0 0 0 0 0 0 0 0 0 0 0 0 0 0 0 0 0 0 0 0 0 0 0 0
  0 0 0 0 0 0 0 0 0 0 0 0 0 0 0 0 0 0 0 0 0 0 0 0 0 0 0 0 0 0 0 0 0 0 0 0 0 0 0
  0 0 0 0 0 0 0 0 0 0 0 0 0 0 0 0 0 0 0 0 0 0 0 0 0 0 3 1 1 1 1 0 0 0 0 0 0 0 0
  0 0 0 1 1 1 1 1 0 0 0 0 0 0 0 0 0 0 0 1 1 3 1 0 0 0 0 0 0 0 0 0 0 0 0) 
#(0 0 0 0 0 0 0 0 0 0 0 0 0 0 0 0 0 0 0 0 0 0 0 0 0 0 0 0 0 0 0 0 0 0 0 0 0 0 0
  0 0 0 0 0 0 0 0 0 0 0 0 0 0 0 0 0 0 0 0 0 0 0 0 0 0 0 0 0 0 0 0 0 0 0 0 0 0 0
  0 0 0 0 0 0 0 0 0 0 0 0 0 0 0 0 0 0 0 0 0 0 0 0 0 0 0 0 0 0 0 0 0 0 0 0 0 0 0
  0 0 0 0 0 0 0 0 0 0 0 0 0 0 0 0 0 0 0 0 0 0 0 0 0 0 0 0 0 0 0 0 0 0 0 0 0 0 0
  0 0 0 0 0 0 0 0 0 0 0 0 0 0 0 0 0 0 0 0 0 0 0 0 0 0 0 0 0 0 0 0 0 0 0 0 0 0 0
  0 0 0 0 0 0 0 0 0 0 0 0 0 0 0 0 0 0 0 0 0 0 0 0 0 0 0 0 0 0 0 0 0 0 0 0 0 0 0
  0 0 0 0 0 0 0 0 0 0 0 0 0 0 0 0 0 0 0 0 0 0 0 0 0 0 0 0 0 0 0 0 0 0 0 0 0 0 0
  0 0 0 0 0 0 0 0 0 0 0 0 0 0 0 0 0 0 0 0 0 0 0 0 0 0 0 0 0 0 0 0 0 0 0 0 0 0 0
  0 0 0 0 0 0 0 0 0 0 0 0 0 0 0 0 0 0 0 0 0 0 0 0 0 0 0 0 0 0 0 0 0 0 0 0 0 0 0
  0 0 0 0 0 0 0 0 0 0 0 0 0 0 0 0 0 0 0 0 0 0 0 0 0 0 0 0 0 0 0 0 0 0 0 0 0 0 0
  0 0 0 0 0 0 0 0 0 0 0 0 0 0 0 0 0 0 0 0 0 0 0 0 0 0 0 0 0 0 0 0 0 0 0 0 0 0 0
  0 0 0 0 0 0 0 0 0 0 0 0 0 0 0 0 0 0 0 0 0 0 0 0 0 0 0 0 0 0 0 0 0 0 0 0 0 0 0
  0 0 0 0 0 0 0 0 0 0 0 0 0 0 0 0 0 0 0 0 0 0 0 0 0 0 0 0 0 0 0 0 0 0 0 0 0 0 0
  0 0 0 0 0 0 0 0 0 0 0 0 0 0 0 0 0 0 0 0 0 0 0 0 0 0 0 0 0 0 0 0 0 0 0 0 0 0 0
  0 0 0 0 0 0 0 0 0 0 0 0 0 0 0 0 0 0 0 0 0 0 0 0 0 0 0 0 0 0 0 0 0 0 0 0 0 0 0
  0 0 0 0 0 0 0 0 0 0 0 0 0 0 0 0 0 0 0 0 0 0 0 0 0 0 0 0 0 0 0 0 0 0 0 0 0 0 0
  0 0 0 0 0 0 0 0 0 0 0 0 0 0 0 0 0 0 0 0 0 0 0 0 0 0 0 0 0 0 0 0 0 0 0 0 0 0 0
  0 0 0 0 0 0 0 0 0 0 0 0 0 0 0 0 0 0 0 0 0 0 0 0 0 0 0 0 0 0 0 0 0 0 0 0 0 0 0
  0 0 0 0 0 0 0 0 0 0 0 0 0 0 0 0 0 0 0 0 0 0 0 0 0 0 0 0 0 0 0 0 0 0 0 0 0 0 0
  0 0 0 0 0 0 0 0 0 0 0 0 0 0 0 0 0 0 0 0 0 0 0 0 0 0 0 0 0 0 0 0 0 0 0 0 0 0 0
  0 0 0 0 0 0 0 0 0 0 0 0 0 0 0 0 0 0 0 0 0 0 0 0 0 0 0 0 0 0 0 0 0 0 0 0 0 0 0
  0 0 0 0 0 0 0 0 0 0 0 0 0 0 0 0 0 0 0 0 0 0 0 0 0 0 0 0 0 0 0 0 0 0 0 0 0 0 0
  0 0 0 0 0 0 0 0 0 0 0 0 0 0 0 0 0 0 0 0 0 0 0 0 0 0 0 0 0 0 0 0 0 0 0 0 0 0 0
  0 0 0 0 0 0 0 0 0 0 0 0 0 0 0 0 0 0 0 0 0 0 0 0 0 0 0 0 0 0 0 0 0 0 0 0 0 0 0
  0 0 0 0 0 0 0 0 0 0 0 0 0 0 0 0 0 0 0 0 0 0 0 0 0 0 0 0 0 0 0 0 0 0 0 0 0 0 0
  0 0 0 0 0 0 0 0 0 0 0 0 0 0 0 0 0 0 0 0 0 0 0 0 0 0 0 0 0 0 0 0 0 0 0 0 0 0 0
  0 0 0 0 0 0 0 0 0 0 0 0 0 0 0 0 0 0 0 0 0 0 0 0 0 0 0 0 0 0 0 0 0 0 0 0 0 0 0
  0 0 0 0 0 0 0 0 0 0 0 0 0 0 0 0 0 0 0 0 0 0 0 0 0 0 0 0 0 0 0 0 0 0 0 0 0 0 0
  0 0 0 0 0 0 0 0 0 0 0 0 0 0 0 0 0 0 0 0 0 0 0 0 0 0 0 0 0 0 0 0 0 0 0 0 0 0 0
  0 0 0 0 0 0 0 0 0 0 0 0 0 0 0 0 0 0 0 0 0 0 0 0 0 0 0 0 0 0 0 0 0 0 0 0 0 0 0
  0 0 0 0 0 0 0 0 0 0 0 0 0 0 0 0 0 0 0 0 0 0 0 0 0 0 0 0 0 0 0 0 0 0 0 0 0 0 0
  0 0 0 0 0 0 0 0 0 0 0 0 0 0 0 0 0 0 0 0 0 0 0 0 0 0 0 0 0 0 0 0 0 0 0 0 0 0 0
  0 0 0 0 0 0 0 0 0 0 0 0 0 0 0 0 0 0 0 0 0 0 0 0 0 0 0 0 0 0 0 0 0 0 0 0 0 0 0
  0 0 0 0 0 0 0 0 0 0 0 0 0 0 0 0 0 0 0 0 0 0 0 0 0 0 0 0 0 0 0 0 0 0 0 0 0 0 0
  0 0 0 0 0 0 0 0 0 0 0 0 0 0 0 0 0 0 0 0 0 0 0 0 0 0 0 0 0 0 0 0 0 0 0 0 0 0 0
  0 0 0 0 0 0 0 0 0 0 0 0 0 0 0 0 0 0 0 0 0 0 0 0 0 0 0 0 0 0 0 0 0 0 0 0 0 0 0
  0 0 0 0 0 0 0 0 0 0 0 0 0 0 0 0 0 0 0 0 0 0 0 0 0 0 0 0 0 0 0 0 0 0 0 0 0 0 0
  0 0 0 0 0 0 0 0 0 0 0 0 0 0 0 0 0 0 0 0 0 0 0 0 0 0 0 0 0 0 0 0 0 0 0 0 0 0 0
  0 0 0 0 0 0 0 0 0 0 0 0 0 0 0 0 0 0 0 0 0 0 0 0 0 0 0 0 0 0 0 0 0 0 0 0 0 0 0
  0 0 0 0 0 0 0 0 0 0 0 0 0 0 0 0 0 0 0 0 0 0 0 0 0 0 0 0 0 0 0 0 0 0 0 0 0 0 0
  0 0 0 0 0 0 0 0 0 0 0 0 0 0 0 0 0 0 0 0 0 0 0 0 0 0 0 0 0 0 0 0 0 0 0 0 0 0 0
  0 0 0 0 0 0 0 0 0 0 0 0 0 0 0 0 0 0 0 0 0 0 0 0 0 0 0 0 0 0 0 0 0 0 0 0 0 0 0
  0 0 0 0 0 0 0 0 0 0 0 0 0 0 0 0 0 0 0 0 0 0 0 0 0 0 0 0 0 0 0 0 0 0 0 0 0 0 0
  0 0 0 0 0 0 0 0 0 0 0 0 0 0 0 0 0 0 0 0 0 0 0 0 0 0 0 0 0 0 0 0 0 0 0 0 0 0 0
  0 0 0 0 0 0 0 0 0 0 0 0 0 0 0 0 0 0 0 0 0 0 0 0 0 0 0 0 0 0 0 0 0 0 0 0 0 0 0
  0 0 0 0 0 0 0 0 0 0 0 0 0 0 0 0 0 0 0 0 0 0 0 0 0 0 0 0 0 0 0 0 0 0 0 0 0 0 0
  0 0 0 0 0 0 0 0 0 0 0 0 0 0 0 0 0 0 0 0 0 0 0 0 0 0 0 0 0 0 0 0 0 0 0 0 0 0 0
  0 0 0 0 0 0 0 0 0 0 0 0 0 0 0 0 0 0 0 0 0 0 0 0 0 0 0 0 0 0 0 0 0 0 0 0 0 0 0
  0 0 0 0 0 0 0 0 0 0 0 0 0 0 0 0 0 0 0 0 0 0 0 0 0 0 0 0 0 0 0 0 0 0 0 0 0 0 0
  0 0 0 0 0 0 0 0 0 0 0 0 0 0 0 0 0 0 0 0 0 0 0 0 0 0 0 0 0 0 0 0 0 0 0 0 0 0 0
  0 0 0 0 0 0 0 0 0 0 0 0 0 0 0 0 0 0 0 0 0 0 0 0 0 0 0 0 0 0 0 0 0 0 0 0 0 0 0
  0 0 0 0 0 0 0 0 0 0 0 0 0 0 0 0 0 0 0 0 0 0 0 0 0 0 0 0 0 0 0 0 0 0 0 0 0 0 0
  0 0 0 0 0 0 0 0 0 0 0 0 0 0 0 0 0 0 0 0 0 0 0 0 0 0 0 0 0 0 0 0 0 0 0 0 0 0 0
  0 0 0 0 0 0 0 0 0 0 0 0 0 0 0 0 0 0 0 0 0 0 0 0 0 0 0 0 0 0 0 0 0 0 0 0 0 0 0
  0 0 0 0 0 0 0 0 0 0 0 0 0 0 0 0 0 0 0 0 0 0 0 0 0 0 0 0 0 0 0 0 0 0 0 0 0 0 0
  0 0 0 0 0 0 0 0 0 0 0 0 0 0 0 0 0 0 0 0 0 0 0 0 0 0 0 0 0 0 0 0 0 0 0 0 0 0 0
  0 0 0 0 0 0 0 0 0 0 0 0 0 0 0 0 0 0 0 0 0 0 0 0 0 0 0 0 0 0 0 0 0 0 0 0 0 0 0
  0 0 0 0 0 0 0 0 0 0 0 0 0 0 0 0 0 0 0 0 0 0 0 0 0 0 0 0 0 0 0 0 0 0 0 0 0 0 0
  0 0 0 0 0 0 0 0 0 0 0 0 0 0 0 0 0 0 0 0 0 0 0 0 0 0 0 0 0 0 0 0 0 0 0 0 0 0 0
  0 0 0 0 0 0 0 0 0 0 0 0 0 0 0 0 0 0 0 0 0 0 0 0 0 0 0 0 0 0 0 0 0 0 0 0 0 0 0
  0 0 0 0 0 0 0 0 0 0 0 0 0 0 0 0 0 0 0 0 0 0 0 0 0 0 0 0 0 0 0 0 0 0 0 0 0 0 0
  0 0 0 0 0 0 0 0 0 0 0 0 0 0 0 0 0 0 0 0 0 0 0 0 0 0 0 0 0 0 0 0 0 0 0 0 0 0 0
  0 0 0 0 0 0 0 0 0 0 0 0 0 0 0 0 0 0 0 0 0 0 0 0 0 0 0 0 0 0 0 0 0 0 0 0 0 0 0
  0 0 0 0 0 0 0 0 0 0 0 0 0 0 0 0 0 0 0 0 0 0 0 0 0 0 0 0 0 0 0 0 0 0 0 0 0 0 0
  0 0 0 0 0 0 0 0 0 0 0 0 0 0 0 0 0 0 0 0 0 0 0 0 0 0 0 0 0 0 0 0 0 0 0 0 0 0 0
  0 0 0 0 0 0 0 0 0 0 0 0 0 0 0 0 0 0 0 0 0 0 0 0 0 0 0 0 0 0 0 0 0 0 0 0 0 0 0
  0 0 0 0 0 0 0 0 0 0 0 0 0 0 0 0 0 0 0 0 0 0 0 0 0 0 0 0 0 0 0 0 0 0 0 0 0 0 0
  0 0 0 0 0 0 0 0 0 0 0 0 0 0 0 0 0 0 0 0 0 0 0 0 0 0 0 0 0 0 0 0 0 0 0 0 0 0 0
  0 0 0 0 0 0 0 0 0 0 0 0 0 0 0 0 0 0 0 0 0 0 0 0 0 0 0 0 0 0 0 0 0 0 0 0 0 0 0
  0 0 0 0 0 0 0 0 0 0 0 0 0 0 0 0 0 0 0 0 0 0 0 0 0 0 0 0 0 0 0 0 0 0 0 0 0 0 0
  0 0 0 0 0 0 0 0 0 0 0 0 0 0 0 0 0 0 0 0 0 0 0 0 0 0 0 0 0 0 0 0 0 0 0 0 0 0 0
  0 0 0 0 0 0 0 0 0 0 0 0 0 0 0 0 0 0 0 0 0 0 0 0 0 0 0 0 0 0 0 0 0 0 0 0 0 0 0
  0 0 0 0 0 0 0 0 0 0 0 0 0 0 0 0 0 0 0 0 0 0 0 0 0 0 0 0 0 0 0 0 0 0 0 0 0 0 0
  0 0 0 0 0 0 0 0 0 0 0 0 0 0 0 0 0 0 0 0 0 0 0 0 0 0 0 0 0 0 0 0 0 0 0 0 0 0 0
  0 0 0 0 0 0 0 0 0 0 0 0 0 0 0 0 0 0 0 0 0 0 0 0 0 0 0 0 0 0 0 0 0 0 0 0 0 0 0
  0 0 0 0 0 0 0 0 0 0 0 0 0 0 0 0 0 0 0 0 0 0 0 0 0 0 0 0 0 0 0 0 0 0 0 0 0 0 0
  0 0 0 0 0 0 0 0 0 0 0 0 0 0 0 0 0 0 0 0 0 0 0 0 0 0 0 0 0 0 0 0 0 0 0 0 0 0 0
  0 0 0 0 0 0 0 0 0 0 0 0 0 0 0 0 0 0 0 0 0 0 0 0 0 0 0 0 0 0 0 0 0 0 0 0 0 0 0
  0 0 0 0 0 0 0 0 0 0 0 0 0 0 0 0 0 0 0 0 0 0 0 0 0 0 0 0 0 0 0 0 0 0 0 0 0 0 0
  0 0 0 0 0 0 0 0 0 0 0 0 0 0 0 0 0 0 0 0 0 0 0 0 0 0 0 0 0 0 0 0 0 0 0 0 0 0 0
  0 0 0 0 0 0 0 0 0 0 0 0 0 0 0 0 0 0 0 0 0 0 0 0 0 0 0 0 0 0 0 0 0 0 0 0 0 0 0
  0 0 0 0 0 0 0 0 0 0 0 0 0 0 0 0 0 0 0 0 0 0 0 0 0 0 0 0 0 0 0 0 0 0 0 0 0 0 0
  0 0 0 0 0 0 0 0 0 0 0 0 0 0 0 0 0 0 0 0 0 0 0 0 0 0 0 0 0 0 0 0 0 0 0 0 0 0 0
  0 0 0 0 0 0 0 0 0 0 0 0 0 0 0 0 0 0 0 0 0 0 0 0 0 0 0 0 0 0 0 0 0 0 0 0 0 0 0
  0 0 0 0 0 0 0 0 0 0 0 0 0 0 0 0 0 0 0 0 0 0 0 0 0 0 0 0 0 0 0 0 0 0 0 0 0 0 0
  0 0 0 0 0 0 0 0 0 0 0 0 0 0 0 0 0 0 0 0 0 0 0 0 0 0 0 0 0 0 0 0 0 0 0 0 0 0 0
  0 0 0 0 0 0 0 0 0 0 0 0 0 0 0 0 0 0 0 0 0 0 0 0 0 0 0 0 0 0 0 0 0 0 0 0 0 0 0
  0 0 0 0 0 0 0 0 0 0 0 0 0 0 0 0 0 0 0 0 0 0 0 0 0 0 0 0 0 0 0 0 0 0 0 0 0 0 0
  0 0 0 0 0 0 0 0 0 0 0 0 0 0 0 0 0 0 0 0 0 0 0 0 0 0 0 0 0 0 0 0 0 0 0 0 0 0 0
  0 0 0 0 0 0 0 0 0 0 0 0 0 0 0 0 0 0 0 0 0 0 0 0 0 0 0 0 0 0 0 0 0 0 0 0 0 0 0
  0 0 0 0 0 0 0 0 0 0 0 0 0 0 0 0 0 0 0 0 0 0 0 0 0 0 0 0 0 0 0 0 0 0 0 0 0 0 0
  0 0 0 0 0 0 0 0 0 0 0 0 0 0 0 0 0 0 0 0 0 0 0 0 0 0 0 0 0 0 0 0 0 0 0 0 0 0 0
  0 0 0 0 0 0 0 0 0 0 0 0 0 0 0 0 0 0 0 0 0 0 0 0 0 0 0 0 0 0 0 0 0 0 0 0 0 0 0
  0 0 0 0 0 0 0 0 0 0 0 0 0 0 0 0 0 0 0 0 0 0 0 0 0 0 0 0 0 0 0 0 0 0 0 0 0 0 0
  0 0 0 0 0 0 0 0 0 0 0 0 0 0 0 0 0 0 0 0 0 0 0 0 0 0 0 0 0 0 0 0 0 0 0 0 0 0 0
  0 0 0 0 0 0 0 0 0 0 0 0 0 0 0 0 0 0 0 0 0 0 0 0 0 0 0 0 0 0 0 0 0 0 0 0 0 0 0
  0 0 0 0 0 0 0 0 0 0 0 0 0 0 0 0 0 0 0 0 0 0 0 0 0 0 0 0 0 0 0 0 0 0 0 0 0 0 0
  0 0 0 0 0 0 0 0 0 0 0 0 0 0 0 0 0 0 0 0 0 0 0 0 0 0 0 0 0 0 0 0 0 0 0 0 0 0 0
  0 0 0 0 0 0 0 0 0 0 0 0 0 0 0 0 0 0 0 0 0 0 0 0 0 0 0 0 0 0 0 0 0 0 0 0 0 0 0
  0 0 0 0 0 0 0 0 0 0 0 0 0 0 0 0 0 0 0 0 0 0 0 0 0 0 0 0 0 0 0 0 0 0 0 0 0 0 0
  0 0 0 0 0 0 0 0 0 0 0 0 0 0 0 0 0 0 0 0 0 0 0 0 0 0 0 0 0 0 0 0 0 0 0 0 0 0 0
  0 0 0 0 0 0 0 0 0 0 0 0 0 0 0 0 0 0 0 0 0 0 0 0 0 0 0 0 0 0 0 0 0 0 0 0 0 0 0
  0 0 0 0 0 0 0 0 0 0 0 0 0 0 0 0 0 0 0 0 0 0 0 0 0 0 0 0 0 0 0 0 0 0 0 0 0 0 0
  0 0 0 0 0 0 0 0 0 0 0 0 0 0 0 0 0 0 0 0 0 0 0 0 0 0 0 0 0 0 0 0 0 0 0 0 0 0 0
  0 0 0 0 0 0 0 0 0 0 0 0 0 0 0 0 0 0 0 0 0 0 0 0 0 0 0 0 0 0 0 0 0 0 0 0 0 0 0
  0) 
#(13 13 13 13 13 13 13 13 13 13 13 13 13 13 13 13 13 13 13 13 13 13 13 13 13 13
  13 13 13 13 13 13 13 13 13 12 12 12 13 13 13 13 13 13 13 13 13 13 13 12 12 11
  11 12 13 13 13 13 13 13 13 13 13 13 13 12 12 12 12 12 13 13 13 13 13 13 13 13
  13 12 12 12 13 13 13 13 12 13 13 13 13 13 13 13 12 11 12 13 12 13 13 13 13 13
  13 13 13 13 13 12 11 10 12 13 13 13 13 13 13 13 13 13 13 13 12 11 10 9 13 12
  13 13 13 13 13 13 13 13 13 12 11 10 9 8 13 13 13 13 13 13 13 13 13 13 12 11
  10 9 8 7 13 13 13 13 13 13 13 13 13 13 12 11 10 9 8 7 13 13 13 13 13 13 13 13
  13 13 12 11 10 9 8 7 12 13 13 13 12 12 12 13 13 12 11 10 9 8 7 6 12 12 12 12
  11 11 11 12 12 11 10 9 8 7 6 5 11 11 11 11 11 10 10 11 11 10 9 8 7 6 5 4 11
  11 12 12 12 11 11 10 10 9 8 7 6 5 4 3 15 15 15 15 15 15 15 15 15 15 15 15 15
  15 15 15 15 15 15 14 14 14 15 15 15 15 15 15 15 15 15 15 15 14 14 13 13 13 14
  15 15 15 15 15 15 15 15 15 14 13 13 12 12 13 14 15 15 15 15 15 15 15 15 14 14
  13 13 13 13 13 14 15 15 15 15 15 15 15 14 13 13 13 14 14 14 14 15 15 15 15 15
  15 15 14 13 12 13 14 15 15 15 15 15 15 15 15 15 15 14 13 12 11 13 14 15 15 15
  15 15 15 15 15 15 14 13 12 11 10 14 15 15 15 15 15 15 15 15 15 14 13 12 11 10
  9 14 15 15 15 15 15 15 15 15 14 13 12 11 10 9 8 14 15 15 15 15 15 15 15 15 14
  13 12 11 10 9 8 14 15 15 15 14 14 14 15 15 14 13 12 11 10 9 8 13 14 14 14 13
  13 13 14 14 13 12 11 10 9 8 7 13 13 13 13 12 12 12 13 13 12 11 10 9 8 7 6 12
  12 12 12 12 11 11 12 12 11 10 9 8 7 6 5 12 12 13 13 13 12 12 11 11 10 9 8 7 6
  5 4 15 15 15 15 15 15 15 15 15 15 15 15 15 15 15 15 15 15 15 14 14 14 15 15
  15 15 15 15 15 15 15 15 15 14 14 13 13 13 14 15 15 15 15 15 15 15 15 15 14 13
  13 12 12 13 14 15 15 15 15 15 15 15 15 14 14 13 13 13 13 13 14 15 15 15 15 15
  15 15 14 13 13 13 14 14 14 14 15 15 15 15 15 15 15 14 13 12 13 14 15 15 15 15
  15 15 15 15 15 15 14 13 12 11 13 14 15 15 15 15 15 15 15 15 15 14 13 12 11 10
  14 15 15 15 15 15 15 15 15 15 14 13 12 11 10 9 14 15 15 15 15 15 15 15 15 14
  13 12 11 10 9 8 14 15 15 15 15 15 15 15 15 14 13 12 11 10 9 8 14 15 15 15 14
  14 14 15 15 14 13 12 11 10 9 8 13 14 14 14 13 13 13 14 14 13 12 11 10 9 8 7
  13 13 13 13 12 12 12 13 13 12 11 10 9 8 7 6 12 12 12 12 12 11 11 12 12 11 10
  9 8 7 6 5 12 12 13 13 13 12 12 11 11 10 9 8 7 6 5 4 15 15 15 15 15 15 15 15
  15 15 15 15 15 15 15 15 15 15 15 14 14 14 15 15 15 15 15 15 15 15 15 15 15 14
  14 13 13 13 14 15 15 15 15 15 15 15 15 15 14 13 13 12 12 13 14 15 15 15 15 15
  15 15 15 14 14 13 13 13 13 13 14 15 15 15 15 15 15 15 14 13 13 13 14 14 14 14
  15 15 15 15 15 15 15 14 13 12 13 14 15 15 15 15 15 15 15 15 15 15 14 13 12 11
  13 14 15 15 15 15 15 15 15 15 15 14 13 12 11 10 14 15 15 15 15 15 15 15 15 15
  14 13 12 11 10 9 14 15 15 15 15 15 15 15 15 14 13 12 11 10 9 8 14 15 15 15 15
  15 15 15 15 14 13 12 11 10 9 8 14 15 15 15 14 14 14 15 15 14 13 12 11 10 9 8
  13 14 14 14 13 13 13 14 14 13 12 11 10 9 8 7 13 13 13 13 12 12 12 13 13 12 11
  10 9 8 7 6 12 12 12 12 12 11 11 12 12 11 10 9 8 7 6 0 12 12 13 13 13 12 12 11
  11 10 9 8 7 0 0 0 15 15 15 15 15 15 15 15 15 15 15 15 15 15 15 15 15 15 15 14
  14 14 15 15 15 15 15 15 15 15 15 15 15 14 14 13 13 13 14 15 15 15 15 15 15 15
  15 15 14 13 13 12 12 13 14 15 15 15 15 15 15 15 15 14 14 13 13 13 13 13 14 15
  15 15 15 15 15 15 14 13 13 13 14 14 14 14 15 15 15 15 15 15 15 14 13 12 13 14
  15 15 15 15 15 15 15 15 15 15 14 13 12 11 13 14 15 15 15 15 15 15 15 15 15 14
  13 12 11 10 14 15 15 15 15 15 15 15 15 15 14 13 12 11 10 0 14 15 15 15 15 15
  15 15 15 14 13 12 11 10 0 0 14 15 15 15 15 15 15 15 15 14 13 12 11 0 0 0 14
  15 15 15 14 14 14 15 15 14 13 12 0 0 0 0 13 14 14 14 13 13 13 14 14 13 12 0 0
  0 0 0 13 13 13 13 12 12 12 13 13 12 0 0 0 0 0 0 12 12 12 12 12 11 11 12 0 0 0
  0 0 0 0 0 12 12 13 13 13 12 12 0 0 0 0 0 0 0 0 0 15 15 15 15 15 15 15 15 15
  15 15 15 15 15 15 15 15 15 15 14 14 14 15 15 15 15 15 15 15 15 15 15 15 14 14
  13 13 13 14 15 15 15 15 15 15 15 15 15 14 13 13 12 12 13 14 15 15 15 15 15 15
  15 15 0 14 13 13 13 13 13 14 15 15 15 15 15 15 15 0 0 13 13 14 14 14 14 15 15
  15 15 15 15 15 0 0 0 13 14 15 15 15 15 15 15 15 15 15 15 0 0 0 0 13 14 15 15
  15 15 15 15 15 15 15 0 0 0 0 0 14 15 15 15 15 15 15 15 15 15 0 0 0 0 0 0 14
  15 15 15 15 15 15 15 15 0 0 0 0 0 0 0 14 15 15 15 15 15 15 15 15 0 0 0 0 0 0
  0 14 15 15 15 14 14 14 15 15 0 0 0 0 0 0 0 13 14 14 14 13 13 13 14 14 0 0 0 0
  0 0 0 13 13 13 13 12 12 12 13 13 0 0 0 0 0 0 0 12 12 12 12 12 11 11 12 0 0 0
  0 0 0 0 0 12 12 13 13 13 12 12 0 0 0 0 0 0 0 0 0 15 15 15 15 15 15 15 15 15
  15 15 15 15 15 15 15 15 15 15 14 14 14 15 15 15 15 15 15 15 15 15 15 15 14 14
  13 13 13 14 15 15 15 15 15 15 15 15 15 14 13 13 12 12 13 14 15 15 15 15 15 15
  15 15 0 14 13 13 13 13 13 14 15 15 15 15 15 15 15 0 0 13 13 14 14 14 14 15 15
  15 15 15 15 15 0 0 0 13 14 15 15 15 15 15 15 15 15 15 15 0 0 0 0 13 14 15 15
  15 15 15 15 15 15 15 0 0 0 0 0 14 15 15 15 15 15 15 15 15 15 0 0 0 0 0 0 14
  15 15 15 15 15 15 15 15 0 0 0 0 0 0 0 14 15 15 15 15 15 15 15 15 0 0 0 0 0 0
  0 14 15 15 15 14 14 14 15 15 0 0 0 0 0 0 0 13 14 14 14 13 13 13 14 14 0 0 0 0
  0 0 0 13 13 13 13 12 12 12 13 13 0 0 0 0 0 0 0 12 12 12 12 12 11 11 12 13 0 0
  0 0 0 0 0 12 12 13 13 13 12 12 13 14 0 0 0 0 0 0 0 15 15 15 15 15 15 15 15 15
  15 15 15 15 15 15 15 15 15 15 14 14 14 15 15 15 15 15 15 15 15 15 15 15 14 14
  13 13 13 14 15 15 15 15 15 15 15 15 15 14 13 13 12 12 13 14 15 15 15 15 15 15
  15 15 15 14 13 13 13 13 13 14 15 15 15 15 15 15 15 15 0 13 13 14 14 14 14 15
  15 15 15 15 15 15 15 0 0 13 14 15 15 15 15 15 15 15 15 15 15 15 15 0 0 13 14
  15 15 15 15 15 15 15 15 15 15 15 0 0 0 14 15 15 15 15 15 15 15 15 15 15 15 15
  0 0 0 14 15 15 15 15 15 15 15 15 15 15 15 14 0 0 0 14 15 15 15 15 15 15 15 15
  15 15 14 13 0 0 0 14 15 15 15 14 14 14 15 15 14 14 13 14 0 0 0 13 14 14 14 13
  13 13 14 14 13 13 14 15 0 0 0 13 13 13 13 12 12 12 13 13 13 14 15 0 0 0 0 12
  12 12 12 12 11 11 12 13 14 15 15 0 0 0 0 12 12 13 13 13 12 12 13 14 15 15 15
  0 0 0 0 15 15 15 15 15 15 15 15 15 15 15 15 15 15 15 15 15 15 15 14 14 14 15
  15 15 15 15 15 15 15 15 15 15 14 14 13 13 13 14 15 15 15 15 15 15 15 15 15 14
  13 13 12 12 13 14 15 15 15 15 15 15 15 15 15 14 13 13 13 13 13 14 15 15 15 15
  15 15 15 15 15 13 13 14 14 14 14 15 15 15 15 15 15 15 15 15 0 13 14 15 15 15
  15 15 15 15 15 15 15 15 15 15 0 13 14 15 15 15 15 15 15 15 15 15 15 15 15 14
  14 14 15 15 15 15 15 15 15 15 15 15 15 15 14 14 15 14 15 15 15 15 15 15 15 15
  15 15 15 14 14 15 15 14 15 15 15 15 15 15 15 15 15 15 14 13 14 15 15 14 15 15
  15 14 14 14 15 15 14 14 13 14 15 15 15 13 14 14 14 13 13 13 14 14 13 13 14 15
  15 15 0 13 13 13 13 12 12 12 13 13 13 14 15 15 15 15 0 12 12 12 12 12 11 11
  12 13 14 15 15 15 15 15 15 12 12 13 13 13 12 12 13 14 15 15 15 15 15 15 15 15
  15 15 15 15 15 15 15 15 15 15 15 15 15 15 15 15 15 15 14 14 14 15 15 15 15 15
  15 15 15 15 15 15 14 14 13 13 13 14 15 15 15 15 15 15 15 15 15 14 13 13 12 12
  13 14 15 15 15 15 15 15 15 15 15 14 13 13 13 13 13 14 15 15 15 15 15 15 15 15
  15 13 13 14 14 14 14 15 15 15 15 15 15 15 15 15 15 13 14 15 15 15 15 15 15 15
  15 15 15 15 15 15 14 13 14 15 15 15 15 15 15 15 15 15 15 15 15 14 14 14 15 15
  15 15 15 15 15 15 15 15 15 15 14 14 15 14 15 15 15 15 15 15 15 15 15 15 15 14
  14 15 15 14 15 15 15 15 15 15 15 15 15 15 14 13 14 15 15 14 15 15 15 14 14 14
  15 15 14 14 13 14 15 15 15 13 14 14 14 13 13 13 14 14 13 13 14 15 15 15 15 13
  13 13 13 12 12 12 13 13 13 14 15 15 15 15 15 12 12 12 12 12 11 11 12 13 14 15
  15 15 15 15 15 12 12 13 13 13 12 12 13 14 15 15 15 15 15 15 15 15 15 15 15 15
  15 15 15 15 15 15 15 15 15 15 15 15 15 15 14 14 14 15 15 15 15 15 15 15 15 15
  15 15 14 14 13 13 13 14 15 15 15 15 15 15 15 15 15 14 13 13 12 12 13 14 15 15
  15 15 15 15 15 15 15 14 13 13 13 13 13 14 15 15 15 15 15 15 15 15 15 13 13 14
  14 14 14 15 15 15 15 15 15 15 15 15 15 13 14 15 15 15 15 15 15 15 15 15 15 15
  15 15 14 13 14 15 15 15 15 15 15 15 15 15 15 15 15 14 14 14 15 15 15 15 15 15
  15 15 15 15 15 15 14 14 15 14 15 15 15 15 15 15 15 15 15 15 15 14 14 15 15 14
  15 15 15 15 15 15 15 15 15 15 14 13 14 15 15 14 15 15 15 14 14 14 15 15 14 14
  13 14 15 15 15 13 14 14 14 13 13 13 14 14 13 13 14 15 15 15 15 13 13 13 13 12
  12 12 13 13 13 14 15 15 15 15 15 12 12 12 12 12 11 11 12 13 14 15 15 15 15 15
  15 12 12 13 13 13 12 12 13 14 15 15 15 15 15 15 15 15 15 15 15 15 15 15 15 15
  15 15 15 15 15 15 15 15 15 15 14 14 14 15 15 15 15 15 15 15 15 15 15 15 14 14
  13 13 13 14 15 15 15 15 15 15 15 15 15 14 13 13 12 12 13 14 15 15 15 15 15 15
  15 15 15 14 13 13 13 13 13 14 15 15 15 15 15 15 15 15 15 13 13 14 14 14 14 15
  15 15 15 15 15 15 15 15 15 13 14 15 15 15 15 15 15 15 15 15 15 15 15 15 14 13
  14 15 15 15 15 15 15 15 15 15 15 15 15 14 14 14 15 15 15 15 15 15 15 15 15 15
  15 15 14 14 15 14 15 15 15 15 15 15 15 15 15 15 15 14 14 15 15 14 15 15 15 15
  15 15 15 15 15 15 14 13 14 15 15 14 15 15 15 14 14 14 15 15 14 14 13 14 15 15
  15 13 14 14 14 13 13 13 14 14 13 13 14 15 15 15 15 13 13 13 13 12 12 12 13 13
  13 14 15 15 15 15 15 12 12 12 12 12 11 11 12 13 14 15 15 15 15 15 15 12 12 13
  13 13 12 12 13 14 15 15 15 15 15 15 15 15 15 15 15 15 15 15 15 15 15 15 15 15
  15 15 15 15 15 15 14 14 14 15 15 15 15 15 15 15 15 15 15 15 14 14 13 13 13 14
  15 15 15 15 15 15 15 15 15 14 13 13 12 12 13 14 15 15 15 15 15 15 15 15 15 14
  13 13 13 13 13 14 15 15 15 15 15 15 15 15 15 13 13 14 14 14 14 15 15 15 15 15
  15 15 15 15 15 13 14 15 15 15 15 15 15 15 15 15 15 15 15 15 14 13 14 15 15 15
  15 15 15 15 15 15 15 15 15 14 14 14 15 15 15 15 15 15 15 15 15 15 15 15 14 14
  15 14 15 15 15 15 15 15 15 15 15 15 15 14 14 15 15 14 15 15 15 15 15 15 15 15
  15 15 14 13 14 15 15 14 15 15 15 14 14 14 15 15 14 14 13 14 15 15 15 13 14 14
  14 13 13 13 14 14 13 13 14 15 15 15 15 13 13 13 13 12 12 12 13 13 13 14 15 15
  15 15 15 12 12 12 12 12 11 11 12 13 14 15 15 15 15 15 15 12 12 13 13 13 12 12
  13 14 15 15 15 15 15 15 15 15 15 15 15 15 15 15 15 15 15 15 15 15 15 15 15 15
  15 15 14 14 14 15 15 15 15 15 15 15 15 15 15 15 14 14 13 13 13 14 15 15 15 15
  15 15 15 15 15 14 13 13 12 12 13 14 15 15 15 15 15 15 15 15 15 14 13 13 13 13
  13 14 15 15 15 15 15 15 15 15 15 13 13 14 14 14 14 15 15 15 15 15 15 15 15 15
  15 13 14 15 15 15 15 15 15 15 15 15 15 15 15 15 14 13 14 15 15 15 15 15 15 15
  15 15 15 15 15 14 14 14 15 15 15 15 15 15 15 15 15 15 15 15 14 14 15 14 15 15
  15 15 15 15 15 15 15 15 15 14 14 15 15 14 15 15 15 15 15 15 15 15 15 15 14 13
  14 15 15 14 15 15 15 14 14 14 15 15 14 14 13 14 15 15 15 13 14 14 14 13 13 13
  14 14 13 13 14 15 15 15 15 13 13 13 13 12 12 12 13 13 13 14 15 15 15 15 15 12
  12 12 12 12 11 11 12 13 14 15 15 15 15 15 15 12 12 13 13 13 12 12 13 14 15 15
  15 15 15 15 15 15 15 15 15 15 15 15 15 15 15 15 15 15 15 15 15 15 15 15 14 14
  14 15 15 15 15 15 15 15 15 15 15 15 14 14 13 13 13 14 15 15 15 15 15 15 15 15
  15 14 13 13 12 12 13 14 15 15 15 15 15 15 15 15 15 14 13 13 13 13 13 14 15 15
  15 15 15 15 15 15 15 13 13 14 14 14 14 15 15 15 15 15 15 15 15 15 15 13 14 15
  15 15 15 15 15 15 15 15 15 15 15 15 14 13 14 15 15 15 15 15 15 15 15 15 15 15
  15 14 14 14 15 15 15 15 15 15 15 15 15 15 15 15 14 14 15 14 15 15 15 15 15 15
  15 15 15 15 15 14 14 15 15 14 15 15 15 15 15 15 15 15 15 15 14 13 14 15 15 14
  15 15 15 14 14 14 15 15 14 14 13 14 15 15 15 13 14 14 14 13 13 13 14 14 13 13
  14 15 15 15 15 13 13 13 13 12 12 12 13 13 13 14 15 15 15 15 15 0 0 12 12 12
  11 11 12 13 14 15 15 15 15 15 15 0 0 13 13 13 12 12 13 14 15 15 15 15 15 15
  15 15 15 15 15 15 15 15 15 15 15 15 15 15 15 15 15 15 15 15 14 14 14 15 15 15
  15 15 15 15 15 15 15 15 14 14 13 13 13 14 15 15 15 15 15 15 15 15 15 14 13 13
  12 12 13 14 15 15 15 15 15 15 15 15 15 14 13 13 13 13 13 14 15 15 15 15 15 15
  15 15 15 13 13 14 14 14 14 15 15 15 15 15 15 15 15 15 15 13 14 15 15 15 15 15
  15 15 15 15 15 15 15 15 14 13 14 15 15 15 15 15 15 15 15 15 15 15 15 14 14 14
  15 15 15 15 15 15 15 15 15 15 15 15 14 14 15 14 15 15 15 15 15 15 15 15 15 15
  15 14 14 15 15 14 15 15 15 15 15 15 15 15 15 15 14 13 14 15 15 14 15 15 15 14
  14 14 15 15 14 14 13 14 15 15 15 13 14 14 14 13 13 13 14 14 13 13 14 15 15 15
  15 0 0 0 0 0 12 12 13 13 13 14 15 15 15 15 15 0 0 0 0 0 11 11 12 13 14 15 15
  15 15 15 15 0 0 0 0 13 12 12 13 14 15 15 15 15 15 15 15) 