
#(0 0 0 0 0 0 0 0 0 0 0 0 0 0 0 2 0 0 0 0 0 0 0 0 0 0 0 0 0 0 2 3 0 0 0 0 0 0 0
  0 0 0 0 0 0 2 3 3 0 0 0 0 0 0 0 0 0 0 0 0 2 3 3 1 0 0 0 0 0 0 0 0 0 0 0 2 3 3
  1 1 0 0 0 0 0 0 0 0 0 0 2 3 3 1 1 1 0 0 0 0 0 0 0 0 0 0 2 3 1 1 1 1 0 0 0 0 0
  0 0 0 0 0 24 3 1 1 1 1 0 0 0 0 0 0 0 0 0 0 0 3 3 1 1 1 0 0 0 0 0 0 0 0 0 0 24
  2 3 3 1 1 0 0 0 0 0 0 0 0 0 0 24 2 2 3 3 1 0 0 0 0 0 0 0 0 0 0 24 2 2 2 3 1 0
  0 0 0 0 0 0 0 0 0 0 2 2 2 2 1 0 0 0 0 0 0 0 0 0 0 0 0 2 2 2 1 0 0 0 0 0 0 0 0
  0 0 0 0 0 24 24 1 0 0 0 0 0 0 0 0 0 0 0 0 0 24 24 1 0 0 0 0 0 0 0 0 0 0 0 0 0
  0 0 0 0 0 0 0 0 0 0 0 0 0 0 0 0 0 0 2 0 0 0 0 0 0 0 0 0 0 0 0 0 0 2 3 0 0 0 0
  0 0 0 0 0 0 0 0 0 2 3 1 0 0 0 0 0 0 0 0 0 0 0 0 2 3 1 1 0 0 0 0 0 0 0 0 0 0 0
  2 3 1 1 1 0 0 0 0 0 0 0 0 0 0 0 3 1 1 1 1 0 0 0 0 0 0 0 0 0 0 0 3 1 1 1 1 0 0
  0 0 0 0 0 0 0 0 0 2 3 1 1 1 0 0 0 0 0 0 0 0 0 0 0 0 2 3 1 1 0 0 0 0 0 0 0 0 0
  0 0 0 0 2 3 1 0 0 0 0 0 0 0 0 0 0 0 0 0 0 2 1 0 0 0 0 0 0 0 0 0 0 0 0 0 0 0 1
  0 0 0 0 0 0 0 0 0 0 0 0 0 0 0 1 0 0 0 0 0 0 0 0 0 0 0 0 0 0 0 1 0 0 0 0 0 0 0
  0 0 0 0 0 0 0 0 1 0 0 0 0 0 0 0 0 0 0 0 0 0 0 0 0 0 0 0 0 0 0 0 0 0 0 0 0 0 0
  0 0 0 0 0 0 0 0 0 0 0 0 0 0 0 0 0 2 0 0 0 0 0 0 0 0 0 0 0 0 0 0 2 1 0 0 0 0 0
  0 0 0 0 0 0 0 0 2 1 1 0 0 0 0 0 0 0 0 0 0 0 0 2 1 1 1 0 0 0 0 0 0 0 0 0 0 0 2
  1 1 1 1 0 0 0 0 0 0 0 0 0 0 0 2 1 1 1 1 0 0 0 0 0 0 0 0 0 0 0 0 2 1 1 1 0 0 0
  0 0 0 0 0 0 0 0 0 0 2 1 1 0 0 0 0 0 0 0 0 0 0 0 0 0 0 2 1 0 0 0 0 0 0 0 0 0 0
  0 0 0 0 0 1 0 0 0 0 0 0 0 0 0 0 0 0 0 0 0 1 0 0 0 0 0 0 0 0 0 0 0 0 0 0 0 1 0
  0 0 0 0 0 0 0 0 0 0 0 0 0 0 1 0 0 0 0 0 0 0 0 0 0 0 0 0 0 0 1 0 0 0 0 0 0 0 0
  0 0 0 0 0 0 0 0 0 0 0 0 0 0 0 0 0 0 0 0 0 0 0 0 0 0 0 0 0 0 0 0 0 0 0 0 0 0 0
  0 0 0 0 0 0 0 0 0 0 0 0 0 0 0 0 1 0 0 0 0 0 0 0 0 0 0 0 0 0 0 1 1 0 0 0 0 0 0
  0 0 0 0 0 0 0 1 1 1 0 0 0 0 0 0 0 0 0 0 0 0 1 1 1 1 0 0 0 0 0 0 0 0 0 0 0 0 1
  1 1 1 0 0 0 0 0 0 0 0 0 0 0 0 0 1 1 1 0 0 0 0 0 0 0 0 0 0 0 0 0 0 1 1 0 0 0 0
  0 0 0 0 0 0 0 0 0 0 0 1 0 0 0 0 0 0 0 0 0 0 0 0 0 0 0 1 0 0 0 0 0 0 0 0 0 0 0
  0 0 0 0 1 0 0 0 0 0 0 0 0 0 0 0 0 0 0 0 1 0 0 0 0 0 0 0 0 0 0 0 0 0 0 0 1 0 0
  0 0 0 0 0 0 0 0 0 0 0 0 0 1 0 0 0 0 0 0 0 0 0 0 0 0 0 0 0 0 0 0 0 0 0 0 0 0 0
  0 0 0 0 0 0 0 0 0 0 0 0 0 0 0 0 0 0 0 0 0 0 0 0 0 0 0 0 0 0 0 0 0 0 0 0 0 0 1
  0 0 0 0 0 0 0 0 0 0 0 0 0 0 1 1 0 0 0 0 0 0 0 0 0 0 0 0 0 1 1 1 0 0 0 0 0 0 0
  0 0 0 0 0 1 1 1 1 0 0 0 0 0 0 0 0 0 0 0 0 1 1 1 1 0 0 0 0 0 0 0 0 0 0 0 0 0 1
  1 1 0 0 0 0 0 0 0 0 0 0 0 0 0 0 1 1 0 0 0 0 0 0 0 0 0 0 0 0 0 0 0 1 0 0 0 0 0
  0 0 0 0 0 0 0 0 0 0 1 0 0 0 0 0 0 0 0 0 0 0 0 0 0 0 1 0 0 0 0 0 0 0 0 0 0 0 0
  0 0 0 1 0 0 0 0 0 0 0 0 0 0 0 0 0 0 0 1 0 0 0 0 0 0 0 0 0 0 0 0 0 0 0 1 0 0 0
  0 0 0 0 0 0 0 0 0 0 0 0 0 0 0 0 0 0 0 0 0 0 0 0 0 0 0 0 0 0 0 0 0 0 0 0 0 0 0
  0 0 0 0 0 0 0 0 0 0 0 0 0 0 0 0 0 0 0 0 0 1 0 0 0 0 0 0 0 0 0 0 0 0 0 0 1 1 0
  0 0 0 0 0 0 0 0 0 0 0 0 1 1 1 0 0 0 0 0 0 0 0 0 0 0 0 1 1 1 1 0 0 0 0 0 0 0 0
  0 0 0 0 1 1 1 1 0 0 0 0 0 0 0 0 0 0 0 0 0 1 1 1 0 0 0 0 0 0 0 0 0 0 0 0 0 0 1
  1 0 0 0 0 0 0 0 0 0 0 0 0 0 0 0 1 0 0 0 0 0 0 0 0 0 0 0 0 0 0 0 1 0 0 0 0 0 0
  0 0 0 0 0 0 0 0 0 1 0 0 0 0 0 0 0 0 0 0 0 0 0 0 0 1 0 0 0 0 0 0 0 0 0 0 0 0 0
  0 0 1 0 0 0 0 0 0 0 0 0 0 0 0 0 0 0 1 0 0 0 0 0 0 0 0 0 0 0 0 0 0 0 0 0 0 0 0
  0 0 0 0 0 0 0 0 0 0 0 0 0 0 0 0 0 0 0 0 0 0 0 0 0 0 0 1 0 0 0 0 0 0 0 0 0 0 0
  0 0 0 1 1 0 0 0 0 0 0 0 0 0 0 0 0 0 1 1 1 0 0 0 0 0 0 0 0 0 0 0 0 1 1 1 1 0 0
  0 0 0 0 0 0 0 0 0 1 1 1 1 1 0 0 0 0 0 0 0 0 0 0 0 1 1 1 1 1 0 0 0 0 0 0 0 0 0
  0 0 0 1 1 1 1 0 0 0 0 0 0 0 0 0 0 0 0 0 1 1 1 0 0 0 0 0 0 0 0 0 0 0 0 0 0 1 1
  0 0 0 0 0 0 0 0 0 0 0 0 0 0 0 1 0 0 0 0 0 0 0 0 0 0 0 0 0 0 0 1 0 0 0 0 0 0 0
  0 0 0 0 0 0 0 0 1 0 0 0 0 0 0 0 0 0 0 0 0 0 0 0 1 0 0 0 0 0 0 0 0 0 0 0 0 0 0
  0 1 0 0 0 0 0 0 0 0 0 0 0 0 0 0 0 0 0 0 0 0 0 0 0 0 0 0 0 0 0 0 0 1 0 0 0 0 0
  0 0 0 0 0 0 0 0 0 1 1 0 0 0 0 0 0 0 0 0 0 0 0 0 1 1 1 0 0 0 0 0 0 0 0 0 0 0 0
  1 1 1 3 0 0 0 0 0 0 0 0 0 0 0 1 1 1 1 3 0 0 0 0 0 0 0 0 0 0 1 1 1 1 1 3 0 0 0
  0 0 0 0 0 0 1 1 1 1 1 1 1 1 0 0 0 0 0 0 0 1 1 1 1 1 1 1 1 1 1 0 0 0 0 0 1 1 1
  1 1 1 1 1 1 1 1 1 0 0 0 1 1 1 1 1 1 1 1 1 1 1 1 1 1 1 1 1 1 1 1 1 1 1 1 1 1 1
  1 1 1 1 1 1 1 1 1 1 1 1 1 1 1 1 1 1 1 1 1 1 1 1 1 1 1 1 1 1 1 1 1 1 1 1 1 1 1
  1 1 1 1 1 1 1 1 1 1 1 1 1 1 1 1 1 1 1 1 1 1 1 1 0 0 0 0 0 0 0 0 0 0 0 0 0 0 0
  1 0 0 0 0 0 0 0 0 0 0 0 0 0 0 1 1 0 0 0 0 0 0 0 0 0 0 0 0 0 1 1 1 0 0 0 0 0 0
  0 0 0 0 0 0 1 1 1 3 0 0 0 0 0 0 0 0 0 0 0 1 1 1 3 3 0 0 0 0 0 0 0 0 0 0 1 1 1
  1 3 3 0 0 0 0 0 0 0 0 0 1 1 1 1 1 1 3 1 0 0 0 0 0 0 0 1 1 1 1 1 1 1 3 1 1 0 0
  0 0 0 1 1 1 1 1 1 1 1 1 1 1 1 0 0 0 1 1 1 1 1 1 1 1 1 1 1 1 1 1 1 1 1 1 1 1 1
  1 1 1 1 1 1 1 1 1 1 1 1 1 1 1 1 1 3 3 1 1 1 1 1 1 1 1 1 1 1 1 1 3 3 3 3 1 1 1
  1 1 1 1 1 1 1 1 3 3 3 3 3 3 1 1 1 1 1 1 1 1 1 3 3 3 3 3 3 3 1 1 1 1 1 1 1 1 3
  3 3 3 3 3 3 3 0 0 0 0 0 0 0 0 0 0 0 0 0 0 1 1 0 0 0 0 0 0 0 0 0 0 0 0 0 1 1 1
  0 0 0 0 0 0 0 0 0 0 0 0 1 1 1 3 0 0 0 0 0 0 0 0 0 0 0 1 1 1 3 3 0 0 0 0 0 0 0
  0 0 0 1 1 1 3 3 2 0 0 0 0 0 0 0 0 0 1 1 1 1 3 3 2 3 0 0 0 0 0 0 0 1 1 1 1 1 1
  3 2 1 1 0 0 0 0 0 1 1 3 1 1 1 1 1 3 1 1 1 0 0 0 1 1 3 3 3 1 1 1 1 3 1 1 1 1 1
  1 1 3 3 3 3 3 1 1 1 1 1 1 1 1 1 1 3 3 3 3 3 3 3 1 1 1 1 1 1 1 1 3 3 3 3 3 3 3
  3 3 3 1 1 1 1 1 3 3 3 3 3 3 3 3 3 3 3 3 1 1 1 3 3 3 3 3 3 3 3 3 3 3 3 3 1 1 3
  3 3 3 3 3 3 3 3 3 3 3 3 3 1 3 3 3 3 3 3 3 3 24 24 24 24 3 3 3 0 0 0 0 0 0 0 0
  0 0 0 0 0 1 1 1 0 0 0 0 0 0 0 0 0 0 0 0 1 1 1 1 0 0 0 0 0 0 0 0 0 0 0 1 1 1 3
  3 0 0 0 0 0 0 0 0 0 0 1 1 1 3 3 2 0 0 0 0 0 0 0 0 0 1 1 1 1 3 2 0 0 0 0 0 0 0
  0 0 3 1 1 1 1 3 2 0 3 3 0 0 0 0 0 3 3 3 1 1 1 3 3 0 3 3 3 0 0 0 3 3 3 3 3 1 1
  1 3 2 3 3 3 3 3 3 3 3 3 3 3 3 1 1 1 3 3 3 3 3 3 3 3 3 3 3 3 3 3 1 1 3 3 3 3 3
  3 3 3 3 3 3 3 3 3 3 1 1 3 3 3 3 3 3 24 24 24 24 24 24 24 2 3 1 3 3 3 3 3 24
  24 24 24 24 24 24 24 2 2 3 3 3 3 3 24 24 24 24 24 24 24 24 24 2 2 2 3 3 3 3 3
  24 24 24 24 24 24 24 24 2 2 2 3 3 3 3 3 3 24 24 24 24 24 24 24 24 2 2 0 0 0 0
  0 0 0 0 0 0 0 0 1 1 1 1 0 0 0 0 0 0 0 0 0 0 0 1 1 1 1 1 0 0 0 0 0 0 0 0 0 0 1
  1 3 3 3 2 0 0 0 0 0 0 0 0 0 1 1 1 3 3 2 0 0 0 0 0 0 0 0 0 1 1 1 1 3 2 0 0 0 0
  0 0 0 0 0 24 3 3 1 1 1 2 0 0 2 24 24 0 0 0 24 24 3 3 3 1 1 3 2 0 3 24 24 24
  24 24 24 24 3 2 3 3 3 3 3 0 3 3 24 24 24 24 24 24 2 2 2 3 3 3 3 2 3 3 3 24 24
  24 24 2 2 2 2 2 3 3 3 3 3 3 3 3 24 24 24 2 2 2 2 2 2 3 3 3 3 3 3 3 24 24 24
  24 24 24 24 24 0 0 2 3 3 3 3 3 24 24 24 24 24 24 24 0 0 0 0 2 3 3 3 24 24 24
  24 24 24 24 0 0 0 0 0 0 3 3 24 24 24 24 24 24 24 0 0 0 0 0 0 0 3 2 2 24 24 24
  24 24 0 0 0 0 0 0 0 0 0 0 0 0 0 0 0 0 0 0 0 1 1 1 1 1 0 0 0 0 0 0 0 0 0 0 1 1
  1 1 1 1 0 0 0 0 0 0 0 0 0 1 1 1 3 3 2 0 0 0 0 0 0 0 0 0 1 1 1 1 3 2 0 0 0 0 0
  0 0 0 0 1 1 1 1 1 3 0 0 0 0 0 0 0 0 0 0 24 2 3 3 3 3 0 0 0 0 24 24 24 24 24
  24 24 2 2 3 3 3 2 0 0 24 24 24 24 24 24 24 24 2 0 2 3 3 3 2 0 24 24 24 24 24
  24 24 24 0 0 0 2 3 3 3 0 24 24 24 24 24 24 24 0 0 0 0 0 2 3 3 2 24 24 24 24
  24 24 0 0 0 0 0 0 0 2 3 3 2 24 24 24 24 0 0 0 0 0 0 0 0 0 17 3 2 2 24 24 0 0
  0 0 0 0 0 0 0 0 0 0 2 2 24 0 0 0 0 0 0 0 0 0 0 0 0 0 2 24 0 0 0 0 0 0 0 0 0 0
  0 0 0 0 24 0 0 0 0 0 0 0 0 0 0 0 0 0 0 0 0 0 0 0 0 0 0 0 0 0 3 3 1 1 1 1 0 0
  0 0 0 0 0 0 0 3 3 1 1 1 1 1 0 0 0 0 0 0 0 0 3 1 1 1 2 2 0 0 0 0 0 0 0 0 0 3 1
  1 1 3 2 0 0 0 0 0 0 0 0 0 0 3 1 1 1 3 2 0 0 0 0 0 0 0 0 0 0 0 0 2 3 3 3 0 0 0
  0 0 0 0 0 0 0 0 0 0 2 3 3 0 0 0 0 0 0 0 0 0 0 0 0 0 0 2 2 2 0 0 0 0 0 0 0 0 0
  0 0 0 0 0 2 2 2 0 0 0 0 0 0 0 0 0 0 0 0 0 0 2 2 0 0 0 0 0 0 0 0 0 0 0 0 0 0 0
  2 2 0 0 0 0 0 0 0 0 0 0 0 0 0 0 17 2 0 0 0 0 0 0 0 0 0 0 0 0 0 0 0 0 0 0 0 0
  0 0 0 0 0 0 0 0 0 0 0 0 0 0 0 0 0 0 0 0 0 0 0 0 0 0 0 0 0 0 0 0 0 0 0 0 0 0 0
  0 0 0 0 0 0 0 0 0 0 0 0 0 0 0 2 3 3 1 1 1 0 0 0 0 0 0 0 0 0 2 3 3 1 1 1 1 0 0
  0 0 0 0 0 0 3 3 3 3 0 0 0 0 0 0 0 0 0 0 0 3 3 3 3 3 0 0 0 0 0 0 0 0 0 0 0 3 3
  3 3 3 0 0 0 0 0 0 0 0 0 0 0 0 0 0 2 2 2 0 0 0 0 0 0 0 0 0 0 0 0 0 0 2 2 0 0 0
  0 0 0 0 0 0 0 0 0 0 0 0 0 0 0 0 0 0 0 0 0 0 0 0 0 0 0 0 0 0 0 0 0 0 0 0 0 0 0
  0 0 0 0 0 0 0 0 0 0 0 0 0 0 0 0 0 0 0 0 0 0 0 0 0 0 0 0 0 0 0 0 0 0 0 0 0 0 0
  17 0 0 0 0 0 0 0 0 0 0 0 0 0 0 0 0 0 0 0 0 0 0 0 0 0 0 0 0 0 0 0 0 0 0 0 0 0
  0 0 0 0 0 0 0 0 0 0 0 0 0 0 0 0 0 0 0 0 0 0 0 0 0 0 0 0 0 0 0 0 0 0 0 0 0 0 0
  2 3 1 1 1 0 0 0 0 0 0 0 0 0 0 2 3 1 1 1 1 0 0 0 0 0 0 0 0 2 3 3 3 0 0 0 0 0 0
  0 0 0 0 0 2 3 3 3 2 0 0 0 0 0 0 0 0 0 0 0 2 3 3 3 2 0 0 0 0 0 0 0 0 0 0 0 0 0
  0 0 0 0 0 0 0 0 0 0 0 0 0 0 0 0 0 0 0 0 0 0 0 0 0 0 0 0 0 0 0 0 0 0 0 0 0 0 0
  0 0 0 0 0 0 0 0 0 0 0 0 0 0 0 0 0 0 0 0 0 0 0 0 0 0 0 0 0 18 18 18 0 0 0 0 0
  0 0 0 0 0 0 0 18 18 18 18 0 0 0 0 0 0 0 0 0 0 0 0 18 18 17 18 0 0 0 0 0 0 0 0
  0 0 0 0 18 18 18 18 0 0 0 0 0 0 0 0 0 0 0 0 18 18 18 18 0 0 0 0 0 0 0 0 0 0 0
  0 0 0 0 0 0 0 0 0 0 0 0 0 0 0 0 0 0 0 0 0) 
#(0 0 0 0 0 0 0 0 0 0 0 0 0 0 0 0 0 0 0 0 0 0 0 0 0 0 0 0 0 0 0 0 0 0 0 0 0 0 0
  0 0 0 0 0 0 0 0 0 0 0 0 0 0 0 0 0 0 0 0 0 0 0 0 0 0 0 0 0 0 0 0 0 0 0 0 0 0 0
  0 0 0 0 0 0 0 0 0 0 0 0 0 0 0 0 0 0 0 0 0 0 0 0 0 0 0 0 0 0 0 0 0 0 0 0 0 0 0
  0 0 0 0 0 0 0 0 0 0 0 0 0 0 0 0 0 0 0 0 0 0 0 0 0 0 0 0 0 0 0 0 0 0 0 0 0 0 0
  0 0 0 0 0 0 0 0 0 0 0 0 0 0 0 0 0 0 0 0 0 0 0 0 0 0 0 0 0 0 0 0 0 0 0 0 0 0 0
  0 0 0 0 0 0 0 0 0 0 0 0 0 0 0 0 0 0 0 0 0 0 0 0 0 0 0 0 0 0 0 0 0 0 0 0 0 0 0
  0 0 0 0 0 0 0 0 0 0 0 0 0 0 0 0 0 0 0 0 0 0 0 0 0 0 0 0 0 0 0 0 0 0 0 0 0 0 0
  0 0 0 0 0 0 0 0 0 0 0 0 0 0 0 0 0 0 0 0 0 0 0 0 0 0 0 0 0 0 0 0 0 0 0 0 0 0 0
  0 0 0 0 0 0 0 0 0 0 0 0 0 0 0 0 0 0 0 0 0 0 0 0 0 0 0 0 0 0 0 0 0 0 0 0 0 0 0
  0 0 0 0 0 0 0 0 0 0 0 0 0 0 0 0 0 0 0 0 0 0 0 0 0 0 0 0 0 0 0 0 0 0 0 0 0 0 0
  0 0 0 0 0 0 0 0 0 0 0 0 0 0 0 0 0 0 0 0 0 0 0 0 0 0 0 0 0 0 0 0 0 0 0 0 0 0 0
  0 0 0 0 0 0 0 0 0 0 0 0 0 0 0 0 0 0 0 0 0 0 0 0 0 0 0 0 0 0 0 0 0 0 0 0 0 0 0
  0 0 0 0 0 0 0 0 0 0 0 0 0 0 0 0 0 0 0 0 0 0 0 0 0 0 0 0 0 0 0 0 0 0 0 0 0 0 0
  0 0 0 0 0 0 0 0 0 0 0 0 0 0 0 0 0 0 0 0 0 0 0 0 0 0 0 0 0 0 0 0 0 0 0 0 0 0 0
  0 0 0 0 0 0 0 0 0 0 0 0 0 0 0 0 0 0 0 0 0 0 0 0 0 0 0 0 0 0 0 0 0 0 0 0 0 0 0
  0 0 0 0 0 0 0 0 0 0 0 0 0 0 0 0 0 0 0 0 0 0 0 0 0 0 0 0 0 0 0 0 0 0 0 0 0 0 0
  0 0 0 0 0 0 0 0 0 0 0 0 0 0 0 0 0 0 0 0 0 0 0 0 0 0 0 0 0 0 0 0 0 0 0 0 0 0 0
  0 0 0 0 0 0 0 0 0 0 0 0 0 0 0 0 0 0 0 0 0 0 0 0 0 0 0 0 0 0 0 0 0 0 0 0 0 0 0
  0 0 0 0 0 0 0 0 0 0 0 0 0 0 0 0 0 0 0 0 0 0 0 0 0 0 0 0 0 0 0 0 0 0 0 0 0 0 0
  0 0 0 0 0 0 0 0 0 0 0 0 0 0 0 0 0 0 0 0 0 0 0 0 0 0 0 0 0 0 0 0 0 0 0 0 0 0 0
  0 0 0 0 0 0 0 0 0 0 0 0 0 0 0 0 0 0 0 0 0 0 0 0 0 0 0 0 0 0 0 0 0 0 0 0 0 0 0
  0 0 0 0 0 0 0 0 0 0 0 0 0 0 0 0 0 0 0 0 0 0 0 0 0 0 0 0 0 0 0 0 0 0 0 0 0 0 0
  0 0 0 0 0 0 0 0 0 0 0 0 0 0 0 0 0 0 0 0 0 0 0 0 0 0 0 0 0 0 0 0 0 0 0 0 0 0 0
  0 0 0 0 0 0 0 0 0 0 0 0 0 0 0 0 0 0 0 0 0 0 0 0 0 0 0 0 0 0 0 0 0 0 0 0 0 0 0
  0 0 0 0 0 0 0 0 0 0 0 0 0 0 0 0 0 0 0 0 0 0 0 0 0 0 0 0 0 0 0 0 0 0 0 0 0 0 0
  0 0 0 0 0 0 0 0 0 0 0 0 0 0 0 0 0 0 0 0 0 0 0 0 0 0 0 0 0 0 0 0 0 0 0 0 0 0 0
  0 0 0 0 0 0 0 0 0 0 0 0 0 0 0 0 0 0 0 0 0 0 0 0 0 0 0 0 0 0 0 0 0 0 0 0 0 0 0
  0 0 0 0 0 0 0 0 0 0 0 0 0 0 0 0 0 0 0 0 0 0 0 0 0 0 0 0 0 0 0 0 0 0 0 0 0 0 0
  0 0 0 0 0 0 0 0 0 0 0 0 0 0 0 0 0 0 0 0 0 0 0 0 0 0 0 0 0 0 0 0 0 0 0 0 0 0 0
  0 0 0 0 0 0 0 0 0 0 0 0 0 0 0 0 0 0 0 0 0 0 0 0 0 0 0 0 0 0 0 0 0 0 0 0 0 0 0
  0 0 0 0 0 0 0 0 0 0 0 0 0 0 0 0 0 0 0 0 0 0 0 0 0 0 0 0 0 0 0 0 0 0 0 0 0 0 0
  0 0 0 0 0 0 0 0 0 0 0 0 0 0 0 0 0 0 0 0 0 0 0 0 0 0 0 0 0 0 0 0 0 0 0 0 0 0 0
  0 0 0 0 0 0 0 0 0 0 0 0 0 0 0 0 0 0 0 0 0 0 0 0 0 0 0 0 0 0 0 0 0 0 0 0 0 0 0
  0 0 0 0 0 0 0 0 0 0 0 0 0 0 0 0 0 0 0 0 0 0 0 0 0 0 0 0 0 0 0 0 0 0 0 0 0 0 0
  0 0 0 0 0 0 0 0 0 0 0 0 0 0 0 0 0 0 0 0 0 0 0 0 0 0 0 0 0 0 0 0 0 0 0 0 0 0 0
  0 0 0 0 0 0 0 0 0 0 0 0 0 0 0 0 0 0 0 0 0 0 0 0 0 0 0 0 0 0 0 0 0 0 0 0 0 0 0
  0 0 0 0 0 0 0 0 0 0 0 0 0 0 0 0 0 0 0 0 0 0 0 0 0 0 0 0 0 0 0 0 0 0 0 0 0 0 0
  0 0 0 0 0 0 0 0 0 0 0 0 0 0 0 0 0 0 0 0 0 0 0 0 0 0 0 0 0 0 0 0 0 0 0 0 0 0 0
  0 0 0 0 0 0 0 0 0 0 0 0 0 0 0 0 0 0 0 0 0 0 0 0 0 0 0 0 0 0 0 0 0 0 0 0 0 0 0
  0 0 0 0 0 0 0 0 0 0 0 0 0 0 0 0 0 0 0 0 0 0 0 0 0 0 0 0 0 0 0 0 0 0 0 0 0 0 0
  0 0 0 0 0 0 0 0 0 0 0 0 0 0 0 0 0 0 0 0 0 0 0 0 0 0 0 0 0 0 0 0 0 0 0 0 0 0 0
  0 0 0 0 0 0 0 0 0 0 0 0 0 0 0 0 0 0 0 0 0 0 0 0 0 0 0 0 0 0 0 0 0 0 0 0 0 0 0
  0 0 0 0 0 0 0 0 0 0 0 0 0 0 0 0 0 0 0 0 0 0 0 0 0 0 0 0 0 0 0 0 0 0 0 0 0 0 0
  0 0 0 0 0 0 0 0 0 0 0 0 0 0 0 0 0 0 0 0 0 0 0 0 0 0 0 0 0 0 0 0 0 0 0 0 0 0 0
  0 0 0 0 0 0 0 0 0 0 0 0 0 0 0 0 0 0 0 0 0 0 0 0 0 0 0 0 0 0 0 0 0 0 0 0 0 0 0
  0 0 0 0 0 0 0 0 0 0 0 0 0 0 0 0 0 0 0 0 0 0 0 0 0 0 0 0 0 0 0 0 0 0 0 0 0 0 0
  0 0 0 0 0 0 0 0 0 0 0 0 0 0 0 0 0 0 0 0 0 0 0 0 0 0 0 0 0 0 0 0 0 0 0 0 0 0 0
  0 0 0 0 0 0 0 0 0 0 0 0 0 0 0 0 0 0 0 0 0 0 0 0 0 0 0 0 0 0 0 0 0 0 0 0 0 0 0
  0 0 0 0 0 0 0 0 0 0 0 0 0 0 0 0 0 0 0 0 0 0 0 0 0 0 0 0 0 0 0 0 0 0 0 0 0 0 0
  0 0 0 0 0 0 0 0 0 0 0 0 0 0 0 0 0 0 0 0 0 0 0 0 0 0 0 0 0 0 0 0 0 0 0 0 0 0 0
  0 0 0 0 0 0 0 0 0 0 0 0 0 0 0 0 0 0 0 0 0 0 0 0 0 0 0 0 0 0 0 0 0 0 0 0 0 0 0
  0 0 0 0 0 0 0 0 0 0 0 0 0 0 0 0 0 0 0 0 0 0 0 0 0 0 0 0 0 0 0 0 0 0 0 0 0 0 0
  0 0 0 0 0 0 0 0 0 0 0 0 0 0 0 0 0 0 0 0 0 0 0 0 0 0 0 0 0 0 0 0 0 0 0 0 0 0 0
  0 0 0 0 0 0 0 0 0 0 0 0 0 0 0 0 0 0 0 0 0 0 0 0 0 0 0 0 0 0 0 0 0 0 0 0 0 0 0
  0 0 0 0 0 0 0 0 0 0 0 0 0 0 0 0 0 0 0 0 0 0 0 0 0 0 0 0 0 0 0 0 0 0 0 0 0 0 0
  0 0 0 0 0 0 0 0 0 0 0 0 0 0 0 0 0 0 0 0 0 0 0 0 0 0 0 0 0 0 0 0 0 0 0 0 0 0 0
  0 0 0 0 0 0 0 0 0 0 0 0 0 0 0 0 0 0 0 0 0 0 0 0 0 0 0 0 0 0 0 0 0 0 0 0 0 0 0
  0 0 0 0 0 0 0 0 0 0 0 0 0 0 0 0 0 0 0 0 0 0 0 0 0 0 0 0 0 0 0 0 0 0 0 0 0 0 0
  0 0 0 0 0 0 0 0 0 0 0 0 0 0 0 0 0 0 0 0 0 0 0 0 0 0 0 0 0 0 0 0 0 0 0 0 0 0 0
  0 0 0 0 0 0 0 0 0 0 0 0 0 0 0 0 0 0 0 0 0 0 0 0 0 0 0 0 0 0 0 0 0 0 0 0 0 0 0
  0 0 0 0 0 0 0 0 0 0 0 0 0 0 0 0 0 0 0 0 0 0 0 0 0 0 0 0 0 0 0 0 0 0 0 0 0 0 0
  0 0 0 0 0 0 0 0 0 0 0 0 0 0 0 0 0 0 0 0 0 0 0 0 0 0 0 0 0 0 0 0 0 0 0 0 0 0 0
  0 0 0 0 0 0 0 0 0 0 0 0 0 0 0 0 0 0 0 0 0 0 0 0 0 0 0 0 0 0 0 0 0 0 0 0 0 0 0
  0 0 0 0 0 0 0 0 0 0 0 0 0 0 0 0 0 0 0 0 0 0 0 0 0 0 0 0 0 0 0 0 0 0 0 0 0 0 0
  0 0 0 0 0 0 0 0 0 0 0 0 0 0 0 0 0 0 0 0 0 0 0 0 0 0 0 0 0 0 0 0 0 0 0 0 0 0 0
  0 0 0 0 0 0 0 0 0 0 0 0 0 0 0 0 0 0 0 0 0 0 0 0 0 0 0 0 0 0 0 0 0 0 0 0 0 0 0
  0 0 0 0 0 0 0 0 0 0 0 0 0 0 0 0 0 0 0 0 0 0 0 0 0 0 0 0 0 0 0 0 0 0 0 0 0 0 0
  0 0 0 0 0 0 0 0 0 0 0 0 0 0 0 0 0 0 0 0 0 0 0 0 0 0 0 0 0 0 0 0 0 0 0 0 0 0 0
  0 0 0 0 0 0 0 0 0 0 0 0 0 0 0 0 0 0 0 0 0 0 0 0 0 0 0 0 0 0 0 0 0 0 0 0 0 0 0
  0 0 0 0 0 0 0 0 0 0 0 0 0 0 0 0 0 0 0 0 0 0 0 0 0 0 0 0 0 0 0 0 0 0 0 0 0 0 0
  0 0 0 0 0 0 0 0 0 0 0 0 0 0 0 0 0 0 0 0 0 0 0 0 0 0 0 0 0 0 0 0 0 0 0 0 0 0 0
  0 0 0 0 0 0 0 0 0 0 0 0 0 0 0 0 0 0 0 0 0 0 0 0 0 0 0 0 0 0 0 0 0 0 0 0 0 0 0
  0 0 0 0 0 0 0 0 0 0 0 0 0 0 0 0 0 0 0 0 0 0 0 0 0 0 0 0 0 0 0 0 0 0 0 0 0 0 0
  0 0 0 0 0 0 0 0 0 0 0 0 0 0 0 0 0 0 0 0 0 0 0 0 0 0 0 0 0 0 0 0 0 0 0 0 0 0 0
  0 0 0 0 0 0 0 0 0 0 0 0 0 0 0 0 0 0 0 0 0 0 0 0 0 0 0 0 0 0 0 0 0 0 0 0 0 0 0
  0 0 0 0 0 0 0 0 0 0 0 0 0 0 0 0 0 0 0 0 0 0 0 0 0 0 0 0 0 0 0 0 0 0 0 0 0 0 0
  0 0 0 0 0 0 0 0 0 0 0 0 0 0 0 0 0 0 0 0 0 0 0 0 0 0 0 0 0 0 0 0 0 0 0 0 0 0 0
  0 0 0 0 0 0 0 0 0 0 0 0 0 0 0 0 0 0 0 0 0 0 0 0 0 0 0 0 0 0 0 0 0 0 0 0 0 0 0
  0 0 0 0 0 0 0 0 0 0 0 0 0 0 0 0 0 0 0 0 0 0 0 0 0 0 0 0 0 0 0 0 0 0 0 0 0 0 0
  0 0 0 0 0 0 0 0 0 0 0 0 0 0 0 0 0 0 0 0 0 0 0 0 0 0 0 0 0 0 0 0 0 0 0 0 0 0 0
  0 0 0 0 0 0 0 0 0 0 0 0 0 0 0 0 0 0 0 0 0 0 0 0 0 0 0 0 0 0 0 0 0 0 0 0 0 0 0
  0 0 0 0 0 0 0 0 0 0 0 0 0 0 0 0 0 0 0 0 0 0 0 0 0 0 0 0 0 0 0 0 0 0 0 0 0 0 0
  0 0 0 0 0 0 0 0 0 0 0 0 0 0 0 0 0 0 0 0 0 0 0 0 0 0 0 0 0 0 0 0 0 0 0 0 0 0 0
  0 0 0 0 0 0 0 0 0 0 0 0 0 0 0 0 0 0 0 0 0 0 0 0 0 0 0 0 0 0 0 0 0 0 0 0 0 0 0
  0 0 0 0 0 0 0 0 0 0 0 0 0 0 0 0 0 0 0 0 0 0 0 0 0 0 0 0 0 0 0 0 0 0 0 0 0 0 0
  0 0 0 0 0 0 0 0 0 0 0 0 0 0 0 0 0 0 0 0 0 0 0 0 0 0 0 0 0 0 0 0 0 0 0 0 0 0 0
  0 0 0 0 0 0 0 0 0 0 0 0 0 0 0 0 0 0 0 0 0 0 0 0 0 0 0 0 0 0 0 0 0 0 0 0 0 0 0
  0 0 0 0 0 0 0 0 0 0 0 0 0 0 0 0 0 0 0 0 0 0 0 0 0 0 0 0 0 0 0 0 0 0 0 0 0 0 0
  0 0 0 0 0 0 0 0 0 0 0 0 0 0 0 0 0 0 0 0 0 0 0 0 0 0 0 0 0 0 0 0 0 0 0 0 0 0 0
  0 0 0 0 0 0 0 0 0 0 0 0 0 0 0 0 0 0 0 0 0 0 0 0 0 0 0 0 0 0 0 0 0 0 0 0 0 0 0
  0 0 0 0 0 0 0 0 0 0 0 0 0 0 0 0 0 0 0 0 0 0 0 0 0 0 0 0 0 0 0 0 0 0 0 0 0 0 0
  0 0 0 0 0 0 0 0 0 0 0 0 0 0 0 0 0 0 0 0 0 0 0 0 0 0 0 0 0 0 0 0 0 0 0 0 0 0 0
  0 0 0 0 0 0 0 0 0 0 0 0 0 0 0 0 0 0 0 0 0 0 0 0 0 0 0 0 0 0 0 0 0 0 0 0 0 0 0
  0 0 0 0 0 0 0 0 0 0 0 0 0 0 0 0 0 0 0 0 0 0 0 0 0 0 0 0 0 0 0 0 0 0 0 0 0 0 0
  0 0 0 0 0 0 0 0 0 0 0 0 0 0 0 0 0 0 0 0 0 0 0 0 0 0 0 0 0 0 0 0 0 0 0 0 0 0 0
  0 0 0 0 0 0 0 0 0 0 0 0 0 0 0 0 0 0 0 0 0 0 0 0 0 0 0 0 0 0 0 0 0 0 0 0 0 0 0
  0 0 0 0 0 0 0 0 0 0 0 0 0 0 0 0 0 0 0 0 0 0 0 0 0 0 0 0 0 0 0 0 0 0 0 0 0 0 0
  0 0 0 0 0 0 0 0 0 0 0 0 0 0 0 0 0 0 0 0 0 0 0 0 0 0 0 0 0 0 0 0 0 0 0 0 0 0 0
  0 0 0 0 0 0 0 0 0 0 0 0 0 0 0 0 0 0 0 0 0 0 0 0 0 0 0 0 0 0 0 0 0 0 0 0 0 0 0
  0 0 0 0 0 0 0 0 0 0 0 0 0 0 0 0 0 0 0 0 0 0 0 0 0 0 0 0 0 0 0 0 0 0 0 0 0 0 0
  0 0 0 0 0 0 0 0 0 0 0 0 0 0 0 0 0 0 0 0 0 0 0 0 0 0 0 0 0 0 0 0 0 0 0 0 0 0 0
  0 0 0 0 0 0 0 0 0 0 0 0 0 0 0 0 0 0 0 0 0 0 0 0 0 0 0 0 0 0 0 0 0 0 0 0 0 0 0
  0 0 0 0 0 0 0 0 0 0 0 0 0 0 0 0 0 0 0 0 0 0 0 0 0 0 0 0 0 0 0 0 0 0 0 0 0 0 0
  0 0 0 0 0 0 0 0 0 0 0 0 0 0 0 0 0 0 0 0 0 0 0 0 0 0 0 0 0 0 0 0 0 0 0 0 0 0 0
  0 0 0 0 0 0 0 0 0 0 0 0 0 0 0 0 0 0 0 0 0 0 0 0 0 0 0 0 0 0 0 0 0 0 0 0 0 0 0
  0) 
#(8 7 6 5 4 3 2 1 0 0 0 0 0 0 0 0 9 8 7 6 5 4 3 2 1 0 0 0 0 0 0 0 10 9 8 7 6 5
  4 3 2 1 0 0 0 0 0 0 11 10 9 8 7 6 5 4 3 2 1 0 0 0 0 0 12 11 10 9 8 7 6 5 4 3
  2 0 0 0 0 0 11 10 9 8 7 6 5 4 3 2 0 0 0 0 0 0 10 9 8 7 6 5 4 3 2 1 0 0 0 0 0
  0 9 8 7 6 5 4 3 2 1 0 0 0 0 0 0 0 8 7 6 5 4 3 2 1 0 0 0 0 0 0 0 0 7 6 5 4 3 2
  1 0 0 0 0 0 0 0 0 0 6 5 4 3 2 1 0 0 0 0 0 0 0 0 0 0 5 4 3 2 1 0 0 0 0 0 0 0 0
  0 0 0 4 3 2 1 0 0 0 0 0 0 0 0 0 0 0 0 3 2 1 0 0 0 0 0 0 0 0 0 0 0 0 0 2 1 0 0
  0 0 0 0 0 0 0 0 0 0 0 0 1 0 0 0 0 0 0 0 0 0 0 0 0 0 0 0 8 7 6 5 4 3 2 1 0 0 0
  0 0 0 0 0 9 8 7 6 5 4 3 2 1 0 0 0 0 0 0 0 10 9 8 7 6 5 4 3 2 1 0 0 0 0 0 0 11
  10 9 8 7 6 5 4 3 2 1 0 0 0 0 0 12 11 10 9 8 7 6 5 4 3 2 1 0 0 0 0 11 10 9 8 7
  6 5 4 3 2 1 0 0 0 0 0 10 9 8 7 6 5 4 3 2 1 0 0 0 0 0 0 9 8 7 6 5 4 3 2 1 0 0
  0 0 0 0 0 8 7 6 5 4 3 2 1 0 0 0 0 0 0 0 0 7 6 5 4 3 2 1 0 0 0 0 0 0 0 0 0 6 5
  4 3 2 1 0 0 0 0 0 0 0 0 0 0 5 4 3 2 1 0 0 0 0 0 0 0 0 0 0 0 4 3 2 1 0 0 0 0 0
  0 0 0 0 0 0 0 3 2 1 0 0 0 0 0 0 0 0 0 0 0 0 0 2 1 0 0 0 0 0 0 0 0 0 0 0 0 0 0
  1 0 0 0 0 0 0 0 0 0 0 0 0 0 0 0 8 7 6 5 4 3 2 1 0 0 0 0 0 0 0 0 9 8 7 6 5 4 3
  2 1 0 0 0 0 0 0 0 10 9 8 7 6 5 4 3 2 1 0 0 0 0 0 0 11 10 9 8 7 6 5 4 3 2 1 0
  0 0 0 0 12 11 10 9 8 7 6 5 4 3 2 1 0 0 0 0 11 10 9 8 7 6 5 4 3 2 1 0 0 0 0 0
  10 9 8 7 6 5 4 3 2 1 0 0 0 0 0 0 9 8 7 6 5 4 3 2 1 0 0 0 0 0 0 0 8 7 6 5 4 3
  2 1 0 0 0 0 0 0 0 0 7 6 5 4 3 2 1 0 0 0 0 0 0 0 0 0 6 5 4 3 2 1 0 0 0 0 0 0 0
  0 0 0 5 4 3 2 1 0 0 0 0 0 0 0 0 0 0 0 4 3 2 1 0 0 0 0 0 0 0 0 0 0 0 0 3 2 1 0
  0 0 0 0 0 0 0 0 0 0 0 0 2 1 0 0 0 0 0 0 0 0 0 0 0 0 0 0 1 0 0 0 0 0 0 0 0 0 0
  0 0 0 0 0 8 7 6 5 4 3 2 1 0 0 0 0 0 0 0 0 9 8 7 6 5 4 3 2 1 0 0 0 0 0 0 0 10
  9 8 7 6 5 4 3 2 1 0 0 0 0 0 0 11 10 9 8 7 6 5 4 3 2 1 0 0 0 0 0 12 11 10 9 8
  7 6 5 4 3 2 1 0 0 0 0 11 10 9 8 7 6 5 4 3 2 1 0 0 0 0 0 10 9 8 7 6 5 4 3 2 1
  0 0 0 0 0 0 9 8 7 6 5 4 3 2 1 0 0 0 0 0 0 0 8 7 6 5 4 3 2 1 0 0 0 0 0 0 0 0 7
  6 5 4 3 2 1 0 0 0 0 0 0 0 0 0 6 5 4 3 2 1 0 0 0 0 0 0 0 0 0 0 5 4 3 2 1 0 0 0
  0 0 0 0 0 0 0 0 4 3 2 1 0 0 0 0 0 0 0 0 0 0 0 0 3 2 1 0 0 0 0 0 0 0 0 0 0 0 0
  0 2 1 0 0 0 0 0 0 0 0 0 0 0 0 0 0 1 0 0 0 0 0 0 0 0 0 0 0 0 0 0 0 8 7 6 5 4 3
  2 1 0 0 0 0 0 0 0 0 9 8 7 6 5 4 3 2 1 0 0 0 0 0 0 0 10 9 8 7 6 5 4 3 2 1 0 0
  0 0 0 0 11 10 9 8 7 6 5 4 3 2 1 0 0 0 0 0 12 11 10 9 8 7 6 5 4 3 2 1 0 0 0 0
  11 10 9 8 7 6 5 4 3 2 1 0 0 0 0 0 10 9 8 7 6 5 4 3 2 1 0 0 0 0 0 0 9 8 7 6 5
  4 3 2 1 0 0 0 0 0 0 0 8 7 6 5 4 3 2 1 0 0 0 0 0 0 0 0 7 6 5 4 3 2 1 0 0 0 0 0
  0 0 0 0 6 5 4 3 2 1 0 0 0 0 0 0 0 0 0 0 5 4 3 2 1 0 0 0 0 0 0 0 0 0 0 0 4 3 2
  1 0 0 0 0 0 0 0 0 0 0 0 0 3 2 1 0 0 0 0 0 0 0 0 0 0 0 0 0 2 1 0 0 0 0 0 0 0 0
  0 0 0 0 0 0 1 0 0 0 0 0 0 0 0 0 0 0 0 0 0 0 8 7 6 5 4 3 2 1 0 0 0 0 0 0 0 0 9
  8 7 6 5 4 3 2 1 0 0 0 0 0 0 0 10 9 8 7 6 5 4 3 2 1 0 0 0 0 0 0 11 10 9 8 7 6
  5 4 3 2 1 0 0 0 0 0 12 11 10 9 8 7 6 5 4 3 2 1 0 0 0 0 11 10 9 8 7 6 5 4 3 2
  1 0 0 0 0 0 10 9 8 7 6 5 4 3 2 1 0 0 0 0 0 0 9 8 7 6 5 4 3 2 1 0 0 0 0 0 0 0
  8 7 6 5 4 3 2 1 0 0 0 0 0 0 0 0 7 6 5 4 3 2 1 0 0 0 0 0 0 0 0 0 6 5 4 3 2 1 0
  0 0 0 0 0 0 0 0 0 5 4 3 2 1 0 0 0 0 0 0 0 0 0 0 0 4 3 2 1 0 0 0 0 0 0 0 0 0 0
  0 0 3 2 1 0 0 0 0 0 0 0 0 0 0 0 0 0 2 1 0 0 0 0 0 0 0 0 0 0 0 0 0 0 1 0 0 0 0
  0 0 0 0 0 0 0 0 0 0 0 8 7 6 5 4 3 2 1 0 0 0 0 0 0 0 0 9 8 7 6 5 4 3 2 1 0 0 0
  0 0 0 0 10 9 8 7 6 5 4 3 2 1 0 0 0 0 0 0 11 10 9 8 7 6 5 4 3 2 1 0 0 0 0 0 12
  11 10 9 8 7 6 5 4 3 2 1 0 0 0 0 11 10 9 8 7 6 5 4 3 2 1 0 0 0 0 0 10 9 8 7 6
  5 4 3 2 1 0 0 0 0 0 0 9 8 7 6 5 4 3 2 1 0 0 0 0 0 0 0 8 7 6 5 4 3 2 1 0 0 0 0
  0 0 0 0 7 6 5 4 3 2 1 0 0 0 0 0 0 0 0 0 6 5 4 3 2 1 0 0 0 0 0 0 0 0 0 0 5 4 3
  2 1 0 0 0 0 0 0 0 0 0 0 0 4 3 2 1 0 0 0 0 0 0 0 0 0 0 0 0 3 2 1 0 0 0 0 0 0 0
  0 0 0 0 0 0 2 1 0 0 0 0 0 0 0 0 0 0 0 0 0 0 1 0 0 0 0 0 0 0 0 0 0 0 0 0 0 0 8
  7 6 5 4 3 2 1 0 0 0 0 0 0 0 0 9 8 7 6 5 4 3 2 1 0 0 0 0 0 0 0 10 9 8 7 6 5 4
  3 2 1 0 0 0 0 0 0 11 10 9 8 7 6 5 4 3 2 1 0 0 0 0 0 12 11 10 9 8 7 6 5 4 3 2
  1 0 0 0 0 11 10 9 8 7 6 5 4 3 2 1 0 0 0 0 0 10 9 8 7 6 5 4 3 2 1 0 0 0 0 0 0
  9 8 7 6 5 4 3 2 1 0 0 0 0 0 0 0 0 7 6 5 4 3 2 1 0 0 0 0 0 0 0 0 0 0 5 4 3 2 1
  0 0 0 0 0 0 0 0 0 0 0 0 3 2 1 0 0 0 0 0 0 0 0 0 0 0 0 0 0 0 0 0 0 0 0 0 0 0 0
  0 0 0 0 0 0 0 0 0 0 0 0 0 0 0 0 0 0 0 0 0 0 0 0 0 0 0 0 0 0 0 0 0 0 0 0 0 0 0
  0 0 0 0 0 0 0 0 0 0 0 0 0 0 0 0 0 0 0 0 0 0 0 0 0 0 0 8 7 6 5 4 3 2 1 0 0 0 0
  0 0 0 0 9 8 7 6 5 4 3 2 1 0 0 0 0 0 0 0 10 9 8 7 6 5 4 3 2 1 0 0 0 0 0 0 11
  10 9 8 7 6 5 4 3 2 1 0 0 0 0 0 12 11 10 9 8 7 6 5 4 3 2 0 0 0 0 0 11 10 9 8 7
  6 6 5 4 3 0 0 0 0 0 0 10 9 8 7 6 5 5 4 3 0 0 0 0 0 0 0 0 8 7 6 5 4 4 3 0 0 0
  0 0 0 0 0 0 0 6 5 4 3 3 0 0 0 0 0 0 0 0 0 0 0 0 4 3 2 0 0 0 0 0 0 0 0 0 0 0 0
  0 0 0 0 0 0 0 0 0 0 0 0 0 0 0 0 0 0 0 0 0 0 0 0 0 0 0 0 0 0 0 0 0 0 0 0 0 0 0
  0 0 0 0 0 0 0 0 0 0 0 0 0 0 0 0 0 0 0 0 0 0 0 0 0 0 0 0 0 0 0 0 0 0 0 0 0 0 0
  0 0 0 0 0 0 0 0 0 0 0 0 0 0 0 0 8 7 6 5 4 3 2 1 0 1 0 0 0 0 0 0 9 8 7 6 5 4 3
  2 1 0 0 0 0 0 0 0 10 9 8 7 6 5 4 3 2 1 0 0 0 0 0 0 11 10 9 8 7 6 5 4 3 2 1 0
  0 0 0 0 12 11 10 9 8 7 6 5 4 3 0 0 0 0 0 0 11 10 9 8 7 6 7 6 5 0 0 0 0 0 0 0
  0 9 8 7 6 5 6 5 0 0 0 0 0 0 0 0 0 0 7 6 5 4 5 0 0 0 0 0 0 0 0 0 0 0 0 5 4 3 0
  0 0 0 0 0 0 0 0 0 0 0 0 0 0 0 0 0 0 0 0 0 0 0 0 0 0 0 0 0 0 0 0 0 0 0 0 0 0 0
  0 0 0 0 0 0 0 0 0 0 0 0 0 0 0 0 0 0 0 0 0 0 0 0 0 0 0 0 0 0 0 0 0 0 0 0 0 0 0
  0 0 0 0 0 0 0 0 0 0 0 0 0 0 0 0 0 0 0 0 0 0 0 0 0 0 0 0 0 0 0 0 0 0 0 0 0 0 0
  0 0 0 0 8 7 6 5 4 3 3 2 1 2 1 0 0 0 0 0 9 8 7 6 5 4 4 3 2 1 0 0 0 0 0 0 10 9
  8 7 6 5 5 4 3 2 1 0 0 0 0 0 11 10 9 8 7 6 6 5 4 3 0 0 0 0 0 0 12 11 10 9 8 7
  7 6 5 0 0 0 0 0 0 7 11 10 9 8 7 7 8 7 0 0 0 0 0 0 0 8 0 0 8 7 6 6 7 0 0 0 0 0
  0 0 0 9 0 0 0 6 5 5 0 0 0 0 0 0 0 0 0 0 0 0 0 0 0 0 0 0 0 0 0 0 0 0 0 0 0 0 0
  0 0 0 0 0 0 0 0 0 0 0 0 0 0 0 0 0 0 0 0 0 0 0 0 0 0 0 0 0 0 0 0 0 0 0 0 0 0 0
  0 0 0 0 0 0 0 0 0 0 0 0 0 0 0 0 0 0 0 0 0 0 0 0 0 0 0 0 0 0 0 0 0 0 0 0 0 0 0
  0 0 0 0 0 0 0 0 0 0 0 0 0 0 0 0 0 0 0 0 0 0 0 0 0 0 0 0 0 0 0 8 7 6 5 4 3 4 3
  2 3 2 1 0 0 0 0 9 8 7 6 5 4 5 4 3 2 1 0 0 0 0 0 10 9 8 7 6 5 6 5 4 3 0 0 0 0
  0 0 11 10 9 8 7 6 7 6 5 0 0 0 0 0 0 6 12 11 10 9 8 7 8 7 0 0 0 0 0 0 8 7 11
  10 9 8 7 8 9 0 0 0 0 0 0 0 9 8 0 0 0 7 6 7 0 0 0 0 0 0 0 0 0 9 0 0 0 0 0 0 0
  0 0 0 0 0 0 0 0 10 0 0 0 0 0 0 0 0 0 0 0 0 0 0 0 0 0 0 0 0 0 0 0 0 0 0 0 0 0
  0 0 0 0 0 0 0 0 0 0 0 0 0 0 0 0 0 0 0 0 0 0 0 0 0 0 0 0 0 0 0 12 11 0 0 0 0 0
  0 0 0 0 0 0 0 0 12 11 12 13 0 0 0 0 0 0 0 0 0 0 0 10 11 12 13 14 14 0 0 0 0 0
  0 0 0 0 10 11 12 13 14 15 15 0 0 0 0 0 0 0 0 8 9 10 11 12 13 14 15 8 7 6 5 4
  4 5 4 3 4 3 0 0 0 0 0 9 8 7 6 5 5 6 5 4 3 0 0 0 0 0 0 10 9 8 7 6 6 7 6 5 0 0
  0 0 0 0 6 11 10 9 8 7 7 8 7 0 0 0 0 0 0 8 7 12 11 10 9 8 8 9 0 0 0 0 0 0 9 9
  8 11 10 9 8 8 9 10 0 0 0 0 0 0 10 10 9 10 0 0 0 0 0 0 0 0 0 0 0 0 0 11 10 0 0
  0 0 0 0 0 0 0 13 0 0 0 0 0 11 0 0 0 0 0 0 0 0 13 14 15 0 0 0 0 12 0 0 0 0 0 0
  0 12 13 14 15 15 0 0 0 0 0 0 0 0 0 0 10 11 12 13 14 15 14 0 0 0 0 0 0 0 0 8 9
  10 11 12 13 14 13 12 0 0 0 0 0 0 6 7 8 9 10 11 12 13 12 12 13 13 0 0 0 4 5 6
  7 8 9 10 11 12 12 13 14 14 0 0 3 4 5 6 7 8 9 10 11 12 13 14 15 15 0 1 2 3 4 5
  6 7 8 9 10 11 12 13 14 15 8 7 6 5 4 5 6 5 4 5 0 0 0 0 0 0 9 8 7 6 5 6 7 6 5 0
  0 0 0 0 0 0 10 9 8 7 6 7 8 7 0 0 0 0 0 0 8 7 11 10 9 8 7 8 9 0 0 0 0 0 0 9 9
  8 12 11 10 9 8 9 10 0 0 0 0 0 0 10 10 9 11 10 9 8 9 10 11 12 13 0 0 0 0 11 11
  10 10 9 8 9 10 11 12 13 14 15 0 0 0 12 12 11 9 8 7 8 9 10 11 12 13 14 15 0 0
  0 13 12 8 7 7 8 9 10 11 12 13 14 15 15 0 0 0 13 7 6 7 8 9 10 11 12 13 14 15
  15 15 0 0 12 6 5 6 7 8 9 10 11 12 13 14 15 14 13 0 0 5 4 5 6 7 8 9 10 11 12
  13 14 13 12 0 0 4 3 4 5 6 7 8 9 10 11 12 13 12 12 13 13 3 2 3 4 5 6 7 8 9 10
  11 12 12 13 14 14 2 2 3 4 5 6 7 8 9 10 11 12 13 14 15 15 1 1 2 3 4 5 6 7 8 9
  10 11 12 13 14 15 8 7 6 5 4 5 6 5 5 6 0 0 0 0 0 0 9 8 7 6 5 6 7 6 6 0 0 0 0 0
  0 0 10 9 8 7 6 7 8 7 0 0 0 0 9 9 9 8 11 10 9 8 7 8 9 0 0 0 0 0 10 10 10 9 12
  11 10 9 8 9 10 0 0 0 0 0 11 11 11 10 11 10 9 8 9 10 11 12 13 14 0 0 0 12 12
  11 10 9 8 9 10 11 12 13 14 15 15 0 0 13 13 12 9 8 7 8 9 10 11 12 13 14 15 15
  15 14 14 13 8 7 7 8 9 10 11 12 13 14 15 15 15 15 15 14 7 6 7 8 9 10 11 12 13
  14 15 15 15 14 14 13 6 5 6 7 8 9 10 11 12 13 14 15 14 13 13 13 5 4 5 6 7 8 9
  10 11 12 13 14 13 12 0 13 4 3 4 5 6 7 8 9 10 11 12 13 12 12 13 13 3 2 3 4 5 6
  7 8 9 10 11 12 12 13 14 14 2 2 3 4 5 6 7 8 9 10 11 12 13 14 15 15 1 1 2 3 4 5
  6 7 8 9 10 11 12 13 14 15 8 7 6 5 4 5 6 6 6 7 7 0 0 0 0 0 9 8 7 6 5 6 7 7 7 8
  0 0 0 0 0 0 10 9 8 7 6 7 8 8 0 0 0 0 10 9 9 8 11 10 9 8 7 8 9 0 0 0 0 0 11 10
  10 9 12 11 10 9 8 9 10 0 0 0 0 0 12 11 11 10 11 10 9 8 9 10 11 12 13 14 14 13
  13 12 12 11 10 9 8 9 10 11 12 13 14 15 15 14 14 13 13 12 9 8 7 8 9 10 11 12
  13 14 15 15 15 14 14 13 8 7 7 8 9 10 11 12 13 14 15 15 15 15 15 14 7 6 7 8 9
  10 11 12 13 14 15 15 15 0 0 0 6 5 6 7 8 9 10 11 12 13 14 15 0 0 0 0 5 4 5 6 7
  8 9 10 11 12 13 14 0 0 0 0 4 3 4 5 6 7 8 9 10 11 12 13 0 0 0 0 3 2 3 4 5 6 7
  8 9 10 11 12 0 0 0 0 2 2 3 4 5 6 7 8 9 10 11 12 13 14 15 15 1 1 2 3 4 5 6 7 8
  9 10 11 12 13 14 15) 