
#(0 0 0 0 0 0 0 0 0 0 0 0 0 0 0 0 0 0 0 0 0 0 0 0 0 0 0 0 0 0 0 0 0 0 0 0 0 0 0
  0 0 0 0 0 0 0 0 0 0 0 0 0 0 0 0 0 0 0 0 0 0 0 0 0 0 0 0 0 0 0 0 0 0 0 0 0 0 0
  0 0 0 0 0 0 0 0 0 0 0 0 0 0 0 0 0 0 0 0 0 0 0 0 0 0 0 0 0 0 0 0 0 0 0 0 0 0 0
  0 0 0 0 0 0 0 0 0 0 0 0 0 0 0 0 0 0 0 0 0 0 0 0 0 0 0 0 0 0 0 0 0 0 0 0 0 0 0
  0 0 0 0 0 0 0 0 0 0 0 0 0 0 0 0 0 0 0 0 0 0 0 0 0 0 0 0 0 0 0 0 0 0 0 0 0 0 0
  0 0 0 0 0 0 0 0 0 0 0 0 0 0 0 0 0 0 0 0 0 0 0 0 0 0 0 0 0 0 0 0 0 0 0 0 0 0 0
  0 0 0 0 0 0 0 0 0 0 0 0 0 0 0 0 0 0 0 0 0 0 0 0 0 0 0 0 0 0 0 0 0 0 0 0 0 0 0
  0 0 0 0 0 0 0 0 0 0 0 0 0 0 0 0 0 0 0 0 0 0 0 0 0 0 0 0 0 0 0 0 0 0 0 0 0 0 0
  0 0 0 0 0 0 0 0 0 0 0 0 0 0 0 0 0 0 0 0 0 0 0 0 0 0 0 0 0 0 0 0 0 0 0 0 0 0 0
  0 0 0 0 0 0 0 0 0 0 0 0 0 0 0 0 0 0 0 0 0 0 0 0 0 0 0 0 0 0 0 0 0 0 0 0 0 0 0
  0 0 0 0 0 0 0 0 0 0 0 0 0 0 0 0 0 0 0 0 0 0 0 0 0 0 0 0 0 0 0 0 0 0 0 0 0 0 0
  0 0 0 0 0 0 0 0 0 0 0 0 0 0 0 0 0 0 0 0 0 0 0 0 0 0 0 0 0 0 0 0 0 0 0 0 0 0 0
  0 0 0 0 0 0 0 0 0 0 0 0 0 0 0 0 0 0 0 0 0 0 0 0 0 0 0 0 0 0 0 0 0 0 0 0 0 0 0
  0 0 0 0 0 0 0 0 0 0 0 0 0 0 0 0 0 0 0 0 0 0 0 0 0 0 0 0 0 0 0 0 0 0 0 0 0 0 0
  0 0 0 0 0 0 0 0 0 0 0 0 0 0 0 0 0 0 0 0 0 0 0 0 0 0 0 0 0 0 0 0 0 0 0 0 0 0 0
  0 0 0 0 0 0 0 0 0 0 0 0 0 0 0 0 0 0 0 0 0 0 0 0 0 0 0 0 0 0 0 0 0 0 0 0 0 0 0
  0 0 0 0 0 0 0 0 0 0 0 0 0 0 0 0 0 0 0 0 0 0 0 0 0 0 0 0 0 0 0 0 0 0 0 0 0 0 0
  0 0 0 0 0 0 0 0 0 0 0 0 0 0 0 0 0 0 0 0 0 0 0 0 0 0 0 0 0 0 0 0 0 0 0 0 0 0 0
  0 0 0 0 0 0 0 0 0 0 0 0 0 0 0 0 0 0 0 0 0 0 0 0 0 0 0 0 0 0 0 0 0 0 0 0 0 0 0
  0 0 0 0 0 0 0 0 0 0 0 0 0 0 0 0 0 0 0 0 0 0 0 0 0 0 0 0 0 0 0 0 0 0 0 0 0 0 0
  0 0 0 0 0 0 0 0 0 0 0 0 0 0 0 0 0 0 0 0 0 0 0 0 0 0 0 0 0 0 0 0 0 0 0 0 0 0 0
  0 0 0 0 0 0 0 0 0 0 0 0 0 0 0 0 0 0 0 0 0 0 0 0 0 0 0 0 0 0 0 0 0 0 0 0 0 0 0
  0 0 0 0 0 0 0 0 0 0 0 0 0 0 0 0 0 0 0 0 0 0 0 0 0 0 0 0 0 0 0 0 0 0 0 0 0 0 0
  0 0 0 0 0 0 0 0 0 0 0 0 0 0 0 0 0 0 0 0 0 0 0 0 0 0 0 0 0 0 0 0 0 0 0 0 0 0 0
  0 0 0 0 0 0 0 0 0 0 0 0 0 0 0 0 0 0 0 0 0 0 0 0 0 0 0 0 0 0 0 0 0 0 0 0 0 0 0
  0 0 0 0 0 0 0 0 0 0 0 0 0 0 0 0 0 0 0 0 0 0 0 0 0 0 0 0 0 0 0 0 0 0 0 0 0 0 0
  0 0 0 0 0 0 0 0 0 0 0 0 0 0 0 0 0 0 0 0 0 0 0 0 0 0 0 0 0 0 0 0 0 0 0 0 0 0 0
  0 0 0 0 0 0 0 0 0 0 0 0 0 0 0 0 0 0 0 0 0 0 0 0 0 0 0 0 0 0 0 0 0 0 0 0 0 0 0
  0 0 0 0 0 0 0 0 0 0 0 0 0 0 0 0 0 0 0 0 0 0 0 0 0 0 0 0 0 0 0 0 0 0 0 0 0 0 0
  0 0 0 0 0 0 0 0 0 0 0 0 0 0 0 0 0 0 0 0 0 0 0 0 0 0 0 0 0 0 0 0 0 0 0 0 0 0 0
  0 0 0 0 0 0 0 0 0 0 0 0 0 0 0 0 0 0 0 0 0 0 0 0 0 0 0 0 0 0 0 0 0 0 0 0 0 0 0
  0 0 0 0 0 0 0 0 0 0 0 0 0 0 0 0 0 0 0 0 0 0 0 0 0 0 0 0 0 0 0 0 0 0 0 0 0 0 0
  0 0 0 0 0 0 0 0 0 0 0 0 0 0 0 0 0 0 0 0 0 0 0 0 0 0 0 0 0 0 0 0 0 0 0 0 0 0 0
  0 0 0 0 0 0 0 0 0 0 0 0 0 0 0 0 0 0 0 0 0 0 0 0 0 0 0 0 0 0 0 0 0 0 0 0 0 0 0
  0 0 0 0 0 0 0 0 0 0 0 0 0 0 0 0 0 0 0 0 0 0 0 0 0 0 0 0 0 0 0 0 0 0 0 0 0 0 0
  0 0 0 0 0 0 0 0 0 0 0 0 0 0 0 0 0 0 0 0 0 0 0 0 0 0 0 0 0 0 0 0 0 0 0 0 0 0 0
  0 0 0 0 0 0 0 0 0 0 0 0 0 0 0 0 0 0 0 0 0 0 0 0 0 0 0 0 0 0 0 0 0 0 0 0 0 0 0
  0 0 0 0 0 0 0 0 0 0 0 0 0 0 0 0 0 0 0 0 0 0 0 0 0 0 0 0 0 0 0 0 0 0 0 0 0 0 0
  0 0 0 0 0 0 0 0 0 0 0 0 0 0 0 0 0 0 0 0 0 0 0 0 0 0 0 0 0 0 0 0 0 0 0 0 0 0 0
  0 0 0 0 0 0 0 0 0 0 0 0 0 0 0 0 0 0 0 0 0 0 0 0 0 0 0 0 0 0 0 0 0 0 0 0 0 0 0
  0 0 0 0 0 0 0 0 0 0 0 0 0 0 0 0 0 0 0 0 0 0 0 0 0 0 0 0 0 0 0 0 0 0 0 0 0 0 0
  0 0 0 0 0 0 0 0 0 0 0 0 0 0 0 0 0 0 0 0 0 0 0 0 0 0 0 0 0 0 0 0 0 0 0 0 0 0 0
  0 0 0 0 0 0 0 0 0 0 0 0 0 0 0 0 0 0 0 0 0 0 0 0 0 0 0 0 0 0 0 0 0 0 0 0 0 0 0
  0 0 0 0 0 0 0 0 0 0 0 0 0 0 0 0 0 0 0 0 0 0 0 0 0 0 0 0 0 0 0 0 0 0 0 0 0 0 0
  0 0 0 0 0 0 0 0 0 0 0 0 0 0 0 0 0 0 0 0 0 0 0 0 0 0 0 0 0 0 0 0 0 0 0 0 0 0 0
  0 0 0 0 0 0 0 0 0 0 0 0 0 0 0 0 0 0 0 0 0 0 0 0 0 0 0 0 0 0 0 0 0 0 0 0 0 0 0
  0 0 0 0 0 0 0 0 0 0 0 0 0 0 0 0 0 0 0 0 0 0 0 0 0 0 0 0 0 0 0 0 0 0 0 0 0 0 0
  0 0 0 0 0 0 0 0 0 0 0 0 0 0 0 0 0 0 0 0 0 0 0 0 0 0 0 0 0 0 0 0 0 0 0 0 0 0 0
  0 0 0 0 0 0 0 0 0 0 0 0 0 0 0 0 0 0 0 0 0 0 0 0 0 0 0 0 0 0 0 0 0 0 0 0 0 0 0
  0 0 0 0 0 0 0 0 0 0 0 0 0 0 0 0 0 0 0 0 0 0 0 0 0 0 0 0 0 0 0 0 0 0 0 0 0 0 0
  0 0 0 0 0 0 0 0 0 0 0 0 0 0 0 0 0 0 0 0 0 0 0 0 0 0 0 0 0 0 0 0 0 0 0 0 0 0 0
  0 0 0 0 0 0 0 0 0 0 0 0 0 0 0 0 0 0 0 0 0 0 0 0 0 0 0 0 0 0 0 0 0 0 0 0 0 0 0
  0 0 0 0 0 0 0 0 0 0 0 0 0 0 0 0 0 0 0 0 0 0 0 0 0 0 0 0 0 0 0 0 0 0 0 0 0 0 0
  0 0 0 0 0 0 0 0 0 0 0 0 0 0 0 0 0 0 0 0 0 0 0 0 0 0 0 0 0 0 0 0 0 0 0 0 0 0 0
  0 0 0 0 0 0 0 0 0 0 0 0 0 0 0 0 0 0 0 0 0 0 0 0 0 0 0 0 0 0 0 0 0 0 0 0 0 0 0
  0 0 0 0 0 0 0 0 0 0 0 0 0 0 0 0 0 0 0 0 0 0 0 0 0 0 0 0 0 0 0 0 0 0 0 0 0 0 0
  0 0 0 0 0 0 0 0 0 0 0 0 0 0 0 0 0 0 0 0 0 0 0 0 0 0 0 0 0 0 0 0 0 0 0 0 0 0 0
  0 0 0 0 0 0 0 0 0 0 0 0 0 0 0 0 0 0 0 0 0 0 0 0 0 0 0 0 0 0 0 0 0 0 0 0 0 0 0
  0 0 0 0 0 0 0 0 0 0 0 0 0 0 0 0 0 0 0 0 0 0 0 0 0 0 0 0 0 0 0 0 0 0 0 0 0 0 0
  0 0 0 0 0 0 0 0 0 0 0 0 0 0 0 0 0 0 0 0 0 0 0 0 0 0 0 0 0 0 0 0 0 0 0 0 0 0 0
  0 0 0 0 0 0 0 0 0 0 0 0 0 0 0 0 0 0 0 0 0 0 0 0 0 0 0 0 0 0 0 0 0 0 0 0 0 0 0
  0 0 0 0 0 0 0 0 0 0 0 0 0 0 0 0 0 0 0 0 0 0 0 0 0 0 0 0 0 0 0 0 0 0 0 0 0 0 0
  0 0 0 0 0 0 0 0 0 0 0 0 0 0 0 0 0 0 0 0 0 0 0 0 0 0 0 0 0 0 0 0 0 0 0 0 0 0 0
  0 0 0 0 0 0 0 0 0 0 0 0 0 0 0 0 0 0 0 0 0 0 0 0 0 0 0 0 0 0 0 0 0 0 0 0 0 0 0
  0 0 0 0 0 0 0 0 0 0 0 0 0 0 0 0 0 0 0 0 0 0 0 0 0 0 0 0 0 0 0 0 0 0 0 0 0 0 0
  0 0 0 0 0 0 0 0 0 0 0 0 0 0 0 0 0 0 0 0 0 0 0 0 0 0 0 0 0 0 0 0 0 0 0 0 0 0 0
  0 0 0 0 0 0 0 0 0 0 0 0 0 0 0 0 0 0 0 0 0 0 0 0 0 0 0 0 0 0 0 0 0 0 0 0 0 0 0
  0 0 0 0 0 0 0 0 0 0 0 0 0 0 0 0 0 0 0 0 0 0 0 0 0 0 0 0 0 0 0 0 0 0 0 0 0 0 0
  0 0 0 0 0 0 0 0 0 0 0 0 0 0 0 0 0 0 0 0 0 0 0 0 0 0 0 0 0 0 0 0 0 0 0 0 0 0 0
  0 0 0 0 0 0 0 0 0 0 0 0 0 0 0 0 0 0 0 0 0 0 0 0 0 0 0 0 0 0 0 0 0 0 0 0 0 0 0
  0 0 0 0 0 0 0 0 0 0 0 0 0 0 0 0 0 0 0 0 0 0 0 0 0 0 0 0 0 0 0 0 0 0 0 0 0 0 0
  0 0 0 0 0 0 0 0 0 0 0 0 0 0 0 0 0 0 0 0 0 0 0 0 0 0 0 0 0 0 0 0 0 0 0 0 0 0 0
  0 0 0 0 0 0 0 0 0 0 0 0 0 0 0 0 0 0 0 0 0 0 0 0 0 0 0 0 0 0 0 0 0 0 0 0 0 0 0
  0 0 0 0 0 0 0 0 0 0 0 0 0 0 0 0 0 0 0 0 0 0 0 0 0 0 0 0 0 0 0 0 0 0 0 0 0 0 0
  0 0 0 0 0 0 0 0 0 0 0 0 0 0 0 0 0 0 0 0 0 0 0 0 0 0 0 0 0 0 0 0 0 0 0 0 0 0 0
  0 0 0 0 0 0 0 0 0 0 0 0 0 0 0 0 0 0 0 0 0 0 0 0 0 0 0 0 0 0 0 0 0 0 0 0 0 0 0
  0 0 0 0 0 0 0 0 0 0 0 0 0 0 0 0 0 0 0 0 0 0 0 0 0 0 0 0 0 0 0 0 0 0 0 0 0 0 0
  0 0 0 0 0 0 0 0 0 0 0 0 0 0 0 0 0 0 0 0 0 0 0 0 0 0 0 0 0 0 0 0 0 0 0 0 0 0 0
  0 0 0 0 0 0 0 0 0 0 0 0 0 0 0 0 0 0 0 0 0 0 0 0 0 0 0 0 0 0 0 0 0 0 0 0 0 0 0
  0 0 0 0 0 0 0 0 0 0 0 0 0 0 0 0 0 0 0 0 0 0 0 0 0 0 0 0 0 0 0 0 0 0 0 0 0 0 0
  0 0 0 0 0 0 0 0 0 0 0 0 0 0 0 0 0 0 0 0 0 0 0 0 0 0 0 0 0 0 0 0 0 0 0 0 0 0 0
  0 0 0 0 0 0 0 0 0 0 0 0 0 0 0 0 0 0 0 0 0 0 0 0 0 0 0 0 0 0 0 0 0 0 0 0 0 0 0
  0 0 0 0 0 0 0 0 0 0 0 0 0 0 0 0 0 0 0 0 0 0 0 0 0 0 0 0 0 0 0 0 0 0 0 0 0 0 0
  0 0 0 0 0 0 0 0 0 0 0 0 0 0 0 0 0 0 0 0 0 0 0 0 0 0 0 0 0 0 0 0 0 0 0 0 0 0 0
  0 0 0 0 0 0 0 0 0 0 0 0 0 0 0 0 0 0 0 0 0 0 0 0 0 0 0 0 0 0 0 0 0 0 0 0 0 0 0
  0 0 0 0 0 0 0 0 0 0 0 0 0 0 0 0 0 0 0 0 0 0 0 0 0 0 0 0 0 0 0 0 0 0 0 0 0 0 0
  0 0 0 0 0 0 0 0 0 0 0 0 0 0 0 0 0 0 0 0 0 0 0 0 0 0 0 0 0 0 0 0 0 0 0 0 0 0 0
  0 0 0 0 0 0 0 0 0 0 0 0 0 0 0 0 0 0 0 0 0 0 0 0 0 0 0 0 0 0 0 0 0 0 0 0 0 0 0
  0 0 0 0 0 0 0 0 0 0 0 0 0 0 0 0 0 0 0 0 0 0 0 0 0 0 0 0 0 0 0 0 0 0 0 0 0 0 0
  0 0 0 0 0 0 0 0 0 0 0 0 0 0 0 0 0 0 0 0 0 0 0 0 0 0 0 0 0 0 0 0 0 0 0 0 0 0 0
  0 0 0 0 0 0 0 0 0 0 0 0 0 0 0 0 0 0 0 0 0 0 0 0 0 0 0 0 0 0 0 0 0 0 0 0 0 0 0
  0 0 0 0 0 0 0 0 0 0 0 0 0 0 0 0 0 0 0 0 0 0 0 0 0 0 0 0 0 0 0 0 0 0 0 0 0 0 0
  0 0 0 0 0 0 0 0 0 0 0 0 0 0 0 0 0 0 0 0 0 0 0 0 0 0 0 0 0 0 0 0 0 0 0 0 0 0 0
  0 0 0 0 0 0 0 0 0 0 0 0 0 0 0 0 0 0 0 0 0 0 0 0 0 0 0 0 0 0 0 0 0 0 0 0 0 0 0
  0 0 0 0 0 0 0 0 0 0 0 0 0 0 0 0 0 0 0 0 0 0 0 0 0 0 0 0 0 0 0 0 0 0 0 0 0 0 0
  0 0 0 0 0 0 0 0 0 0 0 0 0 0 0 0 0 0 0 0 0 0 0 0 0 0 0 0 0 0 0 0 0 0 0 0 0 0 0
  0 0 0 0 0 0 0 0 0 0 0 0 0 0 0 0 0 0 0 0 0 0 0 0 0 0 0 0 0 0 0 0 0 0 0 0 0 0 0
  0 0 0 0 0 0 0 0 0 0 0 0 0 0 0 0 0 0 0 0 0 0 0 0 0 0 0 0 0 0 0 0 0 0 0 0 0 0 0
  0 0 0 0 0 0 0 0 0 0 0 0 0 0 0 0 0 0 0 0 0 0 0 0 0 0 0 0 0 0 0 0 0 0 0 0 0 0 0
  0 0 0 0 0 0 0 0 0 0 0 0 0 0 0 0 0 0 0 0 0 0 0 0 0 0 0 0 0 0 0 0 0 0 0 0 0 0 0
  0 0 0 0 0 0 0 0 0 0 0 0 0 0 0 0 0 0 0 0 0 0 0 0 0 0 0 0 0 0 0 0 0 0 0 0 0 0 0
  0 0 0 0 0 0 0 0 0 0 0 0 0 0 0 0 0 0 0 0 0 0 0 0 0 0 0 0 0 0 0 0 0 0 0 0 0 0 0
  0 0 0 0 0 0 0 0 0 0 0 0 0 0 0 0 0 0 0 0 0 0 0 0 0 0 0 0 0 0 0 0 0 0 0 0 0 0 0
  0 0 0 0 0 0 0 0 0 0 0 0 0 0 0 0 0 0 0 0 0 0 0 0 0 0 0 0 0 0 0 0 0 0 0 0 0 0 0
  0 0 0 0 0 0 0 0 0 0 0 0 0 0 0 0 0 0 0 0 0 0 0 0 0 0 0 0 0 0 0 0 0 0 0 0 0 0 0
  0) 
#(0 0 0 0 0 0 0 0 0 0 0 0 0 0 0 0 0 0 0 0 0 0 0 0 0 0 0 0 0 0 0 0 0 0 0 0 0 0 0
  0 0 0 0 0 0 0 0 0 0 0 0 0 0 0 0 0 0 0 0 0 0 0 0 0 0 0 0 0 0 0 0 0 0 0 0 0 0 0
  0 0 0 0 0 0 0 0 0 0 0 0 0 0 0 0 0 0 0 0 0 0 0 0 0 0 0 0 0 0 0 0 0 0 0 0 0 0 0
  0 0 0 0 0 0 0 0 0 0 0 0 0 0 0 0 0 0 0 0 0 0 0 0 0 0 0 0 0 0 0 0 0 0 0 0 0 0 0
  0 0 0 0 0 0 0 0 0 0 0 0 0 0 0 0 0 0 0 0 0 0 0 0 0 0 0 0 0 0 0 0 0 0 0 0 0 0 0
  0 0 0 0 0 0 0 0 0 0 0 0 0 0 0 0 0 0 0 0 0 0 0 0 0 0 0 0 0 0 0 0 0 0 0 0 0 0 0
  0 0 0 0 0 0 0 0 0 0 0 0 0 0 0 0 0 0 0 0 0 0 0 0 0 0 0 0 0 0 0 0 0 0 0 0 0 0 0
  0 0 0 0 0 0 0 0 0 0 0 0 0 0 0 0 0 0 0 0 0 0 0 0 0 0 0 0 0 0 0 0 0 0 0 0 0 0 0
  0 0 0 0 0 0 0 0 0 0 0 0 0 0 0 0 0 0 0 0 0 0 0 0 0 0 0 0 0 0 0 0 0 0 0 0 0 0 0
  0 0 0 0 0 0 0 0 0 0 0 0 0 0 0 0 0 0 0 0 0 0 0 0 0 0 0 0 0 0 0 0 0 0 0 0 0 0 0
  0 0 0 0 0 0 0 0 0 0 0 0 0 0 0 0 0 0 0 0 0 0 0 0 0 0 0 0 0 0 0 0 0 0 0 0 0 0 0
  0 0 0 0 0 0 0 0 0 0 0 0 0 0 0 0 0 0 0 0 0 0 0 0 0 0 0 0 0 0 0 0 0 0 0 0 0 0 0
  0 0 0 0 0 0 0 0 0 0 0 0 0 0 0 0 0 0 0 0 0 0 0 0 0 0 0 0 0 0 0 0 0 0 0 0 0 0 0
  0 0 0 0 0 0 0 0 0 0 0 0 0 0 0 0 0 0 0 0 0 0 0 0 0 0 0 0 0 0 0 0 0 0 0 0 0 0 0
  0 0 0 0 0 0 0 0 0 0 0 0 0 0 0 0 0 0 0 0 0 0 0 0 0 0 0 0 0 0 0 0 0 0 0 0 0 0 0
  0 0 0 0 0 0 0 0 0 0 0 0 0 0 0 0 0 0 0 0 0 0 0 0 0 0 0 0 0 0 0 0 0 0 0 0 0 0 0
  0 0 0 0 0 0 0 0 0 0 0 0 0 0 0 0 0 0 0 0 0 0 0 0 0 0 0 0 0 0 0 0 0 0 0 0 0 0 0
  0 0 0 0 0 0 0 0 0 0 0 0 0 0 0 0 0 0 0 0 0 0 0 0 0 0 0 0 0 0 0 0 0 0 0 0 0 0 0
  0 0 0 0 0 0 0 0 0 0 0 0 0 0 0 0 0 0 0 0 0 0 0 0 0 0 0 0 0 0 0 0 0 0 0 0 0 0 0
  0 0 0 0 0 0 0 0 0 0 0 0 0 0 0 0 0 0 0 0 0 0 0 0 0 0 0 0 0 0 0 0 0 0 0 0 0 0 0
  0 0 0 0 0 0 0 0 0 0 0 0 0 0 0 0 0 0 0 0 0 0 0 0 0 0 0 0 0 0 0 0 0 0 0 0 0 0 0
  0 0 0 0 0 0 0 0 0 0 0 0 0 0 0 0 0 0 0 0 0 0 0 0 0 0 0 0 0 0 0 0 0 0 0 0 0 0 0
  0 0 0 0 0 0 0 0 0 0 0 0 0 0 0 0 0 0 0 0 0 0 0 0 0 0 0 0 0 0 0 0 0 0 0 0 0 0 0
  0 0 0 0 0 0 0 0 0 0 0 0 0 0 0 0 0 0 0 0 0 0 0 0 0 0 0 0 0 0 0 0 0 0 0 0 0 0 0
  0 0 0 0 0 0 0 0 0 0 0 0 0 0 0 0 0 0 0 0 0 0 0 0 0 0 0 0 0 0 0 0 0 0 0 0 0 0 0
  0 0 0 0 0 0 0 0 0 0 0 0 0 0 0 0 0 0 0 0 0 0 0 0 0 0 0 0 0 0 0 0 0 0 0 0 0 0 0
  0 0 0 0 0 0 0 0 0 0 0 0 0 0 0 0 0 0 0 0 0 0 0 0 0 0 0 0 0 0 0 0 0 0 0 0 0 0 0
  0 0 0 0 0 0 0 0 0 0 0 0 0 0 0 0 0 0 0 0 0 0 0 0 0 0 0 0 0 0 0 0 0 0 0 0 0 0 0
  0 0 0 0 0 0 0 0 0 0 0 0 0 0 0 0 0 0 0 0 0 0 0 0 0 0 0 0 0 0 0 0 0 0 0 0 0 0 0
  0 0 0 0 0 0 0 0 0 0 0 0 0 0 0 0 0 0 0 0 0 0 0 0 0 0 0 0 0 0 0 0 0 0 0 0 0 0 0
  0 0 0 0 0 0 0 0 0 0 0 0 0 0 0 0 0 0 0 0 0 0 0 0 0 0 0 0 0 0 0 0 0 0 0 0 0 0 0
  0 0 0 0 0 0 0 0 0 0 0 0 0 0 0 0 0 0 0 0 0 0 0 0 0 0 0 0 0 0 0 0 0 0 0 0 0 0 0
  0 0 0 0 0 0 0 0 0 0 0 0 0 0 0 0 0 0 0 0 0 0 0 0 0 0 0 0 0 0 0 0 0 0 0 0 0 0 0
  0 0 0 0 0 0 0 0 0 0 0 0 0 0 0 0 0 0 0 0 0 0 0 0 0 0 0 0 0 0 0 0 0 0 0 0 0 0 0
  0 0 0 0 0 0 0 0 0 0 0 0 0 0 0 0 0 0 0 0 0 0 0 0 0 0 0 0 0 0 0 0 0 0 0 0 0 0 0
  0 0 0 0 0 0 0 0 0 0 0 0 0 0 0 0 0 0 0 0 0 0 0 0 0 0 0 0 0 0 0 0 0 0 0 0 0 0 0
  0 0 0 0 0 0 0 0 0 0 0 0 0 0 0 0 0 0 0 0 0 0 0 0 0 0 0 0 0 0 0 0 0 0 0 0 0 0 0
  0 0 0 0 0 0 0 0 0 0 0 0 0 0 0 0 0 0 0 0 0 0 0 0 0 0 0 0 0 0 0 0 0 0 0 0 0 0 0
  0 0 0 0 0 0 0 0 0 0 0 0 0 0 0 0 0 0 0 0 0 0 0 0 0 0 0 0 0 0 0 0 0 0 0 0 0 0 0
  0 0 0 0 0 0 0 0 0 0 0 0 0 0 0 0 0 0 0 0 0 0 0 0 0 0 0 0 0 0 0 0 0 0 0 0 0 0 0
  0 0 0 0 0 0 0 0 0 0 0 0 0 0 0 0 0 0 0 0 0 0 0 0 0 0 0 0 0 0 0 0 0 0 0 0 0 0 0
  0 0 0 0 0 0 0 0 0 0 0 0 0 0 0 0 0 0 0 0 0 0 0 0 0 0 0 0 0 0 0 0 0 0 0 0 0 0 0
  0 0 0 0 0 0 0 0 0 0 0 0 0 0 0 0 0 0 0 0 0 0 0 0 0 0 0 0 0 0 0 0 0 0 0 0 0 0 0
  0 0 0 0 0 0 0 0 0 0 0 0 0 0 0 0 0 0 0 0 0 0 0 0 0 0 0 0 0 0 0 0 0 0 0 0 0 0 0
  0 0 0 0 0 0 0 0 0 0 0 0 0 0 0 0 0 0 0 0 0 0 0 0 0 0 0 0 0 0 0 0 0 0 0 0 0 0 0
  0 0 0 0 0 0 0 0 0 0 0 0 0 0 0 0 0 0 0 0 0 0 0 0 0 0 0 0 0 0 0 0 0 0 0 0 0 0 0
  0 0 0 0 0 0 0 0 0 0 0 0 0 0 0 0 0 0 0 0 0 0 0 0 0 0 0 0 0 0 0 0 0 0 0 0 0 0 0
  0 0 0 0 0 0 0 0 0 0 0 0 0 0 0 0 0 0 0 0 0 0 0 0 0 0 0 0 0 0 0 0 0 0 0 0 0 0 0
  0 0 0 0 0 0 0 0 0 0 0 0 0 0 0 0 0 0 0 0 0 0 0 0 0 0 0 0 0 0 0 0 0 0 0 0 0 0 0
  0 0 0 0 0 0 0 0 0 0 0 0 0 0 0 0 0 0 0 0 0 0 0 0 0 0 0 0 0 0 0 0 0 0 0 0 0 0 0
  0 0 0 0 0 0 0 0 0 0 0 0 0 0 0 0 0 0 0 0 0 0 0 0 0 0 0 0 0 0 0 0 0 0 0 0 0 0 0
  0 0 0 0 0 0 0 0 0 0 0 0 0 0 0 0 0 0 0 0 0 0 0 0 0 0 0 0 0 0 0 0 0 0 0 0 0 0 0
  0 0 0 0 0 0 0 0 0 0 0 0 0 0 0 0 0 0 0 0 0 0 0 0 0 0 0 0 0 0 0 0 0 0 0 0 0 0 0
  0 0 0 0 0 0 0 0 0 0 0 0 0 0 0 0 0 0 0 0 0 0 0 0 0 0 0 0 0 0 0 0 0 0 0 0 0 0 0
  0 0 0 0 0 0 0 0 0 0 0 0 0 0 0 0 0 0 0 0 0 0 0 0 0 0 0 0 0 0 0 0 0 0 0 0 0 0 0
  0 0 0 0 0 0 0 0 0 0 0 0 0 0 0 0 0 0 0 0 0 0 0 0 0 0 0 0 0 0 0 0 0 0 0 0 0 0 0
  0 0 0 0 0 0 0 0 0 0 0 0 0 0 0 0 0 0 0 0 0 0 0 0 0 0 0 0 0 0 0 0 0 0 0 0 0 0 0
  0 0 0 0 0 0 0 0 0 0 0 0 0 0 0 0 0 0 0 0 0 0 0 0 0 0 0 0 0 0 0 0 0 0 0 0 0 0 0
  0 0 0 0 0 0 0 0 0 0 0 0 0 0 0 0 0 0 0 0 0 0 0 0 0 0 0 0 0 0 0 0 0 0 0 0 0 0 0
  0 0 0 0 0 0 0 0 0 0 0 0 0 0 0 0 0 0 0 0 0 0 0 0 0 0 0 0 0 0 0 0 0 0 0 0 0 0 0
  0 0 0 0 0 0 0 0 0 0 0 0 0 0 0 0 0 0 0 0 0 0 0 0 0 0 0 0 0 0 0 0 0 0 0 0 0 0 0
  0 0 0 0 0 0 0 0 0 0 0 0 0 0 0 0 0 0 0 0 0 0 0 0 0 0 0 0 0 0 0 0 0 0 0 0 0 0 0
  0 0 0 0 0 0 0 0 0 0 0 0 0 0 0 0 0 0 0 0 0 0 0 0 0 0 0 0 0 0 0 0 0 0 0 0 0 0 0
  0 0 0 0 0 0 0 0 0 0 0 0 0 0 0 0 0 0 0 0 0 0 0 0 0 0 0 0 0 0 0 0 0 0 0 0 0 0 0
  0 0 0 0 0 0 0 0 0 0 0 0 0 0 0 0 0 0 0 0 0 0 0 0 0 0 0 0 0 0 0 0 0 0 0 0 0 0 0
  0 0 0 0 0 0 0 0 0 0 0 0 0 0 0 0 0 0 0 0 0 0 0 0 0 0 0 0 0 0 0 0 0 0 0 0 0 0 0
  0 0 0 0 0 0 0 0 0 0 0 0 0 0 0 0 0 0 0 0 0 0 0 0 0 0 0 0 0 0 0 0 0 0 0 0 0 0 0
  0 0 0 0 0 0 0 0 0 0 0 0 0 0 0 0 0 0 0 0 0 0 0 0 0 0 0 0 0 0 0 0 0 0 0 0 0 0 0
  0 0 0 0 0 0 0 0 0 0 0 0 0 0 0 0 0 0 0 0 0 0 0 0 0 0 0 0 0 0 0 0 0 0 0 0 0 0 0
  0 0 0 0 0 0 0 0 0 0 0 0 0 0 0 0 0 0 0 0 0 0 0 0 0 0 0 0 0 0 0 0 0 0 0 0 0 0 0
  0 0 0 0 0 0 0 0 0 0 0 0 0 0 0 0 0 0 0 0 0 0 0 0 0 0 0 0 0 0 0 0 0 0 0 0 0 0 0
  0 0 0 0 0 0 0 0 0 0 0 0 0 0 0 0 0 0 0 0 0 0 0 0 0 0 0 0 0 0 0 0 0 0 0 0 0 0 0
  0 0 0 0 0 0 0 0 0 0 0 0 0 0 0 0 0 0 0 0 0 0 0 0 0 0 0 0 0 0 0 0 0 0 0 0 0 0 0
  0 0 0 0 0 0 0 0 0 0 0 0 0 0 0 0 0 0 0 0 0 0 0 0 0 0 0 0 0 0 0 0 0 0 0 0 0 0 0
  0 0 0 0 0 0 0 0 0 0 0 0 0 0 0 0 0 0 0 0 0 0 0 0 0 0 0 0 0 0 0 0 0 0 0 0 0 0 0
  0 0 0 0 0 0 0 0 0 0 0 0 0 0 0 0 0 0 0 0 0 0 0 0 0 0 0 0 0 0 0 0 0 0 0 0 0 0 0
  0 0 0 0 0 0 0 0 0 0 0 0 0 0 0 0 0 0 0 0 0 0 0 0 0 0 0 0 0 0 0 0 0 0 0 0 0 0 0
  0 0 0 0 0 0 0 0 0 0 0 0 0 0 0 0 0 0 0 0 0 0 0 0 0 0 0 0 0 0 0 0 0 0 0 0 0 0 0
  0 0 0 0 0 0 0 0 0 0 0 0 0 0 0 0 0 0 0 0 0 0 0 0 0 0 0 0 0 0 0 0 0 0 0 0 0 0 0
  0 0 0 0 0 0 0 0 0 0 0 0 0 0 0 0 0 0 0 0 0 0 0 0 0 0 0 0 0 0 0 0 0 0 0 0 0 0 0
  0 0 0 0 0 0 0 0 0 0 0 0 0 0 0 0 0 0 0 0 0 0 0 0 0 0 0 0 0 0 0 0 0 0 0 0 0 0 0
  0 0 0 0 0 0 0 0 0 0 0 0 0 0 0 0 0 0 0 0 0 0 0 0 0 0 0 0 0 0 0 0 0 0 0 0 0 0 0
  0 0 0 0 0 0 0 0 0 0 0 0 0 0 0 0 0 0 0 0 0 0 0 0 0 0 0 0 0 0 0 0 0 0 0 0 0 0 0
  0 0 0 0 0 0 0 0 0 0 0 0 0 0 0 0 0 0 0 0 0 0 0 0 0 0 0 0 0 0 0 0 0 0 0 0 0 0 0
  0 0 0 0 0 0 0 0 0 0 0 0 0 0 0 0 0 0 0 0 0 0 0 0 0 0 0 0 0 0 0 0 0 0 0 0 0 0 0
  0 0 0 0 0 0 0 0 0 0 0 0 0 0 0 0 0 0 0 0 0 0 0 0 0 0 0 0 0 0 0 0 0 0 0 0 0 0 0
  0 0 0 0 0 0 0 0 0 0 0 0 0 0 0 0 0 0 0 0 0 0 0 0 0 0 0 0 0 0 0 0 0 0 0 0 0 0 0
  0 0 0 0 0 0 0 0 0 0 0 0 0 0 0 0 0 0 0 0 0 0 0 0 0 0 0 0 0 0 0 0 0 0 0 0 0 0 0
  0 0 0 0 0 0 0 0 0 0 0 0 0 0 0 0 0 0 0 0 0 0 0 0 0 0 0 0 0 0 0 0 0 0 0 0 0 0 0
  0 0 0 0 0 0 0 0 0 0 0 0 0 0 0 0 0 0 0 0 0 0 0 0 0 0 0 0 0 0 0 0 0 0 0 0 0 0 0
  0 0 0 0 0 0 0 0 0 0 0 0 0 0 0 0 0 0 0 0 0 0 0 0 0 0 0 0 0 0 0 0 0 0 0 0 0 0 0
  0 0 0 0 0 0 0 0 0 0 0 0 0 0 0 0 0 0 0 0 0 0 0 0 0 0 0 0 0 0 0 0 0 0 0 0 0 0 0
  0 0 0 0 0 0 0 0 0 0 0 0 0 0 0 0 0 0 0 0 0 0 0 0 0 0 0 0 0 0 0 0 0 0 0 0 0 0 0
  0 0 0 0 0 0 0 0 0 0 0 0 0 0 0 0 0 0 0 0 0 0 0 0 0 0 0 0 0 0 0 0 0 0 0 0 0 0 0
  0 0 0 0 0 0 0 0 0 0 0 0 0 0 0 0 0 0 0 0 0 0 0 0 0 0 0 0 0 0 0 0 0 0 0 0 0 0 0
  0 0 0 0 0 0 0 0 0 0 0 0 0 0 0 0 0 0 0 0 0 0 0 0 0 0 0 0 0 0 0 0 0 0 0 0 0 0 0
  0 0 0 0 0 0 0 0 0 0 0 0 0 0 0 0 0 0 0 0 0 0 0 0 0 0 0 0 0 0 0 0 0 0 0 0 0 0 0
  0 0 0 0 0 0 0 0 0 0 0 0 0 0 0 0 0 0 0 0 0 0 0 0 0 0 0 0 0 0 0 0 0 0 0 0 0 0 0
  0 0 0 0 0 0 0 0 0 0 0 0 0 0 0 0 0 0 0 0 0 0 0 0 0 0 0 0 0 0 0 0 0 0 0 0 0 0 0
  0 0 0 0 0 0 0 0 0 0 0 0 0 0 0 0 0 0 0 0 0 0 0 0 0 0 0 0 0 0 0 0 0 0 0 0 0 0 0
  0 0 0 0 0 0 0 0 0 0 0 0 0 0 0 0 0 0 0 0 0 0 0 0 0 0 0 0 0 0 0 0 0 0 0 0 0 0 0
  0 0 0 0 0 0 0 0 0 0 0 0 0 0 0 0 0 0 0 0 0 0 0 0 0 0 0 0 0 0 0 0 0 0 0 0 0 0 0
  0 0 0 0 0 0 0 0 0 0 0 0 0 0 0 0 0 0 0 0 0 0 0 0 0 0 0 0 0 0 0 0 0 0 0 0 0 0 0
  0 0 0 0 0 0 0 0 0 0 0 0 0 0 0 0 0 0 0 0 0 0 0 0 0 0 0 0 0 0 0 0 0 0 0 0 0 0 0
  0 0 0 0 0 0 0 0 0 0 0 0 0 0 0 0 0 0 0 0 0 0 0 0 0 0 0 0 0 0 0 0 0 0 0 0 0 0 0
  0) 
#(5 5 5 5 4 4 3 4 5 6 7 8 9 10 11 12 6 6 6 6 5 5 4 4 4 5 6 7 8 9 10 11 7 7 7 7
  6 6 5 5 5 5 5 6 7 8 9 10 8 8 8 8 7 7 6 6 6 6 5 5 6 7 8 9 9 9 9 9 8 8 7 7 7 7
  6 6 5 6 7 8 10 10 10 10 9 9 8 8 8 8 7 7 6 6 6 7 11 11 11 11 10 10 9 9 9 9 8 8
  7 7 6 6 12 12 12 12 11 11 10 10 10 10 9 9 8 8 7 6 13 13 13 13 12 12 11 11 11
  11 10 10 9 9 8 7 14 14 14 14 13 13 12 12 12 12 11 11 10 10 9 8 15 15 15 15 14
  14 13 13 13 13 12 12 11 11 10 9 15 15 15 15 15 15 14 14 14 14 13 13 12 12 11
  10 15 15 15 15 15 15 15 15 15 15 14 14 13 13 12 11 15 15 15 15 15 15 15 15 15
  15 15 15 14 14 13 12 15 15 15 15 15 15 15 15 15 15 15 15 15 15 14 13 15 15 15
  15 15 15 15 15 15 15 15 15 15 15 15 14 5 5 5 5 4 4 3 4 5 6 7 8 9 10 11 12 6 6
  6 6 5 5 4 4 4 5 6 7 8 9 10 11 7 7 7 7 6 6 5 5 5 5 5 6 7 8 9 10 8 8 8 8 7 7 6
  6 6 6 5 5 6 7 8 9 9 9 9 9 8 8 7 7 7 7 6 6 5 6 7 8 10 10 10 10 9 9 8 8 8 8 7 7
  6 6 6 7 11 11 11 11 10 10 9 9 9 9 8 8 7 7 6 6 12 12 12 12 11 11 10 10 10 10 9
  9 8 8 7 6 13 13 13 13 12 12 11 11 11 11 10 10 9 9 8 7 14 14 14 14 13 13 12 12
  12 12 11 11 10 10 9 8 15 15 15 15 14 14 13 13 13 13 12 12 11 11 10 9 15 15 15
  15 15 15 14 14 14 14 13 13 12 12 11 10 15 15 15 15 15 15 15 15 15 15 14 14 13
  13 12 11 15 15 15 15 15 15 15 15 15 15 15 15 14 14 13 12 15 15 15 15 15 15 15
  15 15 15 15 15 15 15 14 13 15 15 15 15 15 15 15 15 15 15 15 15 15 15 15 14 5
  5 5 5 4 4 3 4 5 6 7 8 9 10 11 12 6 6 6 6 5 5 4 4 4 5 6 7 8 9 10 11 7 7 7 7 6
  6 5 5 5 5 5 6 7 8 9 10 8 8 8 8 7 7 6 6 6 6 5 5 6 7 8 9 9 9 9 9 8 8 7 7 7 7 6
  6 5 6 7 8 10 10 10 10 9 9 8 8 8 8 7 7 6 6 6 7 11 11 11 11 10 10 9 9 9 9 8 8 7
  7 6 6 12 12 12 12 11 11 10 10 10 10 9 9 8 8 7 6 13 13 13 13 12 12 11 11 11 11
  10 10 9 9 8 7 14 14 14 14 13 13 12 12 12 12 11 11 10 10 9 8 15 15 15 15 14 14
  13 13 13 13 12 12 11 11 10 9 15 15 15 15 15 15 14 14 14 14 13 13 12 12 11 10
  15 15 15 15 15 15 15 15 15 15 14 14 13 13 12 11 15 15 15 15 15 15 15 15 15 15
  15 15 14 14 13 12 15 15 15 15 15 15 15 15 15 15 15 15 15 15 14 13 15 15 15 15
  15 15 15 15 15 15 15 15 15 15 15 14 5 5 5 5 4 4 3 4 5 6 7 8 9 10 11 12 6 6 6
  6 5 5 4 4 4 5 6 7 8 9 10 11 7 7 7 7 6 6 5 5 5 5 5 6 7 8 9 10 8 8 8 8 7 7 6 6
  6 6 5 5 6 7 8 9 9 9 9 9 8 8 7 7 7 7 6 6 5 6 7 8 10 10 10 10 9 9 8 8 8 8 7 7 6
  6 6 7 11 11 11 11 10 10 9 9 9 9 8 8 7 7 6 6 12 12 12 12 11 11 10 10 10 10 9 9
  8 8 7 6 13 13 13 13 12 12 11 11 11 11 10 10 9 9 8 7 14 14 14 14 13 13 12 12
  12 12 11 11 10 10 9 8 15 15 15 15 14 14 13 13 13 13 12 12 11 11 10 9 15 15 15
  15 15 15 14 14 14 14 13 13 12 12 11 10 15 15 15 15 15 15 15 15 15 15 14 14 13
  13 12 11 15 15 15 15 15 15 15 15 15 15 15 15 14 14 13 12 15 15 15 15 15 15 15
  15 15 15 15 15 15 15 14 13 15 15 15 15 15 15 15 15 15 15 15 15 15 15 15 14 5
  5 5 5 4 4 3 4 5 6 7 8 9 10 11 12 6 6 6 6 5 5 4 4 4 5 6 7 8 9 10 11 7 7 7 7 6
  6 5 5 5 5 5 6 7 8 9 10 8 8 8 8 7 7 6 6 6 6 5 5 6 7 8 9 9 9 9 9 8 8 7 7 7 7 6
  6 5 6 7 8 10 10 10 10 9 9 8 8 8 8 7 7 6 6 6 7 11 11 11 11 10 10 9 9 9 9 8 8 7
  7 6 6 12 12 12 12 11 11 10 10 10 10 9 9 8 8 7 6 13 13 13 13 12 12 11 11 11 11
  10 10 9 9 8 7 14 14 14 14 13 13 12 12 12 12 11 11 10 10 9 8 15 15 15 15 14 14
  13 13 13 13 12 12 11 11 10 9 15 15 15 15 15 15 14 14 14 14 13 13 12 12 11 10
  15 15 15 15 15 15 15 15 15 15 14 14 13 13 12 11 15 15 15 15 15 15 15 15 15 15
  15 15 14 14 13 12 15 15 15 15 15 15 15 15 15 15 15 15 15 15 14 13 15 15 15 15
  15 15 15 15 15 15 15 15 15 15 15 14 5 5 5 5 4 4 3 4 5 6 7 8 9 10 11 12 6 6 6
  6 5 5 4 4 4 5 6 7 8 9 10 11 7 7 7 7 6 6 5 5 5 5 5 6 7 8 9 10 8 8 8 8 7 7 6 6
  6 6 5 5 6 7 8 9 9 9 9 9 8 8 7 7 7 7 6 6 5 6 7 8 10 10 10 10 9 9 8 8 8 8 7 7 6
  6 6 7 11 11 11 11 10 10 9 9 9 9 8 8 7 7 6 6 12 12 12 12 11 11 10 10 10 10 9 9
  8 8 7 6 13 13 13 13 12 12 11 11 11 11 10 10 9 9 8 7 14 14 14 14 13 13 12 12
  12 12 11 11 10 10 9 8 15 15 15 15 14 14 13 13 13 13 12 12 11 11 10 9 15 15 15
  15 15 15 14 14 14 14 13 13 12 12 11 10 15 15 15 15 15 15 15 15 15 15 14 14 13
  13 12 11 15 15 15 15 15 15 15 15 15 15 15 15 14 14 13 12 15 15 15 15 15 15 15
  15 15 15 15 15 15 15 14 13 15 15 15 15 15 15 15 15 15 15 15 15 15 15 15 14 5
  5 5 5 4 4 3 4 5 6 7 8 9 10 11 12 6 6 6 6 5 5 4 4 4 5 6 7 8 9 10 11 7 7 7 7 6
  6 5 5 5 5 5 6 7 8 9 10 8 8 8 8 7 7 6 6 6 6 5 5 6 7 8 9 9 9 9 9 8 8 7 7 7 7 6
  6 5 6 7 8 10 10 10 10 9 9 8 8 8 8 7 7 6 6 6 7 11 11 11 11 10 10 9 9 9 9 8 8 7
  7 6 6 12 12 12 12 11 11 10 10 10 10 9 9 8 8 7 6 13 13 13 13 12 12 11 11 11 11
  10 10 9 9 8 7 14 14 14 14 13 13 12 12 12 12 11 11 10 10 9 8 15 15 15 15 14 14
  13 13 13 13 12 12 11 11 10 9 15 15 15 15 15 15 14 14 14 14 13 13 12 12 11 10
  15 15 15 15 15 15 15 15 15 15 14 14 13 13 12 11 15 15 15 15 15 15 15 15 15 15
  15 15 14 14 13 12 15 15 15 15 15 15 15 15 15 15 15 15 15 15 14 13 15 15 15 15
  15 15 15 15 15 15 15 15 15 15 15 14 5 5 5 5 4 4 3 4 5 6 7 8 9 10 11 12 6 6 6
  6 5 5 4 4 4 5 6 7 8 9 10 11 7 7 7 7 6 6 5 5 5 5 5 6 7 8 9 10 8 8 8 8 7 7 6 6
  6 6 5 5 6 7 8 9 9 9 9 9 8 8 7 7 7 7 6 6 5 6 7 8 10 10 10 10 9 9 8 8 8 8 7 7 6
  6 6 7 11 11 11 11 10 10 9 9 9 9 8 8 7 7 6 6 12 12 12 12 11 11 10 10 10 10 9 9
  8 8 7 6 13 13 13 13 12 12 11 11 11 11 10 10 9 9 8 7 14 14 14 14 13 13 12 12
  12 12 11 11 10 10 9 8 15 15 15 15 14 14 13 13 13 13 12 12 11 11 10 9 15 15 15
  15 15 15 14 14 14 14 13 13 12 12 11 10 15 15 15 15 15 15 15 15 15 15 14 14 13
  13 12 11 15 15 15 15 15 15 15 15 15 15 15 15 14 14 13 12 15 15 15 15 15 15 15
  15 15 15 15 15 15 15 14 13 15 15 15 15 15 15 15 15 15 15 15 15 15 15 15 14 5
  5 5 5 4 4 3 4 5 6 7 8 9 10 11 12 6 6 6 6 5 5 4 4 4 5 6 7 8 9 10 11 7 7 7 7 6
  6 5 5 5 5 5 6 7 8 9 10 8 8 8 8 7 7 6 6 6 6 5 5 6 7 8 9 9 9 9 9 8 8 7 7 7 7 6
  6 5 6 7 8 10 10 10 10 9 9 8 8 8 8 7 7 6 6 6 7 11 11 11 11 10 10 9 9 9 9 8 8 7
  7 6 6 12 12 12 12 11 11 10 10 10 10 9 9 8 8 7 6 13 13 13 13 12 12 11 11 11 11
  10 10 9 9 8 7 14 14 14 14 13 13 12 12 12 12 11 11 10 10 9 8 15 15 15 15 14 14
  13 13 13 13 12 12 11 11 10 9 15 15 15 15 15 15 14 14 14 14 13 13 12 12 11 10
  15 15 15 15 15 15 15 15 15 15 14 14 13 13 12 11 15 15 15 15 15 15 15 15 15 15
  15 15 14 14 13 12 15 15 15 15 15 15 15 15 15 15 15 15 15 15 14 13 15 15 15 15
  15 15 15 15 15 15 15 15 15 15 15 14 5 5 5 5 4 4 3 4 5 6 7 8 9 10 11 12 6 6 6
  6 5 5 4 4 4 5 6 7 8 9 10 11 7 7 7 7 6 6 5 5 5 5 5 6 7 8 9 10 8 8 8 8 7 7 6 6
  6 6 5 5 6 7 8 9 9 9 9 9 8 8 7 7 7 7 6 6 5 6 7 8 10 10 10 10 9 9 8 8 8 8 7 7 6
  6 6 7 11 11 11 11 10 10 9 9 9 9 8 8 7 7 6 6 12 12 12 12 11 11 10 10 10 10 9 9
  8 8 7 6 13 13 13 13 12 12 11 11 11 11 10 10 9 9 8 7 14 14 14 14 13 13 12 12
  12 12 11 11 10 10 9 8 15 15 15 15 14 14 13 13 13 13 12 12 11 11 10 9 15 15 15
  15 15 15 14 14 14 14 13 13 12 12 11 10 15 15 15 15 15 15 15 15 15 15 14 14 13
  13 12 11 15 15 15 15 15 15 15 15 15 15 15 15 14 14 13 12 15 15 15 15 15 15 15
  15 15 15 15 15 15 15 14 13 15 15 15 15 15 15 15 15 15 15 15 15 15 15 15 14 5
  5 5 5 4 4 3 4 5 6 7 8 9 10 11 12 6 6 6 6 5 5 4 4 4 5 6 7 8 9 10 11 7 7 7 7 6
  6 5 5 5 5 5 6 7 8 9 10 8 8 8 8 7 7 6 6 6 6 5 5 6 7 8 9 9 9 9 9 8 8 7 7 7 7 6
  6 5 6 7 8 10 10 10 10 9 9 8 8 8 8 7 7 6 6 6 7 11 11 11 11 10 10 9 9 9 9 8 8 7
  7 6 6 12 12 12 12 11 11 10 10 10 10 9 9 8 8 7 6 13 13 13 13 12 12 11 11 11 11
  10 10 9 9 8 7 14 14 14 14 13 13 12 12 12 12 11 11 10 10 9 8 15 15 15 15 14 14
  13 13 13 13 12 12 11 11 10 9 15 15 15 15 15 15 14 14 14 14 13 13 12 12 11 10
  15 15 15 15 15 15 15 15 15 15 14 14 13 13 12 11 15 15 15 15 15 15 15 15 15 15
  15 15 14 14 13 12 15 15 15 15 15 15 15 15 15 15 15 15 15 15 14 13 15 15 15 15
  15 15 15 15 15 15 15 15 15 15 15 14 5 5 5 5 4 4 3 4 5 6 7 8 9 10 11 12 6 6 6
  6 5 5 4 4 4 5 6 7 8 9 10 11 7 7 7 7 6 6 5 5 5 5 5 6 7 8 9 10 8 8 8 8 7 7 6 6
  6 6 5 5 6 7 8 9 9 9 9 9 8 8 7 7 7 7 6 6 5 6 7 8 10 10 10 10 9 9 8 8 8 8 7 7 6
  6 6 7 11 11 11 11 10 10 9 9 9 9 8 8 7 7 6 6 12 12 12 12 11 11 10 10 10 10 9 9
  8 8 7 6 13 13 13 13 12 12 11 11 11 11 10 10 9 9 8 7 14 14 14 14 13 13 12 12
  12 12 11 11 10 10 9 8 15 15 15 15 14 14 13 13 13 13 12 12 11 11 10 9 15 15 15
  15 15 15 14 14 14 14 13 13 12 12 11 10 15 15 15 15 15 15 15 15 15 15 14 14 13
  13 12 11 15 15 15 15 15 15 15 15 15 15 15 15 14 14 13 12 15 15 15 15 15 15 15
  15 15 15 15 15 15 15 14 13 15 15 15 15 15 15 15 15 15 15 15 15 15 15 15 14 5
  5 5 5 4 4 3 4 5 6 7 8 9 10 11 12 6 6 6 6 5 5 4 4 4 5 6 7 8 9 10 11 7 7 7 7 6
  6 5 5 5 5 5 6 7 8 9 10 8 8 8 8 7 7 6 6 6 6 5 5 6 7 8 9 9 9 9 9 8 8 7 7 7 7 6
  6 5 6 7 8 10 10 10 10 9 9 8 8 8 8 7 7 6 6 6 7 11 11 11 11 10 10 9 9 9 9 8 8 7
  7 6 6 12 12 12 12 11 11 10 10 10 10 9 9 8 8 7 6 13 13 13 13 12 12 11 11 11 11
  10 10 9 9 8 7 14 14 14 14 13 13 12 12 12 12 11 11 10 10 9 8 15 15 15 15 14 14
  13 13 13 13 12 12 11 11 10 9 15 15 15 15 15 15 14 14 14 14 13 13 12 12 11 10
  15 15 15 15 15 15 15 15 15 15 14 14 13 13 12 11 15 15 15 15 15 15 15 15 15 15
  15 15 14 14 13 12 15 15 15 15 15 15 15 15 15 15 15 15 15 15 14 13 15 15 15 15
  15 15 15 15 15 15 15 15 15 15 15 14 5 5 5 5 4 4 3 4 5 6 7 8 9 10 11 12 6 6 6
  6 5 5 4 4 4 5 6 7 8 9 10 11 7 7 7 7 6 6 5 5 5 5 5 6 7 8 9 10 8 8 8 8 7 7 6 6
  6 6 5 5 6 7 8 9 9 9 9 9 8 8 7 7 7 7 6 6 5 6 7 8 10 10 10 10 9 9 8 8 8 8 7 7 6
  6 6 7 11 11 11 11 10 10 9 9 9 9 8 8 7 7 6 6 12 12 12 12 11 11 10 10 10 10 9 9
  8 8 7 6 13 13 13 13 12 12 11 11 11 11 10 10 9 9 8 7 14 14 14 14 13 13 12 12
  12 12 11 11 10 10 9 8 15 15 15 15 14 14 13 13 13 13 12 12 11 11 10 9 15 15 15
  15 15 15 14 14 14 14 13 13 12 12 11 10 15 15 15 15 15 15 15 15 15 15 14 14 13
  13 12 11 15 15 15 15 15 15 15 15 15 15 15 15 14 14 13 12 15 15 15 15 15 15 15
  15 15 15 15 15 15 15 14 13 15 15 15 15 15 15 15 15 15 15 15 15 15 15 15 14 5
  5 5 5 4 4 3 4 5 6 7 8 9 10 11 12 6 6 6 6 5 5 4 4 4 5 6 7 8 9 10 11 7 7 7 7 6
  6 5 5 5 5 5 6 7 8 9 10 8 8 8 8 7 7 6 6 6 6 5 5 6 7 8 9 9 9 9 9 8 8 7 7 7 7 6
  6 5 6 7 8 10 10 10 10 9 9 8 8 8 8 7 7 6 6 6 7 11 11 11 11 10 10 9 9 9 9 8 8 7
  7 6 6 12 12 12 12 11 11 10 10 10 10 9 9 8 8 7 6 13 13 13 13 12 12 11 11 11 11
  10 10 9 9 8 7 14 14 14 14 13 13 12 12 12 12 11 11 10 10 9 8 15 15 15 15 14 14
  13 13 13 13 12 12 11 11 10 9 15 15 15 15 15 15 14 14 14 14 13 13 12 12 11 10
  15 15 15 15 15 15 15 15 15 15 14 14 13 13 12 11 15 15 15 15 15 15 15 15 15 15
  15 15 14 14 13 12 15 15 15 15 15 15 15 15 15 15 15 15 15 15 14 13 15 15 15 15
  15 15 15 15 15 15 15 15 15 15 15 14 5 5 5 5 4 4 3 4 5 6 7 8 9 10 11 12 6 6 6
  6 5 5 4 4 4 5 6 7 8 9 10 11 7 7 7 7 6 6 5 5 5 5 5 6 7 8 9 10 8 8 8 8 7 7 6 6
  6 6 5 5 6 7 8 9 9 9 9 9 8 8 7 7 7 7 6 6 5 6 7 8 10 10 10 10 9 9 8 8 8 8 7 7 6
  6 6 7 11 11 11 11 10 10 9 9 9 9 8 8 7 7 6 6 12 12 12 12 11 11 10 10 10 10 9 9
  8 8 7 6 13 13 13 13 12 12 11 11 11 11 10 10 9 9 8 7 14 14 14 14 13 13 12 12
  12 12 11 11 10 10 9 8 15 15 15 15 14 14 13 13 13 13 12 12 11 11 10 9 15 15 15
  15 15 15 14 14 14 14 13 13 12 12 11 10 15 15 15 15 15 15 15 15 15 15 14 14 13
  13 12 11 15 15 15 15 15 15 15 15 15 15 15 15 14 14 13 12 15 15 15 15 15 15 15
  15 15 15 15 15 15 15 14 13 15 15 15 15 15 15 15 15 15 15 15 15 15 15 15 14) 