
#(0 0 0 0 0 0 0 3 1 0 0 0 0 0 0 0 0 0 0 0 0 0 0 3 1 0 0 0 0 0 0 0 0 0 0 0 0 0 2
  3 1 0 0 3 2 0 0 0 1 1 0 0 0 0 2 3 3 3 3 3 1 1 0 0 1 1 0 0 0 0 3 3 3 3 3 1 1 1
  1 0 1 1 0 0 0 2 3 3 2 2 1 1 1 1 1 1 1 1 0 0 0 2 2 2 2 2 1 1 1 1 1 1 1 0 0 0 0
  2 2 2 2 1 1 1 1 1 1 1 1 0 0 0 0 0 0 0 1 1 1 1 1 1 1 1 1 0 0 0 0 0 0 0 1 1 1 1
  1 1 1 1 1 0 0 0 0 0 0 1 1 1 1 1 1 1 1 1 0 0 0 0 0 0 3 1 1 1 1 1 1 1 1 1 0 0 0
  0 0 0 3 1 1 1 1 1 1 1 1 1 0 0 0 0 0 3 1 1 1 1 1 1 1 1 1 1 0 0 0 0 2 3 1 1 1 1
  1 1 1 1 1 1 0 0 0 0 2 3 1 1 1 1 1 1 1 1 1 1 0 0 0 0 0 0 0 2 1 1 0 0 0 0 0 0 0
  0 0 0 0 0 0 2 1 1 0 0 0 0 0 0 0 0 0 0 0 0 0 3 1 1 2 2 0 0 0 0 1 1 0 0 0 0 0 3
  3 2 2 2 1 1 0 0 1 1 0 0 0 0 2 2 2 2 2 1 1 1 1 0 1 1 0 0 0 0 2 2 0 0 1 1 1 1 1
  1 1 1 0 0 0 0 0 0 0 0 1 1 1 1 1 1 1 1 0 0 0 0 0 0 0 1 1 1 1 1 1 1 1 1 0 0 0 0
  0 0 1 1 1 1 1 1 1 1 1 1 0 0 0 0 0 0 1 1 1 1 1 1 1 1 1 1 0 0 0 0 0 1 1 1 1 1 1
  1 1 1 1 0 0 0 0 0 3 1 1 1 1 1 1 1 1 1 1 0 0 0 0 0 3 3 1 1 1 1 1 1 1 1 1 0 0 0
  0 2 3 3 1 1 1 1 1 1 1 1 0 0 0 0 0 3 3 1 1 1 1 1 1 1 1 1 1 0 0 0 0 3 3 1 1 1 1
  1 1 1 1 1 0 0 0 0 0 0 0 0 1 1 0 0 0 0 0 0 0 0 0 0 0 0 0 0 1 1 0 0 0 0 0 0 0 1
  1 0 0 0 0 2 1 1 0 0 0 0 0 0 1 1 1 0 0 0 0 2 2 0 0 0 1 1 0 0 1 1 1 0 0 0 0 0 0
  0 0 1 1 1 1 0 1 1 1 0 0 0 0 0 0 0 1 1 1 1 1 1 1 1 1 0 0 0 0 0 0 0 1 1 1 1 1 1
  1 1 1 0 0 0 0 0 0 1 1 1 1 1 1 1 1 1 1 0 0 0 0 0 1 1 1 1 1 1 1 1 1 1 1 0 0 0 0
  0 1 1 1 1 1 1 1 1 1 1 0 0 0 0 0 3 1 1 1 1 1 1 1 1 1 1 0 0 0 0 2 3 1 1 1 1 1 1
  1 1 1 1 0 0 0 0 2 3 1 1 1 1 1 1 1 1 1 0 0 0 0 0 3 3 1 1 1 1 1 1 1 1 1 0 0 0 0
  2 3 3 1 1 1 1 1 1 1 1 1 0 0 0 0 2 3 3 1 1 1 1 1 1 1 1 0 0 0 0 0 0 0 0 3 3 0 0
  0 0 0 0 0 1 1 1 0 0 0 0 1 1 0 0 0 0 0 0 1 1 1 1 0 0 0 0 1 1 0 0 0 0 0 0 1 1 1
  1 0 0 0 0 0 0 0 0 1 1 0 0 1 1 1 1 0 0 0 0 0 0 0 1 1 1 1 0 1 1 1 1 0 0 0 0 0 0
  1 1 1 1 1 1 1 1 1 0 0 0 0 0 0 0 1 1 1 1 1 1 1 1 1 0 0 0 0 0 0 1 1 1 1 1 1 1 1
  1 1 0 0 0 0 0 3 1 1 1 1 1 1 1 1 1 1 0 0 0 0 0 1 1 1 1 1 1 1 1 1 1 1 0 0 0 0 3
  1 1 1 1 1 1 1 1 1 1 1 0 0 0 0 3 1 1 1 1 1 1 1 1 1 1 1 0 0 0 0 2 1 1 1 1 1 1 1
  1 1 1 0 0 0 0 2 2 3 1 1 1 1 1 1 1 1 1 0 0 0 0 2 3 3 1 1 1 1 1 1 1 1 0 0 0 0 0
  2 3 1 1 1 1 1 1 1 1 0 0 0 1 1 0 0 0 3 3 0 0 0 0 1 1 0 1 1 1 1 0 0 0 3 3 0 0 0
  0 0 0 1 1 1 1 1 0 0 0 3 3 0 0 0 0 0 0 1 1 1 1 1 0 0 0 0 0 0 0 1 1 0 0 1 1 1 1
  1 0 0 0 0 0 0 1 1 1 1 0 1 1 1 1 0 0 0 0 0 0 1 1 1 1 1 1 1 1 1 1 0 0 0 0 0 0 1
  1 1 1 1 1 1 1 1 1 0 0 0 0 0 1 1 1 1 1 1 1 1 1 1 1 0 0 0 0 3 1 1 1 1 1 1 1 1 1
  1 1 0 0 0 0 3 1 1 1 1 1 1 1 1 1 1 1 0 0 0 2 3 1 1 1 1 1 1 1 1 1 1 1 0 0 0 2 3
  1 1 1 1 1 1 1 1 1 1 0 0 0 0 0 3 1 1 1 1 1 1 1 1 1 0 0 0 0 0 0 3 1 1 1 1 1 1 1
  1 1 0 0 0 0 0 2 3 1 1 1 1 1 1 1 1 0 0 0 0 0 0 2 3 1 1 1 1 1 1 1 0 0 1 1 1 0 0
  0 2 2 0 0 0 0 1 1 3 1 1 1 1 1 0 0 3 3 0 0 0 0 0 0 1 1 1 1 1 1 0 0 3 3 0 0 0 0
  0 0 1 1 1 1 1 1 0 0 0 0 0 0 1 1 0 0 1 1 1 1 1 0 0 0 0 0 0 1 1 1 1 0 1 1 1 1 1
  0 0 0 0 0 1 1 1 1 1 1 1 1 1 1 1 0 0 0 0 0 1 1 1 1 1 1 1 1 1 1 1 0 0 0 0 3 1 1
  1 1 1 1 1 1 1 1 1 0 0 0 2 3 1 1 1 1 1 1 1 1 1 1 1 0 0 0 3 3 1 1 1 1 1 1 1 1 1
  1 0 0 0 0 3 3 1 1 1 1 1 1 1 1 1 1 0 0 0 0 3 1 1 1 1 1 1 1 1 1 1 0 0 0 0 0 3 1
  1 1 1 1 1 1 1 1 0 0 0 0 0 0 2 3 1 1 1 1 1 1 1 1 0 0 0 0 0 0 2 3 1 1 1 1 1 1 1
  0 0 0 0 0 0 0 3 3 1 1 1 1 1 1 0 3 1 1 1 0 0 0 0 0 0 0 0 0 1 1 2 1 1 1 1 1 0 0
  2 2 0 0 0 0 0 0 3 1 1 1 1 1 0 0 2 2 0 0 0 0 0 0 1 1 1 1 1 1 0 0 0 0 0 0 1 1 0
  0 1 1 1 1 1 1 0 0 0 0 0 1 1 1 1 0 1 1 1 1 1 1 0 0 0 0 1 1 1 1 1 1 1 1 1 1 1 0
  0 0 0 0 1 1 1 1 1 1 1 1 1 1 1 0 0 0 0 3 1 1 1 1 1 1 1 1 1 1 1 0 0 0 0 3 1 1 1
  1 1 1 1 1 1 1 1 0 0 0 2 3 1 1 1 1 1 1 1 1 1 1 0 0 0 0 2 3 1 1 1 1 1 1 1 1 1 1
  0 0 0 0 2 3 1 1 1 1 1 1 1 1 1 0 0 0 0 0 2 3 1 1 1 1 1 1 1 1 3 0 0 0 0 0 0 3 1
  1 1 1 1 1 1 1 3 3 0 0 0 0 0 3 1 1 1 1 1 1 1 3 3 3 0 0 0 0 2 3 3 1 1 1 1 1 0 3
  3 3 1 1 0 0 0 0 0 0 0 0 1 1 0 3 3 1 1 1 0 0 0 0 0 0 0 0 0 1 3 3 1 1 1 1 0 0 0
  0 0 0 0 0 0 0 3 3 1 1 1 1 0 0 0 0 0 0 1 1 0 0 1 1 1 1 1 1 0 0 0 0 0 1 1 1 1 0
  1 1 1 1 1 1 0 0 0 0 1 1 1 1 1 1 1 1 1 1 1 1 0 0 0 0 1 1 1 1 1 1 1 1 1 1 1 1 0
  0 0 2 1 1 1 1 1 1 1 1 1 1 1 1 0 0 0 2 1 1 1 1 1 1 1 1 1 1 1 2 0 0 0 2 3 1 1 1
  1 1 1 1 1 1 2 2 0 0 0 2 3 1 1 1 1 1 1 1 1 1 2 2 0 0 0 3 3 1 1 1 1 1 1 1 1 2 2
  2 0 0 0 3 1 1 1 1 1 1 1 1 2 2 2 1 0 0 0 2 1 1 1 1 1 1 1 1 2 2 1 1 0 0 0 2 3 1
  1 1 1 1 1 2 2 2 1 0 0 0 0 2 3 1 1 1 1 1 0 2 3 3 3 1 0 0 0 0 0 0 0 0 1 1 0 3 3
  3 3 1 0 0 0 0 0 0 0 0 0 1 2 3 1 1 1 1 0 0 0 0 0 0 0 0 0 0 3 3 1 1 1 1 0 0 0 0
  0 0 1 1 0 0 3 1 1 1 1 1 1 0 0 0 0 1 1 1 1 0 1 1 1 1 1 1 1 0 0 0 3 1 1 1 1 1 1
  1 1 1 1 1 1 0 0 0 1 1 1 1 1 1 1 1 1 1 1 1 0 0 0 0 1 1 1 1 1 1 1 1 1 1 1 1 0 0
  0 0 1 1 1 1 1 1 1 1 1 1 1 0 0 0 0 0 3 1 1 1 1 1 1 1 1 1 0 0 0 0 0 0 3 1 1 1 1
  1 1 1 1 1 0 0 0 0 0 2 3 1 1 1 1 1 1 1 1 0 0 0 0 0 0 2 3 1 1 1 1 1 1 1 0 0 0 1
  0 0 0 0 3 1 1 1 1 1 1 1 0 0 1 1 0 0 0 0 3 1 1 1 1 1 1 0 0 0 1 1 0 0 0 0 2 1 1
  1 1 1 0 0 2 2 3 1 1 0 0 0 0 0 0 0 1 1 0 2 2 3 3 1 0 0 0 0 0 0 0 0 0 1 0 2 3 1
  1 1 0 0 0 0 0 0 0 0 0 0 2 2 3 1 1 1 0 0 0 0 0 0 3 3 0 0 3 1 3 1 1 1 3 0 0 0 0
  3 3 3 3 0 1 1 3 1 1 3 3 0 0 0 3 1 3 3 1 1 1 1 1 1 1 3 3 0 0 0 3 1 3 3 1 1 1 1
  1 1 1 3 0 0 0 0 3 1 3 3 1 1 1 1 1 1 1 3 0 0 0 0 3 1 3 1 1 1 1 1 1 1 3 0 0 0 0
  0 2 1 1 1 1 1 1 1 1 1 0 0 0 0 0 0 2 1 1 1 1 1 1 1 1 3 0 0 0 0 0 0 2 1 1 1 1 1
  1 1 1 0 0 0 0 0 0 0 3 1 1 1 1 1 1 1 0 0 0 1 1 0 0 0 3 1 1 1 1 1 1 1 0 0 1 1 1
  0 0 0 2 1 1 1 1 1 1 0 0 0 1 1 1 0 0 0 0 3 1 1 1 1 0 0 0 0 2 3 1 1 0 0 0 0 0 0
  1 1 0 0 0 2 2 3 1 0 0 0 0 0 0 0 0 3 0 0 3 3 3 1 3 0 0 0 0 0 0 0 0 0 0 0 3 3 1
  1 3 0 0 0 0 0 3 3 0 0 2 1 3 3 1 1 3 0 0 0 0 3 3 3 3 0 1 1 3 1 1 3 3 0 0 0 2 1
  3 3 1 1 1 1 1 1 1 3 3 0 0 0 3 1 3 3 1 1 1 1 1 1 1 3 0 0 0 0 3 1 3 3 1 1 1 1 1
  1 1 3 0 0 0 0 3 1 3 1 1 1 1 1 1 1 3 0 0 0 0 0 0 1 1 1 1 1 1 1 1 1 0 0 0 0 0 0
  0 1 1 1 1 1 1 1 1 3 0 0 0 0 0 0 0 3 1 1 1 1 1 1 3 0 0 0 0 0 0 0 2 3 1 1 1 1 1
  1 0 0 0 1 1 0 0 0 2 3 1 1 1 1 1 3 0 0 1 1 1 1 0 0 0 3 1 1 1 1 3 0 0 0 1 1 1 1
  0 0 0 3 1 1 1 1 0 0 0 0 0 3 1 3 0 0 0 0 0 0 3 1 0 0 0 0 0 3 1 3 0 0 0 0 0 0 0
  3 0 0 2 3 3 1 3 3 0 0 0 0 0 0 0 0 0 0 2 3 1 1 3 0 0 0 0 0 2 2 0 0 0 1 2 3 1 1
  2 0 0 0 0 2 2 2 2 0 1 1 2 1 1 2 2 0 0 0 0 1 2 2 3 3 1 1 1 1 1 2 2 0 0 0 2 1 2
  2 3 3 1 1 1 1 1 2 2 0 0 0 2 1 2 2 3 1 1 1 1 1 1 2 2 0 0 0 2 1 2 1 1 1 1 1 1 1
  2 2 2 1 0 0 0 1 1 1 3 3 1 1 1 1 2 2 1 1 0 0 0 1 1 1 3 3 1 1 1 2 2 2 1 1 0 0 0
  3 1 1 3 1 1 1 3 2 2 1 1 1 0 0 0 3 1 1 1 1 1 1 3 3 1 1 1 1 0 0 0 3 1 1 1 1 1 3
  3 3 1 1 1 1 0 0 0 3 1 1 1 1 3 3 3 1 1 1 1 1 0 0 0 2 1 1 1 1 0 0 0 0 0 2 1 3 0
  0 0 0 0 0 3 1 0 0 0 0 0 2 1 2 0 0 0 0 0 0 0 2 0 0 0 2 2 1 2 2 0 0 0 0 0 0 0 0
  0 0 0 2 1 1 2 0 0 0 0 0 0 0 0 0 0 1 0 2 1 1 0 0 0 0 0 0 0 0 0 0 3 3 0 1 1 0 0
  0 0 0 0 1 0 0 3 3 1 1 1 1 1 0 0 0 0 0 0 1 0 0 3 3 1 1 1 1 1 0 0 0 0 0 0 1 0 0
  3 1 1 1 1 1 1 0 0 0 0 0 0 1 0 1 1 1 1 1 1 1 0 0 0 1 0 0 0 1 1 1 3 3 1 1 1 1 0
  0 1 1 0 0 0 1 1 1 3 3 1 1 1 0 0 0 1 1 0 0 0 2 1 1 3 1 1 1 2 0 0 1 1 1 0 0 0 2
  1 1 1 1 1 1 2 2 1 1 1 1 0 0 0 2 1 1 1 1 1 2 2 2 1 1 1 1 0 0 0 2 3 1 1 1 2 2 2
  1 1 1 1 1 1 0 0 0 3 1 1 1 0 0 0 0 0 0 1 2 0 0 0 0 0 0 2 1 0 0 0 0 0 0 1 0 0 0
  0 0 0 0 0 0 0 0 0 0 0 1 0 0 0 0 0 0 0 0 0 0 0 0 0 0 1 1 0 0 0 0 0 0 0 0 0 0 0
  1 0 0 1 1 0 0 0 0 0 0 0 0 0 0 3 3 0 1 1 0 0 0 0 0 0 1 0 0 2 2 3 3 1 1 1 0 0 0
  0 0 0 1 0 0 2 2 1 3 1 1 1 0 0 0 0 0 0 1 0 0 2 1 1 1 1 1 3 0 0 0 0 0 0 1 0 1 1
  1 1 1 1 3 0 0 0 1 0 0 0 1 1 1 2 2 1 1 1 3 0 0 1 1 1 0 0 1 1 1 2 2 1 1 1 0 0 0
  1 1 1 0 0 0 1 1 2 1 1 1 0 0 0 1 1 1 1 0 0 0 1 1 1 1 1 1 0 0 1 1 1 1 1 0 0 0 1
  1 1 1 1 0 0 0 1 1 1 1 1 0 0 0 3 1 1 1 0 0 0 1 1 1 1 1 1 0 0 0 3 1 1 1 0 0 0 0
  0 0 1 0 0 0 0 0 0 0 0 1 0 0 0 0 0 0 1 0 0 0 0 0 0 0 0 0 0 0 0 0 0 1 0 0 0 0 0
  0 0 0 0 0 0 0 0 0 1 1 0 0 0 0 0 0 0 0 0 0 0 1 0 0 1 1 0 0 0 0 0 0 0 0 0 0 2 2
  0 1 1 0 0 0 0 0 0 1 0 0 0 0 3 3 3 1 1 0 0 0 0 0 0 1 0 0 0 0 3 3 3 1 1 0 0 0 0
  0 0 1 0 0 0 1 1 1 1 1 3 0 0 0 0 0 0 1 0 1 1 1 1 1 1 3 0 0 0 1 0 0 0 1 1 1 0 0
  1 1 1 3 0 0 1 1 1 0 0 1 1 1 0 0 1 1 3 0 0 0 1 1 1 0 0 0 1 1 0 1 1 3 0 0 0 1 1
  1 1 0 0 0 1 1 1 1 1 3 0 0 1 1 1 1 1 0 0 0 1 1 1 1 1 0 0 0 1 1 1 1 1 0 0 0 2 1
  1 1 0 0 0 1 1 1 1 1 1 0 0 0 2 1 1 1 0 0 0 0 0 0 1 0 0 0 0 0 0 0 0 1 0 0 0 0 0
  0 1 0 0 0 0 0 0 0 0 0 0 0 0 0 0 1 0 0 0 0 0 0 0 0 0 0 0 0 0 0 1 1 0 0 0 0 0 0
  0 0 0 0 0 3 1 1 1 1 0 0 0 0 0 0 0 0 0 0 0 0 1 1 1 1 0 0 0 0 0 1 1 0 0 0 2 2 3
  1 1 1 0 0 0 0 0 1 1 0 0 0 3 2 3 3 1 2 0 0 0 0 0 1 0 0 0 1 1 1 1 1 2 2 2 1 0 0
  0 1 0 1 1 1 1 1 1 2 2 2 1 1 1 0 0 1 1 1 0 0 1 1 1 2 2 1 1 1 1 0 0 1 1 1 0 0 1
  1 3 3 3 1 1 1 1 0 0 0 1 1 0 1 1 3 3 3 1 1 1 1 1 1 0 0 1 1 1 1 3 3 3 1 1 1 1 1
  1 1 0 0 1 1 1 1 3 0 0 1 1 1 1 1 1 1 0 0 0 1 1 1 0 0 0 1 1 1 1 1 1 1 0 0 0 1 1
  1) 
#(0 0 0 0 0 0 0 0 0 0 0 0 0 0 0 0 0 0 0 0 0 0 0 0 0 0 0 0 0 0 0 0 0 0 0 0 0 0 0
  0 0 0 0 0 0 0 0 0 0 0 0 0 0 0 0 0 0 0 0 0 0 0 0 0 0 0 0 0 0 0 0 0 0 0 0 0 0 0
  0 0 0 0 0 0 0 0 0 0 0 0 0 0 0 0 0 0 0 0 0 0 0 0 0 0 0 0 0 0 0 0 0 0 0 0 0 0 0
  0 0 0 0 0 0 0 0 0 0 0 0 0 0 0 0 0 0 0 0 0 0 0 0 0 0 0 0 0 0 0 0 0 0 0 0 0 0 0
  0 0 0 0 0 0 0 0 0 0 0 0 0 0 0 0 0 0 0 0 0 0 0 0 0 0 0 0 0 0 0 0 0 0 0 0 0 0 0
  0 0 0 0 0 0 0 0 0 0 0 0 0 0 0 0 0 0 0 0 0 0 0 0 0 0 0 0 0 0 0 0 0 0 0 0 0 0 0
  0 0 0 0 0 0 0 0 0 0 0 0 0 0 0 0 0 0 0 0 0 0 0 0 0 0 0 0 0 0 0 0 0 0 0 0 0 0 0
  0 0 0 0 0 0 0 0 0 0 0 0 0 0 0 0 0 0 0 0 0 0 0 0 0 0 0 0 0 0 0 0 0 0 0 0 0 0 0
  0 0 0 0 0 0 0 0 0 0 0 0 0 0 0 0 0 0 0 0 0 0 0 0 0 0 0 0 0 0 0 0 0 0 0 0 0 0 0
  0 0 0 0 0 0 0 0 0 0 0 0 0 0 0 0 0 0 0 0 0 0 0 0 0 0 0 0 0 0 0 0 0 0 0 0 0 0 0
  0 0 0 0 0 0 0 0 0 0 0 0 0 0 0 0 0 0 0 0 0 0 0 0 0 0 0 0 0 0 0 0 0 0 0 0 0 0 0
  0 0 0 0 0 0 0 0 0 0 0 0 0 0 0 0 0 0 0 0 0 0 0 0 0 0 0 0 0 0 0 0 0 0 0 0 0 0 0
  0 0 0 0 0 0 0 0 0 0 0 0 0 0 0 0 0 0 0 0 0 0 0 0 0 0 0 0 0 0 0 0 0 0 0 0 0 0 0
  0 0 0 0 0 0 0 0 0 0 0 0 0 0 0 0 0 0 0 0 0 0 0 0 0 0 0 0 0 0 0 0 0 0 0 0 0 0 0
  0 0 0 0 0 0 0 0 0 0 0 0 0 0 0 0 0 0 0 0 0 0 0 0 0 0 0 0 0 0 0 0 0 0 0 0 0 0 0
  0 0 0 0 0 0 0 0 0 0 0 0 0 0 0 0 0 0 0 0 0 0 0 0 0 0 0 0 0 0 0 0 0 0 0 0 0 0 0
  0 0 0 0 0 0 0 0 0 0 0 0 0 0 0 0 0 0 0 0 0 0 0 0 0 0 0 0 0 0 0 0 0 0 0 0 0 0 0
  0 0 0 0 0 0 0 0 0 0 0 0 0 0 0 0 0 0 0 0 0 0 0 0 0 0 0 0 0 0 0 0 0 0 0 0 0 0 0
  0 0 0 0 0 0 0 0 0 0 0 0 0 0 0 0 0 0 0 0 0 0 0 0 0 0 0 0 0 0 0 0 0 0 0 0 0 0 0
  0 0 0 0 0 0 0 0 0 0 0 0 0 0 0 0 0 0 0 0 0 0 0 0 0 0 0 0 0 0 0 0 0 0 0 0 0 0 0
  0 0 0 0 0 0 0 0 0 0 0 0 0 0 0 0 0 0 0 0 0 0 0 0 0 0 0 0 0 0 0 0 0 0 0 0 0 0 0
  0 0 0 0 0 0 0 0 0 0 0 0 0 0 0 0 0 0 0 0 0 0 0 0 0 0 0 0 0 0 0 0 0 0 0 0 0 0 0
  0 0 0 0 0 0 0 0 0 0 0 0 0 0 0 0 0 0 0 0 0 0 0 0 0 0 0 0 0 0 0 0 0 0 0 0 0 0 0
  0 0 0 0 0 0 0 0 0 0 0 0 0 0 0 0 0 0 0 0 0 0 0 0 0 0 0 0 0 0 0 0 0 0 0 0 0 0 0
  0 0 0 0 0 0 0 0 0 0 0 0 0 0 0 0 0 0 0 0 0 0 0 0 0 0 0 0 0 0 0 0 0 0 0 0 0 0 0
  0 0 0 0 0 0 0 0 0 0 0 0 0 0 0 0 0 0 0 0 0 0 0 0 0 0 0 0 0 0 0 0 0 0 0 0 0 0 0
  0 0 0 0 0 0 0 0 0 0 0 0 0 0 0 0 0 0 0 0 0 0 0 0 0 0 0 0 0 0 0 0 0 0 0 0 0 0 0
  0 0 0 0 0 0 0 0 0 0 0 0 0 0 0 0 0 0 0 0 0 0 0 0 0 0 0 0 0 0 0 0 0 0 0 0 0 0 0
  0 0 0 0 0 0 0 0 0 0 0 0 0 0 0 0 0 0 0 0 0 0 0 0 0 0 0 0 0 0 0 0 0 0 0 0 0 0 0
  0 0 0 0 0 0 0 0 0 0 0 0 0 0 0 0 0 0 0 0 0 0 0 0 0 0 0 0 0 0 0 0 0 0 0 0 0 0 0
  0 0 0 0 0 0 0 0 0 0 0 0 0 0 0 0 0 0 0 0 0 0 0 0 0 0 0 0 0 0 0 0 0 0 0 0 0 0 0
  0 0 0 0 0 0 0 0 0 0 0 0 0 0 0 0 0 0 0 0 0 0 0 0 0 0 0 0 0 0 0 0 0 0 0 0 0 0 0
  0 0 0 0 0 0 0 0 0 0 0 0 0 0 0 0 0 0 0 0 0 0 0 0 0 0 0 0 0 0 0 0 0 0 0 0 0 0 0
  0 0 0 0 0 0 0 0 0 0 0 0 0 0 0 0 0 0 0 0 0 0 0 0 0 0 0 0 0 0 0 0 0 0 0 0 0 0 0
  0 0 0 0 0 0 0 0 0 0 0 0 0 0 0 0 0 0 0 0 0 0 0 0 0 0 0 0 0 0 0 0 0 0 0 0 0 0 0
  0 0 0 0 0 0 0 0 0 0 0 0 0 0 0 0 0 0 0 0 0 0 0 0 0 0 0 0 0 0 0 0 0 0 0 0 0 0 0
  0 0 0 0 0 0 0 0 0 0 0 0 0 0 0 0 0 0 0 0 0 0 0 0 0 0 0 0 0 0 0 0 0 0 0 0 0 0 0
  0 0 0 0 0 0 0 0 0 0 0 0 0 0 0 0 0 0 0 0 0 0 0 0 0 0 0 0 0 0 0 0 0 0 0 0 0 0 0
  0 0 0 0 0 0 0 0 0 0 0 0 0 0 0 0 0 0 0 0 0 0 0 0 0 0 0 0 0 0 0 0 0 0 0 0 0 0 0
  0 0 0 0 0 0 0 0 0 0 0 0 0 0 0 0 0 0 0 0 0 0 0 0 0 0 0 0 0 0 0 0 0 0 0 0 0 0 0
  0 0 0 0 0 0 0 0 0 0 0 0 0 0 0 0 0 0 0 0 0 0 0 0 0 0 0 0 0 0 0 0 0 0 0 0 0 0 0
  0 0 0 0 0 0 0 0 0 0 0 0 0 0 0 0 0 0 0 0 0 0 0 0 0 0 0 0 0 0 0 0 0 0 0 0 0 0 0
  0 0 0 0 0 0 0 0 0 0 0 0 0 0 0 0 0 0 0 0 0 0 0 0 0 0 0 0 0 0 0 0 0 0 0 0 0 0 0
  0 0 0 0 0 0 0 0 0 0 0 0 0 0 0 0 0 0 0 0 0 0 0 0 0 0 0 0 0 0 0 0 0 0 0 0 0 0 0
  0 0 0 0 0 0 0 0 0 0 0 0 0 0 0 0 0 0 0 0 0 0 0 0 0 0 0 0 0 0 0 0 0 0 0 0 0 0 0
  0 0 0 0 0 0 0 0 0 0 0 0 0 0 0 0 0 0 0 0 0 0 0 0 0 0 0 0 0 0 0 0 0 0 0 0 0 0 0
  0 0 0 0 0 0 0 0 0 0 0 0 0 0 0 0 0 0 0 0 0 0 0 0 0 0 0 0 0 0 0 0 0 0 0 0 0 0 0
  0 0 0 0 0 0 0 0 0 0 0 0 0 0 0 0 0 0 0 0 0 0 0 0 0 0 0 0 0 0 0 0 0 0 0 0 0 0 0
  0 0 0 0 0 0 0 0 0 0 0 0 0 0 0 0 0 0 0 0 0 0 0 0 0 0 0 0 0 0 0 0 0 0 0 0 0 0 0
  0 0 0 0 0 0 0 0 0 0 0 0 0 0 0 0 0 0 0 0 0 0 0 0 0 0 0 0 0 0 0 0 0 0 0 0 0 0 0
  0 0 0 0 0 0 0 0 0 0 0 0 0 0 0 0 0 0 0 0 0 0 0 0 0 0 0 0 0 0 0 0 0 0 0 0 0 0 0
  0 0 0 0 0 0 0 0 0 0 0 0 0 0 0 0 0 0 0 0 0 0 0 0 0 0 0 0 0 0 0 0 0 0 0 0 0 0 0
  0 0 0 0 0 0 0 0 0 0 0 0 0 0 0 0 0 0 0 0 0 0 0 0 0 0 0 0 0 0 0 0 0 0 0 0 0 0 0
  0 0 0 0 0 0 0 0 0 0 0 0 0 0 0 0 0 0 0 0 0 0 0 0 0 0 0 0 0 0 0 0 0 0 0 0 0 0 0
  0 0 0 0 0 0 0 0 0 0 0 0 0 0 0 0 0 0 0 0 0 0 0 0 0 0 0 0 0 0 0 0 0 0 0 0 0 0 0
  0 0 0 0 0 0 0 0 0 0 0 0 0 0 0 0 0 0 0 0 0 0 0 0 0 0 0 0 0 0 0 0 0 0 0 0 0 0 0
  0 0 0 0 0 0 0 0 0 0 0 0 0 0 0 0 0 0 0 0 0 0 0 0 0 0 0 0 0 0 0 0 0 0 0 0 0 0 0
  0 0 0 0 0 0 0 0 0 0 0 0 0 0 0 0 0 0 0 0 0 0 0 0 0 0 0 0 0 0 0 0 0 0 0 0 0 0 0
  0 0 0 0 0 0 0 0 0 0 0 0 0 0 0 0 0 0 0 0 0 0 0 0 0 0 0 0 0 0 0 0 0 0 0 0 0 0 0
  0 0 0 0 0 0 0 0 0 0 0 0 0 0 0 0 0 0 0 0 0 0 0 0 0 0 0 0 0 0 0 0 0 0 0 0 0 0 0
  0 0 0 0 0 0 0 0 0 0 0 0 0 0 0 0 0 0 0 0 0 0 0 0 0 0 0 0 0 0 0 0 0 0 0 0 0 0 0
  0 0 0 0 0 0 0 0 0 0 0 0 0 0 0 0 0 0 0 0 0 0 0 0 0 0 0 0 0 0 0 0 0 0 0 0 0 0 0
  0 0 0 0 0 0 0 0 0 0 0 0 0 0 0 0 0 0 0 0 0 0 0 0 0 0 0 0 0 0 0 0 0 0 0 0 0 0 0
  0 0 0 0 0 0 0 0 0 0 0 0 0 0 0 0 0 0 0 0 0 0 0 0 0 0 0 0 0 0 0 0 0 0 0 0 0 0 0
  0 0 0 0 0 0 0 0 0 0 0 0 0 0 0 0 0 0 0 0 0 0 0 0 0 0 0 0 0 0 0 0 0 0 0 0 0 0 0
  0 0 0 0 0 0 0 0 0 0 0 0 0 0 0 0 0 0 0 0 0 0 0 0 0 0 0 0 0 0 0 0 0 0 0 0 0 0 0
  0 0 0 0 0 0 0 0 0 0 0 0 0 0 0 0 0 0 0 0 0 0 0 0 0 0 0 0 0 0 0 0 0 0 0 0 0 0 0
  0 0 0 0 0 0 0 0 0 0 0 0 0 0 0 0 0 0 0 0 0 0 0 0 0 0 0 0 0 0 0 0 0 0 0 0 0 0 0
  0 0 0 0 0 0 0 0 0 0 0 0 0 0 0 0 0 0 0 0 0 0 0 0 0 0 0 0 0 0 0 0 0 0 0 0 0 0 0
  0 0 0 0 0 0 0 0 0 0 0 0 0 0 0 0 0 0 0 0 0 0 0 0 0 0 0 0 0 0 0 0 0 0 0 0 0 0 0
  0 0 0 0 0 0 0 0 0 0 0 0 0 0 0 0 0 0 0 0 0 0 0 0 0 0 0 0 0 0 0 0 0 0 0 0 0 0 0
  0 0 0 0 0 0 0 0 0 0 0 0 0 0 0 0 0 0 0 0 0 0 0 0 0 0 0 0 0 0 0 0 0 0 0 0 0 0 0
  0 0 0 0 0 0 0 0 0 0 0 0 0 0 0 0 0 0 0 0 0 0 0 0 0 0 0 0 0 0 0 0 0 0 0 0 0 0 0
  0 0 0 0 0 0 0 0 0 0 0 0 0 0 0 0 0 0 0 0 0 0 0 0 0 0 0 0 0 0 0 0 0 0 0 0 0 0 0
  0 0 0 0 0 0 0 0 0 0 0 0 0 0 0 0 0 0 0 0 0 0 0 0 0 0 0 0 0 0 0 0 0 0 0 0 0 0 0
  0 0 0 0 0 0 0 0 0 0 0 0 0 0 0 0 0 0 0 0 0 0 0 0 0 0 0 0 0 0 0 0 0 0 0 0 0 0 0
  0 0 0 0 0 0 0 0 0 0 0 0 0 0 0 0 0 0 0 0 0 0 0 0 0 0 0 0 0 0 0 0 0 0 0 0 0 0 0
  0 0 0 0 0 0 0 0 0 0 0 0 0 0 0 0 0 0 0 0 0 0 0 0 0 0 0 0 0 0 0 0 0 0 0 0 0 0 0
  0 0 0 0 0 0 0 0 0 0 0 0 0 0 0 0 0 0 0 0 0 0 0 0 0 0 0 0 0 0 0 0 0 0 0 0 0 0 0
  0 0 0 0 0 0 0 0 0 0 0 0 0 0 0 0 0 0 0 0 0 0 0 0 0 0 0 0 0 0 0 0 0 0 0 0 0 0 0
  0 0 0 0 0 0 0 0 0 0 0 0 0 0 0 0 0 0 0 0 0 0 0 0 0 0 0 0 0 0 0 0 0 0 0 0 0 0 0
  0 0 0 0 0 0 0 0 0 0 0 0 0 0 0 0 0 0 0 0 0 0 0 0 0 0 0 0 0 0 0 0 0 0 0 0 0 0 0
  0 0 0 0 0 0 0 0 0 0 0 0 0 0 0 0 0 0 0 0 0 0 0 0 0 0 0 0 0 0 0 0 0 0 0 0 0 0 0
  0 0 0 0 0 0 0 0 0 0 0 0 0 0 0 0 0 0 0 0 0 0 0 0 0 0 0 0 0 0 0 0 0 0 0 0 0 0 0
  0 0 0 0 0 0 0 0 0 0 0 0 0 0 0 0 0 0 0 0 0 0 0 0 0 0 0 0 0 0 0 0 0 0 0 0 0 0 0
  0 0 0 0 0 0 0 0 0 0 0 0 0 0 0 0 0 0 0 0 0 0 0 0 0 0 0 0 0 0 0 0 0 0 0 0 0 0 0
  0 0 0 0 0 0 0 0 0 0 0 0 0 0 0 0 0 0 0 0 0 0 0 0 0 0 0 0 0 0 0 0 0 0 0 0 0 0 0
  0 0 0 0 0 0 0 0 0 0 0 0 0 0 0 0 0 0 0 0 0 0 0 0 0 0 0 0 0 0 0 0 0 0 0 0 0 0 0
  0 0 0 0 0 0 0 0 0 0 0 0 0 0 0 0 0 0 0 0 0 0 0 0 0 0 0 0 0 0 0 0 0 0 0 0 0 0 0
  0 0 0 0 0 0 0 0 0 0 0 0 0 0 0 0 0 0 0 0 0 0 0 0 0 0 0 0 0 0 0 0 0 0 0 0 0 0 0
  0 0 0 0 0 0 0 0 0 0 0 0 0 0 0 0 0 0 0 0 0 0 0 0 0 0 0 0 0 0 0 0 0 0 0 0 0 0 0
  0 0 0 0 0 0 0 0 0 0 0 0 0 0 0 0 0 0 0 0 0 0 0 0 0 0 0 0 0 0 0 0 0 0 0 0 0 0 0
  0 0 0 0 0 0 0 0 0 0 0 0 0 0 0 0 0 0 0 0 0 0 0 0 0 0 0 0 0 0 0 0 0 0 0 0 0 0 0
  0 0 0 0 0 0 0 0 0 0 0 0 0 0 0 0 0 0 0 0 0 0 0 0 0 0 0 0 0 0 0 0 0 0 0 0 0 0 0
  0 0 0 0 0 0 0 0 0 0 0 0 0 0 0 0 0 0 0 0 0 0 0 0 0 0 0 0 0 0 0 0 0 0 0 0 0 0 0
  0 0 0 0 0 0 0 0 0 0 0 0 0 0 0 0 0 0 0 0 0 0 0 0 0 0 0 0 0 0 0 0 0 0 0 0 0 0 0
  0 0 0 0 0 0 0 0 0 0 0 0 0 0 0 0 0 0 0 0 0 0 0 0 0 0 0 0 0 0 0 0 0 0 0 0 0 0 0
  0 0 0 0 0 0 0 0 0 0 0 0 0 0 0 0 0 0 0 0 0 0 0 0 0 0 0 0 0 0 0 0 0 0 0 0 0 0 0
  0 0 0 0 0 0 0 0 0 0 0 0 0 0 0 0 0 0 0 0 0 0 0 0 0 0 0 0 0 0 0 0 0 0 0 0 0 0 0
  0 0 0 0 0 0 0 0 0 0 0 0 0 0 0 0 0 0 0 0 0 0 0 0 0 0 0 0 0 0 0 0 0 0 0 0 0 0 0
  0 0 0 0 0 0 0 0 0 0 0 0 0 0 0 0 0 0 0 0 0 0 0 0 0 0 0 0 0 0 0 0 0 0 0 0 0 0 0
  0 0 0 0 0 0 0 0 0 0 0 0 0 0 0 0 0 0 0 0 0 0 0 0 0 0 0 0 0 0 0 0 0 0 0 0 0 0 0
  0 0 0 0 0 0 0 0 0 0 0 0 0 0 0 0 0 0 0 0 0 0 0 0 0 0 0 0 0 0 0 0 0 0 0 0 0 0 0
  0 0 0 0 0 0 0 0 0 0 0 0 0 0 0 0 0 0 0 0 0 0 0 0 0 0 0 0 0 0 0 0 0 0 0 0 0 0 0
  0 0 0 0 0 0 0 0 0 0 0 0 0 0 0 0 0 0 0 0 0 0 0 0 0 0 0 0 0 0 0 0 0 0 0 0 0 0 0
  0) 
#(1 2 3 4 5 4 4 0 0 8 9 10 11 12 13 12 0 1 2 3 4 3 3 0 0 9 10 11 12 13 14 13 0
  0 1 2 3 2 0 0 0 8 9 0 0 14 15 14 0 0 0 1 2 1 0 0 0 0 0 0 0 0 15 14 0 0 0 0 1
  1 0 0 0 0 0 0 0 0 0 13 0 0 0 0 0 0 0 0 0 0 0 0 0 0 0 0 0 0 0 0 0 0 0 0 0 0 0
  0 0 0 0 0 0 0 0 0 0 0 0 0 0 0 0 0 0 0 0 0 0 0 0 0 0 0 0 0 0 0 0 0 0 0 0 0 0 0
  0 0 0 0 0 0 0 0 0 0 0 0 0 0 0 0 0 0 0 0 0 0 0 0 0 0 0 0 0 0 0 0 0 0 0 0 0 0 0
  0 0 0 0 0 0 0 0 0 0 0 0 0 0 0 0 0 0 0 0 0 0 0 0 0 0 0 0 0 0 0 0 0 0 0 0 0 0 0
  0 0 0 0 0 0 0 0 0 0 0 0 0 0 0 0 0 0 0 0 0 0 0 0 0 0 0 0 0 0 0 0 2 3 4 5 5 4 3
  0 0 0 9 10 11 0 13 12 1 2 3 4 4 3 2 0 0 0 10 11 12 13 14 13 0 1 0 3 3 2 1 0 0
  0 0 0 13 14 15 14 0 0 0 2 2 1 2 0 0 0 0 0 0 0 15 14 0 0 0 1 1 2 0 0 0 0 0 0 0
  0 0 13 0 0 0 0 0 1 0 0 5 6 0 0 0 0 0 0 0 0 0 0 0 0 0 3 4 5 0 0 0 0 0 0 0 0 0
  0 0 0 1 2 3 0 0 0 0 0 0 0 0 0 0 0 0 0 0 1 0 0 0 0 0 0 0 0 0 0 0 0 0 0 0 0 0 0
  0 0 0 0 0 0 0 0 0 0 0 0 0 0 0 0 0 0 0 0 0 0 0 0 0 0 0 0 0 0 0 0 0 0 0 0 0 0 0
  0 0 0 0 0 0 0 0 0 0 0 0 0 0 0 0 0 0 0 0 0 0 0 0 0 0 0 0 0 0 0 0 0 0 0 0 0 0 0
  0 0 0 0 0 0 0 0 0 0 0 0 0 0 0 0 0 0 0 0 0 0 0 0 3 4 5 6 5 4 3 4 0 0 9 10 11 0
  0 12 2 3 4 0 4 3 2 3 0 0 10 11 12 13 14 13 1 0 0 0 3 2 2 0 0 0 11 12 13 14 15
  14 0 0 0 1 2 2 3 0 0 9 10 11 0 0 15 14 0 0 0 1 2 3 4 0 7 8 9 0 0 0 0 13 0 0 0
  0 1 2 3 0 6 7 0 0 0 0 0 0 0 0 0 0 0 1 0 4 5 6 0 0 0 0 0 0 0 0 0 0 0 1 2 3 4 0
  0 0 0 0 0 0 0 0 0 0 0 0 1 2 0 0 0 0 0 0 0 0 0 0 0 0 0 0 0 1 0 0 0 0 0 0 0 0 0
  0 0 0 0 0 0 0 0 0 0 0 0 0 0 0 0 0 0 0 0 0 0 0 0 0 0 0 0 0 0 0 0 0 0 0 0 0 0 0
  0 0 0 0 0 0 0 0 0 0 0 0 0 0 0 0 0 0 0 0 0 0 0 0 0 0 0 0 0 0 0 0 0 0 0 0 0 0 0
  0 0 0 0 0 0 0 0 0 0 0 0 0 0 0 0 0 4 5 6 6 0 4 3 3 0 0 9 10 11 12 0 11 3 0 0 0
  0 3 2 3 0 0 10 11 12 13 14 0 0 0 0 0 2 2 3 4 0 0 11 12 13 14 15 14 0 0 0 0 2
  3 4 5 0 9 10 11 0 0 15 14 0 0 0 0 3 4 5 6 7 8 9 0 0 0 0 13 0 0 0 0 2 3 4 0 6
  7 0 0 0 0 0 0 0 0 0 0 1 2 3 4 5 6 0 0 0 0 0 0 0 0 0 0 0 1 2 3 4 0 0 0 0 0 0 0
  0 0 0 0 0 0 1 0 0 0 0 0 0 0 0 0 0 0 0 0 0 0 0 0 0 0 0 0 0 0 0 0 0 0 0 0 0 0 0
  0 0 0 0 0 0 0 0 0 0 0 0 0 0 0 0 0 0 0 0 0 0 0 0 0 0 0 0 0 0 0 0 0 0 0 0 0 0 0
  0 0 0 0 0 0 0 0 0 0 0 0 0 0 0 0 0 0 0 0 0 0 0 0 0 0 0 0 0 0 0 0 0 0 0 0 0 0 0
  0 0 0 0 0 0 0 0 0 0 0 5 6 7 0 0 4 3 3 0 0 9 10 11 12 0 0 4 0 0 0 0 0 3 4 0 0
  10 11 12 13 14 0 0 0 0 0 0 3 4 5 0 0 11 12 13 14 15 14 0 0 0 0 0 4 5 6 0 9 10
  11 0 0 15 14 0 0 0 0 0 3 4 5 0 8 9 0 0 0 0 13 0 0 0 0 1 2 3 4 0 0 0 0 0 0 0 0
  0 0 0 0 0 1 2 3 0 0 0 0 0 0 0 0 0 0 0 0 0 0 1 2 0 0 0 0 0 0 0 0 0 0 0 0 0 0 0
  1 0 0 0 0 0 0 0 0 0 0 0 0 0 0 0 0 0 0 0 0 0 0 0 0 0 0 0 0 0 0 0 0 0 0 0 0 0 0
  0 0 0 0 0 0 0 0 0 0 0 0 0 0 0 0 0 0 0 0 0 0 0 0 0 0 0 0 0 0 0 0 0 0 0 0 0 0 0
  0 0 0 0 0 0 0 0 0 0 0 0 0 0 0 0 0 0 0 0 0 0 0 0 0 0 0 0 0 0 0 0 0 0 0 0 0 0 0
  0 0 0 0 5 6 0 0 0 4 3 4 0 0 9 10 11 12 0 0 0 0 0 0 0 0 4 5 0 0 10 11 12 13 14
  0 0 0 0 0 0 0 5 6 0 0 11 12 13 14 15 14 0 0 0 0 0 0 6 7 8 9 10 11 0 0 15 14 0
  0 0 0 0 4 5 6 7 8 9 0 0 0 0 13 0 0 0 0 0 3 4 5 6 7 0 0 0 0 0 0 0 0 0 0 0 2 3
  4 5 6 0 0 0 0 0 0 0 0 0 0 0 1 2 3 4 0 0 0 0 0 0 0 0 0 0 0 0 0 1 2 0 0 0 0 0 0
  0 0 0 0 0 0 0 0 0 1 0 0 0 0 0 0 0 0 0 0 0 0 0 0 0 0 0 0 0 0 0 0 0 0 0 0 0 0 0
  0 0 0 0 0 0 0 0 0 0 0 0 0 0 0 0 0 0 0 0 0 0 0 0 0 0 0 0 0 0 0 0 0 0 0 0 0 0 0
  0 0 0 0 0 0 0 0 0 0 0 0 0 0 0 0 0 0 0 0 0 0 0 0 0 0 0 0 0 0 0 0 0 0 0 0 6 0 0
  0 0 4 4 5 6 0 9 10 11 12 0 0 0 0 0 0 0 0 4 5 0 0 10 11 12 13 14 0 0 0 0 0 0 0
  5 6 0 0 11 12 13 14 15 14 0 0 0 0 0 0 6 7 8 9 10 11 0 0 15 14 0 0 0 0 0 0 5 6
  7 8 9 0 0 0 0 13 0 0 0 0 0 0 4 5 6 7 0 0 0 0 0 0 0 0 0 0 0 2 3 4 5 6 0 0 0 0
  0 0 0 0 0 0 0 1 2 3 4 0 0 0 0 0 0 0 0 0 0 0 0 0 1 2 3 0 0 0 0 0 0 0 0 0 0 0 0
  0 0 1 0 0 0 0 0 0 0 0 0 0 0 0 0 0 0 0 0 0 0 0 0 0 0 0 0 0 0 0 0 0 0 0 0 0 0 0
  0 0 0 0 0 0 0 0 0 0 0 0 0 0 0 0 0 0 0 0 0 0 0 0 0 0 0 0 0 0 0 0 0 0 0 0 0 0 0
  0 0 0 0 0 0 0 0 0 0 0 0 0 0 0 0 0 0 0 0 0 0 0 0 0 0 0 0 0 7 0 0 0 0 0 5 6 7 8
  9 10 11 12 0 0 6 0 0 0 0 0 5 6 7 0 10 11 12 13 14 0 0 0 0 0 0 0 6 7 8 0 11 12
  13 14 15 14 0 0 0 0 0 0 6 7 8 9 10 11 0 0 15 14 0 0 0 0 0 0 0 6 7 8 9 0 0 0 0
  13 0 0 0 0 0 0 4 5 6 7 0 0 0 0 0 0 0 0 0 0 0 0 3 4 5 6 0 0 0 0 0 0 0 0 0 0 0
  0 2 3 4 0 0 0 0 0 0 0 0 0 0 0 0 0 1 2 3 0 0 0 0 0 0 0 0 0 0 0 0 0 0 1 2 0 0 0
  0 0 0 0 0 0 0 0 0 0 0 0 1 0 0 0 0 0 0 0 0 0 0 0 0 0 0 0 0 0 0 0 0 0 0 0 0 0 0
  0 0 0 0 0 0 0 0 0 0 0 0 0 0 0 0 0 0 0 0 0 0 0 0 0 0 0 0 0 0 0 0 0 0 0 0 0 0 0
  0 0 0 0 0 0 0 0 0 0 0 0 0 0 0 0 0 0 0 0 0 0 7 0 0 0 0 0 5 6 7 8 9 10 11 12 0
  0 6 0 0 0 0 0 6 7 8 9 10 11 12 13 14 0 0 0 0 0 0 0 7 8 9 10 11 12 13 14 15 14
  0 0 0 0 0 0 6 7 8 9 10 11 0 0 15 14 0 0 0 0 0 0 0 6 7 8 9 0 0 0 0 13 0 0 0 0
  0 0 0 5 6 7 0 0 0 0 0 0 0 0 0 0 0 0 0 4 5 6 0 0 0 0 0 0 0 0 0 0 0 0 2 3 4 5 0
  0 0 0 0 0 0 0 0 0 0 0 1 2 3 4 0 0 0 0 0 0 0 0 0 0 0 0 0 1 2 3 0 0 0 0 0 0 0 0
  0 0 0 0 0 0 1 2 0 0 0 0 0 0 0 0 0 0 0 0 0 0 0 0 0 0 0 0 0 0 0 0 0 0 0 0 0 0 0
  0 0 0 0 0 0 0 0 0 0 0 0 0 0 0 0 0 0 0 0 0 0 0 0 0 0 0 0 0 0 0 0 0 0 0 0 0 0 0
  0 0 0 0 0 0 0 0 0 0 0 0 0 0 0 0 7 8 0 0 0 0 0 6 7 8 9 10 11 12 0 0 6 0 0 0 0
  0 6 7 8 9 10 11 12 13 14 0 5 0 0 0 0 0 7 8 9 10 11 12 13 14 15 14 0 0 0 0 0 0
  6 7 8 9 10 11 0 0 15 14 0 0 0 0 0 0 0 6 7 8 9 0 0 0 0 13 0 0 0 0 0 0 0 5 6 7
  0 0 0 0 0 0 0 0 0 0 0 0 0 4 5 6 0 0 0 0 0 0 0 0 0 0 0 0 2 3 4 5 0 0 0 0 0 0 0
  0 0 0 0 0 1 2 3 4 0 0 0 0 0 0 0 0 0 0 0 0 0 1 2 3 0 0 0 0 0 0 0 0 0 0 0 0 0 0
  1 2 0 0 0 0 0 0 0 0 0 0 0 0 0 0 0 1 0 0 0 0 0 0 0 0 0 0 0 0 0 0 0 0 0 0 0 0 0
  0 0 0 0 0 0 0 0 0 0 0 0 0 0 0 0 0 0 0 0 0 0 0 0 0 0 0 0 0 0 0 0 0 0 0 0 0 0 0
  0 0 0 0 0 0 0 0 0 0 8 8 7 6 0 0 0 0 7 8 9 10 11 12 0 0 7 7 6 0 0 0 0 7 8 9 10
  11 12 13 14 0 6 6 0 0 0 0 0 8 9 10 11 12 13 14 15 14 5 5 0 0 0 0 0 7 8 9 10
  11 0 0 15 14 0 0 0 0 0 0 0 6 7 8 9 0 0 0 0 13 0 0 0 0 0 0 0 5 6 7 0 0 0 0 0 0
  0 0 0 0 0 0 0 4 5 6 0 0 0 0 0 0 0 0 0 0 0 0 2 3 4 5 0 0 0 0 0 0 0 0 0 0 0 0 1
  2 3 4 0 0 0 0 0 0 0 0 0 0 0 0 0 1 2 3 2 0 0 0 0 0 0 0 0 0 0 0 0 0 1 2 1 0 0 0
  0 0 0 0 0 0 0 0 0 0 0 1 0 0 0 0 0 0 0 0 0 0 0 0 0 0 0 0 0 0 0 0 0 0 0 0 0 0 0
  0 0 0 0 0 0 0 0 0 0 0 0 0 0 0 0 0 0 0 0 0 0 0 0 0 0 0 0 0 0 0 0 0 0 0 0 0 0 0
  0 0 0 0 9 8 7 6 5 0 0 0 0 8 9 10 11 12 0 0 8 7 6 5 4 0 0 0 8 9 10 11 12 13 14
  0 7 6 0 0 0 0 0 0 9 10 11 12 13 14 15 14 6 5 0 0 0 0 0 7 8 9 10 11 0 0 15 14
  6 0 0 0 0 0 0 6 7 8 9 0 0 0 0 13 0 0 0 0 0 0 0 5 6 7 8 0 0 0 0 0 0 0 0 0 0 0
  0 4 5 6 0 0 0 0 0 0 0 0 0 0 0 0 0 0 4 5 0 0 0 0 0 0 0 0 0 0 0 0 0 0 3 4 0 0 0
  0 0 0 0 0 0 0 0 0 0 0 2 3 3 0 0 0 0 0 0 0 0 0 0 0 0 0 1 2 2 0 0 0 0 0 0 0 0 0
  0 0 0 0 0 1 1 0 0 0 0 0 0 0 0 0 0 0 0 0 0 0 0 0 0 0 0 0 0 0 0 0 0 0 0 0 0 0 0
  0 0 0 0 0 0 0 0 0 0 0 0 0 0 0 0 0 0 0 0 0 0 0 0 0 0 0 0 0 0 0 0 0 0 0 0 0 9 8
  7 6 5 0 0 0 0 8 9 10 11 12 0 0 8 7 6 5 4 0 0 0 0 9 10 11 12 13 14 0 7 6 5 0 0
  0 0 0 0 10 11 12 13 14 15 14 6 5 4 0 0 0 0 0 9 10 11 12 13 14 15 14 7 0 3 0 0
  0 6 7 8 9 10 11 12 13 14 13 0 0 2 0 0 4 5 6 7 8 9 0 11 12 0 0 0 0 0 0 0 3 4 5
  6 7 8 0 10 11 0 0 0 0 0 0 0 2 3 4 5 6 7 0 9 10 0 0 0 0 0 0 0 1 2 3 4 5 0 0 8
  0 0 0 0 0 0 0 0 0 1 0 0 4 4 0 0 0 0 0 0 0 0 0 0 0 0 0 0 3 3 0 0 0 0 0 0 0 0 0
  0 0 0 0 1 2 2 0 0 0 0 0 0 0 0 0 0 0 0 0 0 1 1 0 0 0 0 0 0 0 0 0 0 0 0 0 0 0 0
  0 0 0 0 0 0 0 0 0 0 0 0 0 0 0 0 0 0 0 0 0 0 0 0 0 0 0 0 0 0 0 0 0 0 0 0 0 9 8
  7 6 5 4 0 0 0 8 9 10 11 12 0 0 8 7 6 5 4 3 0 7 0 9 10 11 12 13 14 13 7 6 5 4
  3 0 7 8 9 10 11 12 13 14 15 14 7 6 5 4 0 0 7 8 9 10 11 12 13 14 15 14 8 0 4 3
  0 0 6 7 8 9 10 11 12 13 14 13 0 0 3 0 0 4 5 6 7 8 9 0 11 12 0 0 0 0 0 0 0 3 4
  5 6 7 8 0 10 11 0 0 0 0 0 0 0 2 3 4 5 6 7 0 9 10 0 0 0 0 0 0 0 1 2 3 4 5 6 0
  8 0 0 0 0 0 0 0 0 0 1 0 3 4 5 0 0 0 0 0 0 0 0 0 0 0 0 0 0 3 4 0 0 0 0 0 0 0 0
  0 0 0 0 0 0 2 3 2 0 0 0 0 0 0 0 0 0 0 0 0 0 1 2 1 0 0 0 0 0 0 0 0 0 0 0 0 0 0
  1 0 0 0 0 0 0 0 0 0 0 0 0 0 0 0 0 0 0 0 0 0 0 0 0 0 0 0 0 0 0 0 0 0 0 0 0 0 9
  8 7 6 5 4 0 6 7 8 9 10 11 12 13 0 8 7 6 5 4 3 0 7 8 9 10 11 12 13 14 13 7 6 5
  4 3 0 7 8 9 10 11 12 13 14 15 14 8 7 6 5 0 0 7 8 9 10 11 12 13 14 15 14 9 0 5
  4 0 0 6 7 8 9 10 11 12 13 14 13 0 0 4 0 0 4 5 6 7 8 9 0 11 12 13 12 0 0 0 0 0
  3 4 5 6 7 8 0 10 11 12 11 0 0 0 0 0 2 3 4 5 6 7 0 9 10 11 0 0 0 0 0 0 1 2 0 4
  5 6 0 8 0 0 0 0 0 0 0 0 0 1 0 3 4 5 0 0 0 4 5 0 0 0 0 0 0 0 0 0 3 4 0 0 0 3 4
  0 0 0 0 0 0 0 0 0 2 3 2 0 0 2 0 0 0 0 0 0 0 0 0 0 1 2 1 0 0 0 0 0 0 0 0 0 0 0
  0 0 0 1 0 0 0 0 0 0 0 0 0 0 0 0 0 0 0 0 0 0 0 0 0 0 0 0 0 0 0 0 0 0 0 0 0 0 0
  0 0 9 8 7 6 5 4 0 6 7 8 9 10 11 12 13 0 8 7 6 5 4 3 0 7 8 9 10 11 12 13 14 13
  8 7 6 5 4 0 7 8 9 10 11 12 13 14 15 14 9 8 7 6 0 0 7 8 9 10 11 12 13 14 15 14
  10 0 0 0 0 0 6 7 8 9 10 11 12 13 14 13 11 12 0 0 0 0 5 6 7 8 9 0 0 12 13 12 0
  0 0 0 0 0 4 5 0 7 8 0 0 11 12 11 0 0 0 0 0 0 3 4 0 6 7 0 9 10 11 0 0 0 0 0 0
  0 0 0 4 5 6 0 8 0 0 0 0 0 0 0 0 0 0 0 0 4 5 0 0 0 3 4 0 0 0 0 0 0 0 0 0 3 4 0
  0 0 2 3 0 0 0 0 0 0 0 0 0 2 3 2 0 0 1 0 0 0 0 0 0 0 0 0 0 0 2 1 0 0 0 0 0 0 0
  0 0 0 0 0 0 0 1 0 0 0 0 0 0 0 0 0 0 0 0 0 0 0 0 0 0 0 0 0 0 0 0 0 0 0 0 0 0 0
  0 0 0 0 0 0) 