
#(1 1 1 1 1 1 1 1 1 1 1 1 1 1 1 0 1 1 1 1 1 1 1 1 1 1 1 1 1 1 12 0 1 1 1 1 1 1
  1 1 1 1 1 1 1 1 1 12 1 12 12 12 1 1 1 1 1 1 1 1 1 1 1 24 0 0 12 12 12 12 0 12
  24 1 1 1 1 0 0 0 0 0 0 0 0 0 0 0 0 0 0 1 1 0 0 0 0 0 0 0 0 0 0 0 0 0 0 0 0 0
  0 0 1 1 1 0 0 0 0 0 0 0 0 0 0 0 0 0 1 1 1 1 1 1 12 0 0 0 0 0 0 0 0 0 1 1 1 1
  1 1 1 1 1 1 12 0 0 0 0 0 1 1 1 1 1 1 1 1 1 1 1 1 0 0 0 0 1 1 1 1 1 1 1 1 1 1
  0 0 0 0 0 0 1 1 1 1 1 1 1 1 1 1 0 0 0 0 0 0 1 1 1 1 1 1 1 1 1 1 1 1 12 0 0 0
  1 1 1 1 1 1 1 1 1 1 1 1 12 0 0 0 1 1 1 1 1 1 1 1 1 1 1 1 0 0 0 0 1 1 1 1 1 1
  1 1 1 1 1 1 1 1 1 0 1 1 1 1 1 1 1 1 1 1 1 1 1 1 0 0 1 1 1 1 1 1 1 1 1 1 1 1 1
  1 1 0 1 0 0 0 1 1 1 1 1 1 1 1 1 1 1 0 0 0 0 0 0 0 0 0 24 1 1 1 1 0 0 0 0 0 0
  0 0 0 0 0 0 0 0 1 1 0 0 0 0 0 0 0 0 0 0 0 0 0 0 0 0 0 0 0 1 1 1 0 0 0 0 0 0 0
  0 0 0 0 0 0 1 1 1 1 1 1 0 0 0 0 0 0 0 0 0 0 1 1 1 1 1 1 1 1 1 1 0 0 0 0 0 0 1
  1 1 1 1 1 1 1 1 1 1 1 0 0 0 0 1 1 1 1 1 1 1 1 1 1 0 0 0 0 0 0 1 1 1 1 1 1 1 1
  1 1 0 0 0 0 0 0 1 1 1 1 1 1 1 1 1 1 1 1 0 0 0 0 1 1 1 1 1 1 1 1 1 1 1 1 0 0 0
  0 1 1 1 1 1 1 1 1 1 1 1 1 0 0 0 0 1 1 1 1 1 1 1 1 1 1 1 1 1 1 1 0 1 1 1 1 1 1
  1 1 1 1 1 1 1 1 0 0 1 1 1 1 1 1 1 1 1 1 1 1 1 1 1 0 1 0 0 0 1 1 1 1 1 1 1 1 1
  1 1 0 0 0 0 0 0 0 0 0 12 1 1 1 1 0 0 0 0 0 0 0 0 0 0 0 0 0 0 1 1 0 0 0 0 0 0
  0 0 0 0 0 0 0 0 0 0 0 0 0 1 1 1 0 0 0 0 0 0 0 0 0 0 0 0 0 1 1 1 1 1 1 0 0 0 0
  0 0 0 0 0 0 1 1 1 1 1 1 1 1 1 1 0 0 0 0 0 0 1 1 1 1 1 1 1 1 1 1 1 1 0 0 0 0 1
  1 1 1 1 1 1 1 1 1 1 0 0 0 0 0 1 1 1 1 1 1 1 1 1 1 1 1 0 0 0 0 1 1 1 1 1 1 1 1
  1 1 1 1 0 0 0 0 1 1 1 1 1 1 1 1 1 1 1 24 0 0 0 0 1 1 1 1 1 1 1 1 1 1 1 24 0 0
  0 0 1 1 1 1 1 1 1 1 1 1 1 1 1 1 1 3 1 1 1 1 1 1 1 1 1 1 1 1 1 1 1 24 1 1 1 1
  1 1 1 1 1 1 1 1 1 1 1 0 1 0 0 0 1 1 1 1 1 1 1 1 1 1 1 0 0 0 0 0 0 0 0 0 0 1 1
  1 1 1 0 0 0 0 0 0 0 0 0 0 0 0 0 1 1 1 0 0 0 0 0 0 0 0 0 0 0 0 0 0 0 0 0 0 1 1
  1 0 0 0 0 0 0 0 0 0 0 0 0 0 1 1 1 1 1 1 0 0 0 0 0 0 0 0 0 0 1 1 1 1 1 1 1 1 1
  1 0 0 0 0 0 0 1 1 1 1 1 1 1 1 1 1 1 1 0 0 0 0 1 1 1 1 1 1 1 1 1 1 1 0 0 0 0 0
  1 1 1 1 1 1 1 1 1 1 1 1 0 0 0 0 1 1 1 1 1 1 1 1 1 1 1 1 0 0 0 0 1 1 1 1 1 1 1
  1 1 1 1 24 0 0 0 0 1 1 1 1 1 1 1 1 1 1 1 24 0 0 0 0 1 1 1 1 1 1 1 1 1 1 1 1 1
  1 1 2 1 1 1 1 1 1 1 1 1 1 1 1 1 1 1 12 1 1 1 1 1 1 1 1 1 1 1 1 1 1 1 0 1 1 1
  1 1 1 1 1 1 1 1 1 1 1 24 0 0 0 0 0 0 0 0 0 0 1 1 1 1 1 0 0 0 0 0 0 0 0 0 0 0
  0 0 24 1 1 0 0 0 0 0 0 0 0 0 0 0 0 0 0 0 0 0 0 1 1 1 0 0 0 0 0 0 0 0 0 0 0 0
  0 1 1 1 1 1 1 0 0 0 0 0 0 0 0 0 0 1 1 1 1 1 1 1 1 1 1 0 0 0 0 0 0 1 1 1 1 1 1
  1 1 1 1 1 1 0 0 0 0 1 1 1 1 1 1 1 1 1 1 1 1 0 0 0 0 1 1 1 1 1 1 1 1 1 1 1 1 0
  0 0 0 1 1 1 1 1 1 1 1 1 1 1 1 0 0 0 0 1 1 1 1 1 1 1 1 1 1 1 12 0 0 0 0 1 1 1
  1 1 1 1 1 1 1 1 12 0 0 0 0 1 1 1 1 1 1 1 1 1 1 1 1 1 1 1 0 1 1 1 1 1 1 1 1 1
  1 1 1 1 1 1 0 1 1 1 1 1 1 1 1 1 1 1 1 1 1 1 0 1 1 1 1 1 1 1 1 1 1 1 1 1 1 24
  0 0 0 0 0 0 0 0 0 0 1 1 1 1 1 0 0 0 0 0 0 0 0 0 0 0 0 0 24 1 1 0 0 0 0 0 0 0
  0 0 0 0 0 0 0 0 0 0 0 1 1 1 0 0 0 0 0 0 0 0 0 0 0 0 0 1 1 1 1 1 1 0 0 0 0 0 0
  0 0 0 0 1 1 1 1 1 1 1 1 1 1 0 0 0 0 0 0 1 1 1 1 1 1 1 1 1 1 1 1 0 0 0 0 1 1 1
  1 1 1 1 1 1 1 1 1 0 0 0 0 1 1 1 1 1 1 1 1 1 1 1 1 0 0 0 0 1 1 1 1 1 1 1 1 1 1
  1 24 0 0 0 0 1 1 1 1 1 1 1 1 1 1 1 0 0 0 0 0 1 1 1 1 1 1 1 1 1 1 1 0 0 0 0 0
  1 1 1 1 1 1 1 1 1 1 1 1 1 1 1 0 1 1 1 1 1 1 1 1 1 1 1 1 1 1 1 0 1 1 1 1 1 1 1
  1 1 1 1 1 1 1 1 0 1 1 24 24 1 1 1 1 1 1 1 1 1 1 12 0 0 0 0 0 0 0 0 0 0 24 1 1
  1 1 0 0 0 0 0 0 0 0 0 0 0 0 0 12 1 24 0 0 0 0 0 0 0 0 0 0 0 0 0 0 0 0 0 0 1 1
  1 0 0 0 0 0 0 0 0 0 0 0 0 0 1 1 1 1 1 1 1 0 0 0 0 0 0 0 0 0 1 1 1 1 1 1 1 1 1
  1 0 0 0 0 0 0 1 1 1 1 1 1 1 1 1 1 1 1 0 0 0 0 1 1 1 1 1 1 1 1 1 1 1 1 0 0 0 0
  1 1 1 1 1 1 1 1 1 1 1 1 0 0 0 0 1 1 1 1 1 1 1 1 1 1 1 24 0 0 0 0 1 1 1 1 1 1
  1 1 1 1 1 0 0 0 0 0 1 1 1 1 1 1 1 1 1 1 1 0 0 0 0 0 1 1 1 1 1 1 1 1 1 1 1 1 1
  1 1 0 1 1 1 1 1 1 1 1 1 1 1 1 1 1 1 0 1 1 1 1 1 1 1 1 1 1 1 1 1 1 1 0 1 1 24
  24 1 1 1 1 1 1 1 1 1 1 0 0 0 0 0 0 0 0 0 0 0 24 1 1 1 1 0 0 0 0 0 0 0 0 0 0 0
  0 0 0 1 24 0 0 0 0 0 0 0 0 0 0 0 0 0 0 0 0 0 0 1 1 1 0 0 0 0 0 0 0 0 0 0 0 0
  0 1 1 1 1 1 1 1 0 0 0 0 0 0 0 0 0 1 1 1 1 1 1 1 1 1 1 0 0 0 0 0 0 1 1 1 1 1 1
  1 1 1 1 1 1 0 0 0 0 1 1 1 1 1 1 1 1 1 1 1 1 0 0 0 0 1 1 1 1 1 1 1 1 1 1 1 1 0
  0 0 0 1 1 1 1 1 1 1 1 1 1 1 12 0 0 0 0 1 1 1 1 1 1 1 1 1 1 1 0 0 0 0 0 1 1 1
  1 1 1 1 1 1 1 1 0 0 0 0 0 1 1 1 1 1 1 1 1 1 1 1 1 1 1 1 0 1 1 1 1 1 1 1 1 1 1
  1 1 1 1 1 0 1 1 1 1 1 1 1 1 1 1 1 1 1 1 1 0 1 1 12 12 1 1 1 1 1 1 1 1 1 1 0 0
  0 0 0 0 0 0 0 0 0 12 1 1 1 1 0 0 0 0 0 0 0 0 0 0 0 0 0 0 1 12 0 0 0 0 0 0 0 0
  0 0 0 0 0 0 0 0 0 0 1 1 1 0 0 0 0 0 0 0 0 0 0 0 0 0 1 1 1 1 1 1 1 0 0 0 0 0 0
  0 0 0 1 1 1 1 1 1 1 1 1 1 0 0 0 0 0 0 1 1 1 1 1 1 1 1 1 1 1 1 0 0 0 0 1 1 1 1
  1 1 1 1 1 1 1 1 0 0 0 0 1 1 1 1 1 1 1 1 1 1 1 1 0 0 0 0 1 1 1 1 1 1 1 1 1 1 1
  0 0 0 0 0 1 1 1 1 1 1 1 1 1 1 1 0 0 0 0 0 1 1 1 1 1 1 1 1 1 1 1 0 0 0 0 0 1 1
  1 1 1 1 1 1 1 1 1 1 1 1 1 0 1 1 1 1 1 1 1 1 1 1 1 1 1 1 1 0 1 1 1 1 1 1 1 1 1
  1 1 1 1 1 1 0 1 1 0 0 1 1 1 1 1 1 1 1 1 1 0 0 0 0 0 0 0 0 0 0 0 0 1 1 1 1 0 0
  0 0 0 0 0 0 0 0 0 0 0 0 1 0 0 0 0 0 0 0 0 0 0 0 0 0 0 0 0 0 0 0 1 1 1 0 0 0 0
  0 0 0 0 0 0 0 0 0 1 1 1 1 1 1 1 0 0 0 0 0 0 0 0 0 1 1 1 1 1 1 1 1 1 1 0 0 0 0
  0 0 1 1 1 1 1 1 1 1 1 1 1 1 0 0 0 0 1 1 1 1 1 1 1 1 1 1 1 1 0 0 0 0 1 1 1 1 1
  1 1 1 1 1 1 1 0 0 0 0 1 1 1 1 1 1 1 1 1 1 1 0 0 0 0 0 1 1 1 1 1 1 1 1 1 1 1 0
  0 0 0 0 1 1 1 1 1 1 1 1 1 1 1 0 0 0 0 0 1 1 1 1 1 1 1 1 1 1 1 1 1 1 1 0 1 1 1
  1 1 1 1 1 1 1 1 1 1 1 1 0 1 1 1 1 1 1 1 1 1 1 1 1 1 1 1 0 1 1 0 0 24 24 1 1 1
  1 1 1 1 1 0 0 0 0 0 0 0 0 0 0 0 0 1 1 1 1 0 0 0 0 0 0 0 0 0 0 0 0 0 0 1 0 0 0
  0 0 0 0 0 0 0 0 0 0 0 0 0 0 0 0 1 1 1 0 0 0 0 0 0 0 0 0 0 0 0 0 1 1 1 1 1 1 1
  0 0 0 0 0 0 0 0 0 1 1 1 1 1 1 1 1 1 1 0 0 0 0 0 0 1 1 1 1 1 1 1 1 1 1 1 1 0 0
  0 0 1 1 1 1 1 1 1 1 1 1 1 1 0 0 0 0 1 1 1 1 1 1 1 1 1 1 1 1 0 0 0 0 1 1 1 1 1
  1 1 1 1 1 1 0 0 0 0 0 1 1 1 1 1 1 1 1 1 1 1 0 0 0 0 0 1 1 1 1 1 1 1 1 1 1 1 0
  0 0 0 0 1 1 1 1 1 1 1 1 1 1 1 1 1 1 1 0 1 1 1 1 1 1 1 1 1 1 1 1 1 1 1 0 1 1 1
  1 1 1 1 1 1 1 1 1 1 1 1 0 1 1 0 0 24 24 1 1 1 1 1 1 1 1 0 0 0 0 0 0 0 0 0 0 0
  0 1 1 1 1 0 0 0 0 0 0 0 0 0 0 0 0 0 0 1 0 0 0 1 0 0 0 0 0 0 0 0 0 0 0 0 0 0 0
  1 1 1 1 0 0 0 0 0 0 0 0 0 0 0 0 1 1 1 1 1 1 1 0 0 0 0 0 0 0 0 0 1 1 1 1 1 1 1
  1 1 1 0 0 0 0 0 0 1 1 1 1 1 1 1 1 1 1 1 1 0 0 0 0 1 1 1 1 1 1 1 1 1 1 1 1 0 0
  0 0 1 1 1 1 1 1 1 1 1 1 1 1 0 0 0 0 1 1 1 1 1 1 1 1 1 1 1 0 0 0 0 0 1 1 1 1 1
  1 1 1 1 1 1 0 0 0 0 0 1 1 1 1 1 1 1 1 1 1 1 0 0 0 0 0 1 1 1 1 1 1 1 1 1 1 1 1
  1 1 1 0 1 1 1 1 1 1 1 1 1 1 1 1 1 1 1 0 1 1 1 1 1 1 1 1 1 1 1 1 1 1 1 0 24 3
  0 0 12 12 1 1 1 1 1 1 1 1 0 0 0 0 0 0 0 0 0 0 0 0 1 1 1 1 0 0 0 0 0 0 0 0 0 0
  0 0 0 0 1 1 0 0 1 0 0 0 0 0 0 0 0 0 0 0 0 0 0 0 1 1 1 1 0 0 0 0 0 0 0 0 0 0 0
  0 1 1 1 1 1 1 1 0 0 0 0 0 0 0 0 0 1 1 1 1 1 1 1 1 1 1 1 0 0 0 0 0 1 1 1 1 1 1
  1 1 1 1 1 1 0 0 0 0 1 1 1 1 1 1 1 1 1 1 1 1 0 0 0 0 1 1 1 1 1 1 1 1 1 1 1 1 0
  0 0 0 1 1 1 1 1 1 1 1 1 1 1 0 0 0 0 0 1 1 1 1 1 1 1 1 1 1 1 0 0 0 0 0 1 1 1 1
  1 1 1 1 1 1 1 0 0 0 0 0 24 24 24 24 24 24 24 24 24 24 24 24 24 24 24 0 24 24
  24 24 24 24 24 24 24 24 24 24 24 24 24 0 24 24 24 24 24 24 24 24 24 24 24 24
  24 24 24 0 24 24 0 0 0 0 24 24 24 24 24 24 24 24 0 0 0 0 0 0 0 0 0 0 24 24 24
  24 24 24 0 0 0 0 0 0 0 0 0 0 0 0 0 24 24 24 0 0 24 0 0 0 0 0 0 0 0 0 0 0 0 0
  0 0 24 24 24 24 0 0 0 0 0 0 0 0 0 0 0 0 24 24 24 24 24 24 24 24 0 0 0 0 0 0 0
  0 24 24 24 24 24 24 24 24 24 24 24 0 0 0 0 0 24 24 24 24 24 24 24 24 24 24 24
  24 24 24 24 0 24 24 24 24 24 24 24 24 24 24 24 24 24 24 24 24 24 24 24 24 24
  24 24 24 24 24 24 24 24 24 24 24 24 24 24 24 24 24 24 24 24 24 24 24 24 24 24
  24 24 24 24 24 24 24 24 24 24 24 24 24 24 24 24 24 24 24 24 24 24 24 24 24 24
  24 24 24 24 24 24 24 24 24 24 24 24 24 24 24 24 24 24 24 24 24 24 0 24 24 24
  24 24 24 24 24 24 24 24 24 24 24 24 0 24 24 24 24 24 24 24 24 24 24 24 24 24
  24 24 0 12 24 0 0 0 0 24 24 24 24 24 24 24 24 0 0 0 0 0 0 0 0 0 0 24 24 24 24
  24 24 0 0 0 0 0 0 0 0 0 0 0 0 0 24 24 24 0 0 24 0 0 0 0 0 0 0 0 0 0 0 0 0 0 0
  24 24 24 24 24 0 0 0 0 0 0 0 0 0 0 0 24 24 24 24 24 24 24 24 24 0 0 0 0 0 0 0
  24 24 24 24 24 24 24 24 24 24 24 24 0 0 0 0 24 24 24 24 24 24 24 24 24 24 24
  24 24 24 24 24 24 24 24 24 24 24 24 24 24 24 24 24 24 24 24 24 24 24 24 24 24
  24 24 24 24 24 24 24 24 24 24 24 24 24 24 24 24 24 24 24 24 24 24 24 24 24 24
  24 24 24 24 24 24 24 24 24 24 24 24 24 24 24 24 24 24 24 24 24 24 24 24 24 24
  24 24 24 24 24 24 24 12 12 12 12 12 12 12 12 12 12 12 12 12 12 12 0 12 12 12
  12 12 12 12 12 12 12 12 12 12 12 12 0 12 12 12 12 12 12 12 12 12 12 12 12 12
  12 12 0 0 0 0 0 0 0 12 12 12 12 12 12 12 12 0 0 0 0 0 0 0 0 0 0 12 12 12 12
  12 12 0 0 0 0 0 0 0 0 0 0 0 0 0 12 12 12 0 0 12 0 0 0 0 0 0 0 0 0 0 0 0 0 0 0
  12 12 12 12 12 0 0 0 0 0 0 0 0 0 0 0 12 12 12 12 12 12 12 12 12 0 0 0 0 0 0 0
  12 12 12 12 12 12 12 12 12 12 12 12 0 0 0 0 12 12 12 12 12 12 12 12 12 12 12
  12 12 12 12 12 12 12 12 12 12 12 12 12 12 12 12 12 12 12 12 12 12 12 12 12 12
  12 12 12 12 12 12 12 12 12 12 12 12 12 12 12 12 12 12 12 12 12 12 12 12 12 12
  12 12 12 12 12 12 12 12 12 12 12 12 12 12 12 12 12 12 12 12 12 12 12 12 12 12
  12 12 12 12 12 12 12) 
#(0 0 0 0 0 0 0 0 0 0 0 0 0 0 0 0 0 0 0 0 0 0 0 0 0 0 0 0 0 0 0 0 0 0 0 0 0 0 0
  0 0 0 0 0 0 0 0 0 0 0 0 0 0 0 0 0 0 0 0 0 0 0 0 0 0 0 0 0 0 0 0 0 0 0 0 0 0 0
  0 0 0 0 0 0 0 0 0 0 0 0 0 0 0 0 0 0 0 0 0 0 0 0 0 0 0 0 0 0 0 0 0 0 0 0 0 0 0
  0 0 0 0 0 0 0 0 0 0 0 0 0 0 0 0 0 0 0 0 0 0 0 0 0 0 0 0 0 0 0 0 0 0 0 0 0 0 0
  0 0 0 0 0 0 0 0 0 0 0 0 0 0 0 0 0 0 0 0 0 0 0 0 0 0 0 0 0 0 0 0 0 0 0 0 0 0 0
  0 0 0 0 0 0 0 0 0 0 0 0 0 0 0 0 0 0 0 0 0 0 0 0 0 0 0 0 0 0 0 0 0 0 0 0 0 0 0
  0 0 0 0 0 0 0 0 0 0 0 0 0 0 0 0 0 0 0 0 0 0 0 0 0 0 0 0 0 0 0 0 0 0 0 0 0 0 0
  0 0 0 0 0 0 0 0 0 0 0 0 0 0 0 0 0 0 0 0 0 0 0 0 0 0 0 0 0 0 0 0 0 0 0 0 0 0 0
  0 0 0 0 0 0 0 0 0 0 0 0 0 0 0 0 0 0 0 0 0 0 0 0 0 0 0 0 0 0 0 0 0 0 0 0 0 0 0
  0 0 0 0 0 0 0 0 0 0 0 0 0 0 0 0 0 0 0 0 0 0 0 0 0 0 0 0 0 0 0 0 0 0 0 0 0 0 0
  0 0 0 0 0 0 0 0 0 0 0 0 0 0 0 0 0 0 0 0 0 0 0 0 0 0 0 0 0 0 0 0 0 0 0 0 0 0 0
  0 0 0 0 0 0 0 0 0 0 0 0 0 0 0 0 0 0 0 0 0 0 0 0 0 0 0 0 0 0 0 0 0 0 0 0 0 0 0
  0 0 0 0 0 0 0 0 0 0 0 0 0 0 0 0 0 0 0 0 0 0 0 0 0 0 0 0 0 0 0 0 0 0 0 0 0 0 0
  0 0 0 0 0 0 0 0 0 0 0 0 0 0 0 0 0 0 0 0 0 0 0 0 0 0 0 0 0 0 0 0 0 0 0 0 0 0 0
  0 0 0 0 0 0 0 0 0 0 0 0 0 0 0 0 0 0 0 0 0 0 0 0 0 0 0 0 0 0 0 0 0 0 0 0 0 0 0
  0 0 0 0 0 0 0 0 0 0 0 0 0 0 0 0 0 0 0 0 0 0 0 0 0 0 0 0 0 0 0 0 0 0 0 0 0 0 0
  0 0 0 0 0 0 0 0 0 0 0 0 0 0 0 0 0 0 0 0 0 0 0 0 0 0 0 0 0 0 0 0 0 0 0 0 0 0 0
  0 0 0 0 0 0 0 0 0 0 0 0 0 0 0 0 0 0 0 0 0 0 0 0 0 0 0 0 0 0 0 0 0 0 0 0 0 0 0
  0 0 0 0 0 0 0 0 0 0 0 0 0 0 0 0 0 0 0 0 0 0 0 0 0 0 0 0 0 0 0 0 0 0 0 0 0 0 0
  0 0 0 0 0 0 0 0 0 0 0 0 0 0 0 0 0 0 0 0 0 0 0 0 0 0 0 0 0 0 0 0 0 0 0 0 0 0 0
  0 0 0 0 0 0 0 0 0 0 0 0 0 0 0 0 0 0 0 0 0 0 0 0 0 0 0 0 0 0 0 0 0 0 0 0 0 0 0
  0 0 0 0 0 0 0 0 0 0 0 0 0 0 0 0 0 0 0 0 0 0 0 0 0 0 0 0 0 0 0 0 0 0 0 0 0 0 0
  0 0 0 0 0 0 0 0 0 0 0 0 0 0 0 0 0 0 0 0 0 0 0 0 0 0 0 0 0 0 0 0 0 0 0 0 0 0 0
  0 0 0 0 0 0 0 0 0 0 0 0 0 0 0 0 0 0 0 0 0 0 0 0 0 0 0 0 0 0 0 0 0 0 0 0 0 0 0
  0 0 0 0 0 0 0 0 0 0 0 0 0 0 0 0 0 0 0 0 0 0 0 0 0 0 0 0 0 0 0 0 0 0 0 0 0 0 0
  0 0 0 0 0 0 0 0 0 0 0 0 0 0 0 0 0 0 0 0 0 0 0 0 0 0 0 0 0 0 0 0 0 0 0 0 0 0 0
  0 0 0 0 0 0 0 0 0 0 0 0 0 0 0 0 0 0 0 0 0 0 0 0 0 0 0 0 0 0 0 0 0 0 0 0 0 0 0
  0 0 0 0 0 0 0 0 0 0 0 0 0 0 0 0 0 0 0 0 0 0 0 0 0 0 0 0 0 0 0 0 0 0 0 0 0 0 0
  0 0 0 0 0 0 0 0 0 0 0 0 0 0 0 0 0 0 0 0 0 0 0 0 0 0 0 0 0 0 0 0 0 0 0 0 0 0 0
  0 0 0 0 0 0 0 0 0 0 0 0 0 0 0 0 0 0 0 0 0 0 0 0 0 0 0 0 0 0 0 0 0 0 0 0 0 0 0
  0 0 0 0 0 0 0 0 0 0 0 0 0 0 0 0 0 0 0 0 0 0 0 0 0 0 0 0 0 0 0 0 0 0 0 0 0 0 0
  0 0 0 0 0 0 0 0 0 0 0 0 0 0 0 0 0 0 0 0 0 0 0 0 0 0 0 0 0 0 0 0 0 0 0 0 0 0 0
  0 0 0 0 0 0 0 0 0 0 0 0 0 0 0 0 0 0 0 0 0 0 0 0 0 0 0 0 0 0 0 0 0 0 0 0 0 0 0
  0 0 0 0 0 0 0 0 0 0 0 0 0 0 0 0 0 0 0 0 0 0 0 0 0 0 0 0 0 0 0 0 0 0 0 0 0 0 0
  0 0 0 0 0 0 0 0 0 0 0 0 0 0 0 0 0 0 0 0 0 0 0 0 0 0 0 0 0 0 0 0 0 0 0 0 0 0 0
  0 0 0 0 0 0 0 0 0 0 0 0 0 0 0 0 0 0 0 0 0 0 0 0 0 0 0 0 0 0 0 0 0 0 0 0 0 0 0
  0 0 0 0 0 0 0 0 0 0 0 0 0 0 0 0 0 0 0 0 0 0 0 0 0 0 0 0 0 0 0 0 0 0 0 0 0 0 0
  0 0 0 0 0 0 0 0 0 0 0 0 0 0 0 0 0 0 0 0 0 0 0 0 0 0 0 0 0 0 0 0 0 0 0 0 0 0 0
  0 0 0 0 0 0 0 0 0 0 0 0 0 0 0 0 0 0 0 0 0 0 0 0 0 0 0 0 0 0 0 0 0 0 0 0 0 0 0
  0 0 0 0 0 0 0 0 0 0 0 0 0 0 0 0 0 0 0 0 0 0 0 0 0 0 0 0 0 0 0 0 0 0 0 0 0 0 0
  0 0 0 0 0 0 0 0 0 0 0 0 0 0 0 0 0 0 0 0 0 0 0 0 0 0 0 0 0 0 0 0 0 0 0 0 0 0 0
  0 0 0 0 0 0 0 0 0 0 0 0 0 0 0 0 0 0 0 0 0 0 0 0 0 0 0 0 0 0 0 0 0 0 0 0 0 0 0
  0 0 0 0 0 0 0 0 0 0 0 0 0 0 0 0 0 0 0 0 0 0 0 0 0 0 0 0 0 0 0 0 0 0 0 0 0 0 0
  0 0 0 0 0 0 0 0 0 0 0 0 0 0 0 0 0 0 0 0 0 0 0 0 0 0 0 0 0 0 0 0 0 0 0 0 0 0 0
  0 0 0 0 0 0 0 0 0 0 0 0 0 0 0 0 0 0 0 0 0 0 0 0 0 0 0 0 0 0 0 0 0 0 0 0 0 0 0
  0 0 0 0 0 0 0 0 0 0 0 0 0 0 0 0 0 0 0 0 0 0 0 0 0 0 0 0 0 0 0 0 0 0 0 0 0 0 0
  0 0 0 0 0 0 0 0 0 0 0 0 0 0 0 0 0 0 0 0 0 0 0 0 0 0 0 0 0 0 0 0 0 0 0 0 0 0 0
  0 0 0 0 0 0 0 0 0 0 0 0 0 0 0 0 0 0 0 0 0 0 0 0 0 0 0 0 0 0 0 0 0 0 0 0 0 0 0
  0 0 0 0 0 0 0 0 0 0 0 0 0 0 0 0 0 0 0 0 0 0 0 0 0 0 0 0 0 0 0 0 0 0 0 0 0 0 0
  0 0 0 0 0 0 0 0 0 0 0 0 0 0 0 0 0 0 0 0 0 0 0 0 0 0 0 0 0 0 0 0 0 0 0 0 0 0 0
  0 0 0 0 0 0 0 0 0 0 0 0 0 0 0 0 0 0 0 0 0 0 0 0 0 0 0 0 0 0 0 0 0 0 0 0 0 0 0
  0 0 0 0 0 0 0 0 0 0 0 0 0 0 0 0 0 0 0 0 0 0 0 0 0 0 0 0 0 0 0 0 0 0 0 0 0 0 0
  0 0 0 0 0 0 0 0 0 0 0 0 0 0 0 0 0 0 0 0 0 0 0 0 0 0 0 0 0 0 0 0 0 0 0 0 0 0 0
  0 0 0 0 0 0 0 0 0 0 0 0 0 0 0 0 0 0 0 0 0 0 0 0 0 0 0 0 0 0 0 0 0 0 0 0 0 0 0
  0 0 0 0 0 0 0 0 0 0 0 0 0 0 0 0 0 0 0 0 0 0 0 0 0 0 0 0 0 0 0 0 0 0 0 0 0 0 0
  0 0 0 0 0 0 0 0 0 0 0 0 0 0 0 0 0 0 0 0 0 0 0 0 0 0 0 0 0 0 0 0 0 0 0 0 0 0 0
  0 0 0 0 0 0 0 0 0 0 0 0 0 0 0 0 0 0 0 0 0 0 0 0 0 0 0 0 0 0 0 0 0 0 0 0 0 0 0
  0 0 0 0 0 0 0 0 0 0 0 0 0 0 0 0 0 0 0 0 0 0 0 0 0 0 0 0 0 0 0 0 0 0 0 0 0 0 0
  0 0 0 0 0 0 0 0 0 0 0 0 0 0 0 0 0 0 0 0 0 0 0 0 0 0 0 0 0 0 0 0 0 0 0 0 0 0 0
  0 0 0 0 0 0 0 0 0 0 0 0 0 0 0 0 0 0 0 0 0 0 0 0 0 0 0 0 0 0 0 0 0 0 0 0 0 0 0
  0 0 0 0 0 0 0 0 0 0 0 0 0 0 0 0 0 0 0 0 0 0 0 0 0 0 0 0 0 0 0 0 0 0 0 0 0 0 0
  0 0 0 0 0 0 0 0 0 0 0 0 0 0 0 0 0 0 0 0 0 0 0 0 0 0 0 0 0 0 0 0 0 0 0 0 0 0 0
  0 0 0 0 0 0 0 0 0 0 0 0 0 0 0 0 0 0 0 0 0 0 0 0 0 0 0 0 0 0 0 0 0 0 0 0 0 0 0
  0 0 0 0 0 0 0 0 0 0 0 0 0 0 0 0 0 0 0 0 0 0 0 0 0 0 0 0 0 0 0 0 0 0 0 0 0 0 0
  0 0 0 0 0 0 0 0 0 0 0 0 0 0 0 0 0 0 0 0 0 0 0 0 0 0 0 0 0 0 0 0 0 0 0 0 0 0 0
  0 0 0 0 0 0 0 0 0 0 0 0 0 0 0 0 0 0 0 0 0 0 0 0 0 0 0 0 0 0 0 0 0 0 0 0 0 0 0
  0 0 0 0 0 0 0 0 0 0 0 0 0 0 0 0 0 0 0 0 0 0 0 0 0 0 0 0 0 0 0 0 0 0 0 0 0 0 0
  0 0 0 0 0 0 0 0 0 0 0 0 0 0 0 0 0 0 0 0 0 0 0 0 0 0 0 0 0 0 0 0 0 0 0 0 0 0 0
  0 0 0 0 0 0 0 0 0 0 0 0 0 0 0 0 0 0 0 0 0 0 0 0 0 0 0 0 0 0 0 0 0 0 0 0 0 0 0
  0 0 0 0 0 0 0 0 0 0 0 0 0 0 0 0 0 0 0 0 0 0 0 0 0 0 0 0 0 0 0 0 0 0 0 0 0 0 0
  0 0 0 0 0 0 0 0 0 0 0 0 0 0 0 0 0 0 0 0 0 0 0 0 0 0 0 0 0 0 0 0 0 0 0 0 0 0 0
  0 0 0 0 0 0 0 0 0 0 0 0 0 0 0 0 0 0 0 0 0 0 0 0 0 0 0 0 0 0 0 0 0 0 0 0 0 0 0
  0 0 0 0 0 0 0 0 0 0 0 0 0 0 0 0 0 0 0 0 0 0 0 0 0 0 0 0 0 0 0 0 0 0 0 0 0 0 0
  0 0 0 0 0 0 0 0 0 0 0 0 0 0 0 0 0 0 0 0 0 0 0 0 0 0 0 0 0 0 0 0 0 0 0 0 0 0 0
  0 0 0 0 0 0 0 0 0 0 0 0 0 0 0 0 0 0 0 0 0 0 0 0 0 0 0 0 0 0 0 0 0 0 0 0 0 0 0
  0 0 0 0 0 0 0 0 0 0 0 0 0 0 0 0 0 0 0 0 0 0 0 0 0 0 0 0 0 0 0 0 0 0 0 0 0 0 0
  0 0 0 0 0 0 0 0 0 0 0 0 0 0 0 0 0 0 0 0 0 0 0 0 0 0 0 0 0 0 0 0 0 0 0 0 0 0 0
  0 0 0 0 0 0 0 0 0 0 0 0 0 0 0 0 0 0 0 0 0 0 0 0 0 0 0 0 0 0 0 0 0 0 0 0 0 0 0
  0 0 0 0 0 0 0 0 0 0 0 0 0 0 0 0 0 0 0 0 0 0 0 0 0 0 0 0 0 0 0 0 0 0 0 0 0 0 0
  0 0 0 0 0 0 0 0 0 0 0 0 0 0 0 0 0 0 0 0 0 0 0 0 0 0 0 0 0 0 0 0 0 0 0 0 0 0 0
  0 0 0 0 0 0 0 0 0 0 0 0 0 0 0 0 0 0 0 0 0 0 0 0 0 0 0 0 0 0 0 0 0 0 0 0 0 0 0
  0 0 0 0 0 0 0 0 0 0 0 0 0 0 0 0 0 0 0 0 0 0 0 0 0 0 0 0 0 0 0 0 0 0 0 0 0 0 0
  0 0 0 0 0 0 0 0 0 0 0 0 0 0 0 0 0 0 0 0 0 0 0 0 0 0 0 0 0 0 0 0 0 0 0 0 0 0 0
  0 0 0 0 0 0 0 0 0 0 0 0 0 0 0 0 0 0 0 0 0 0 0 0 0 0 0 0 0 0 0 0 0 0 0 0 0 0 0
  0 0 0 0 0 0 0 0 0 0 0 0 0 0 0 0 0 0 0 0 0 0 0 0 0 0 0 0 0 0 0 0 0 0 0 0 0 0 0
  0 0 0 0 0 0 0 0 0 0 0 0 0 0 0 0 0 0 0 0 0 0 0 0 0 0 0 0 0 0 0 0 0 0 0 0 0 0 0
  0 0 0 0 0 0 0 0 0 0 0 0 0 0 0 0 0 0 0 0 0 0 0 0 0 0 0 0 0 0 0 0 0 0 0 0 0 0 0
  0 0 0 0 0 0 0 0 0 0 0 0 0 0 0 0 0 0 0 0 0 0 0 0 0 0 0 0 0 0 0 0 0 0 0 0 0 0 0
  0 0 0 0 0 0 0 0 0 0 0 0 0 0 0 0 0 0 0 0 0 0 0 0 0 0 0 0 0 0 0 0 0 0 0 0 0 0 0
  0 0 0 0 0 0 0 0 0 0 0 0 0 0 0 0 0 0 0 0 0 0 0 0 0 0 0 0 0 0 0 0 0 0 0 0 0 0 0
  0 0 0 0 0 0 0 0 0 0 0 0 0 0 0 0 0 0 0 0 0 0 0 0 0 0 0 0 0 0 0 0 0 0 0 0 0 0 0
  0 0 0 0 0 0 0 0 0 0 0 0 0 0 0 0 0 0 0 0 0 0 0 0 0 0 0 0 0 0 0 0 0 0 0 0 0 0 0
  0 0 0 0 0 0 0 0 0 0 0 0 0 0 0 0 0 0 0 0 0 0 0 0 0 0 0 0 0 0 0 0 0 0 0 0 0 0 0
  0 0 0 0 0 0 0 0 0 0 0 0 0 0 0 0 0 0 0 0 0 0 0 0 0 0 0 0 0 0 0 0 0 0 0 0 0 0 0
  0 0 0 0 0 0 0 0 0 0 0 0 0 0 0 0 0 0 0 0 0 0 0 0 0 0 0 0 0 0 0 0 0 0 0 0 0 0 0
  0 0 0 0 0 0 0 0 0 0 0 0 0 0 0 0 0 0 0 0 0 0 0 0 0 0 0 0 0 0 0 0 0 0 0 0 0 0 0
  0 0 0 0 0 0 0 0 0 0 0 0 0 0 0 0 0 0 0 0 0 0 0 0 0 0 0 0 0 0 0 0 0 0 0 0 0 0 0
  0 0 0 0 0 0 0 0 0 0 0 0 0 0 0 0 0 0 0 0 0 0 0 0 0 0 0 0 0 0 0 0 0 0 0 0 0 0 0
  0 0 0 0 0 0 0 0 0 0 0 0 0 0 0 0 0 0 0 0 0 0 0 0 0 0 0 0 0 0 0 0 0 0 0 0 0 0 0
  0 0 0 0 0 0 0 0 0 0 0 0 0 0 0 0 0 0 0 0 0 0 0 0 0 0 0 0 0 0 0 0 0 0 0 0 0 0 0
  0 0 0 0 0 0 0 0 0 0 0 0 0 0 0 0 0 0 0 0 0 0 0 0 0 0 0 0 0 0 0 0 0 0 0 0 0 0 0
  0 0 0 0 0 0 0 0 0 0 0 0 0 0 0 0 0 0 0 0 0 0 0 0 0 0 0 0 0 0 0 0 0 0 0 0 0 0 0
  0 0 0 0 0 0 0 0 0 0 0 0 0 0 0 0 0 0 0 0 0 0 0 0 0 0 0 0 0 0 0 0 0 0 0 0 0 0 0
  0 0 0 0 0 0 0 0 0 0 0 0 0 0 0 0 0 0 0 0 0 0 0 0 0 0 0 0 0 0 0 0 0 0 0 0 0 0 0
  0 0 0 0 0 0 0 0 0 0 0 0 0 0 0 0 0 0 0 0 0 0 0 0 0 0 0 0 0 0 0 0 0 0 0 0 0 0 0
  0) 
#(0 0 0 0 0 0 0 0 0 0 0 0 0 0 0 14 0 0 0 0 0 0 0 0 0 0 0 0 0 0 0 14 0 0 0 0 0 0
  0 0 0 0 0 0 0 0 0 0 0 0 0 0 0 0 0 0 0 0 0 0 0 0 0 0 15 15 0 0 0 0 15 0 0 0 0
  0 0 14 15 15 15 15 15 15 15 15 15 15 15 15 15 0 0 14 15 15 14 15 15 15 15 15
  15 15 15 15 15 15 15 15 15 15 0 0 0 14 14 15 15 15 15 15 15 15 15 15 15 15 0
  0 0 0 0 0 0 14 14 15 15 15 15 15 15 15 0 0 0 0 0 0 0 0 0 0 0 14 15 15 15 15 0
  0 0 0 0 0 0 0 0 0 0 0 14 14 14 14 0 0 0 0 0 0 0 0 0 0 11 12 13 13 13 13 0 0 0
  0 0 0 0 0 0 0 10 11 12 12 12 12 0 0 0 0 0 0 0 0 0 0 0 0 0 11 12 12 0 0 0 0 0
  0 0 0 0 0 0 0 0 12 13 13 0 0 0 0 0 0 0 0 0 0 0 0 12 13 14 14 0 0 0 0 0 0 0 0
  0 0 0 0 0 0 0 14 0 0 0 0 0 0 0 0 0 0 0 0 0 0 13 14 0 0 0 0 0 0 0 0 0 0 0 0 0
  0 0 15 0 14 14 14 0 0 0 0 0 0 0 0 0 0 0 15 15 15 15 15 15 15 15 15 0 0 0 0 0
  14 15 15 15 15 15 15 15 15 15 15 15 15 15 0 0 14 15 15 14 15 15 15 15 15 15
  15 15 15 15 15 15 15 15 15 0 0 0 14 14 15 15 15 15 15 15 15 15 15 15 15 0 0 0
  0 0 0 14 14 14 15 15 15 15 15 15 15 0 0 0 0 0 0 0 0 0 0 14 14 15 15 15 15 0 0
  0 0 0 0 0 0 0 0 0 0 13 14 14 14 0 0 0 0 0 0 0 0 0 0 10 11 12 13 13 13 0 0 0 0
  0 0 0 0 0 0 9 10 11 12 12 12 0 0 0 0 0 0 0 0 0 0 0 0 10 11 12 12 0 0 0 0 0 0
  0 0 0 0 0 0 11 12 13 13 0 0 0 0 0 0 0 0 0 0 0 0 12 13 14 14 0 0 0 0 0 0 0 0 0
  0 0 0 0 0 0 14 0 0 0 0 0 0 0 0 0 0 0 0 0 0 13 14 0 0 0 0 0 0 0 0 0 0 0 0 0 0
  0 15 0 14 14 14 0 0 0 0 0 0 0 0 0 0 0 15 15 15 15 15 15 15 15 15 0 0 0 0 0 14
  15 15 15 15 15 15 15 15 15 15 15 15 15 0 0 14 15 15 14 15 15 15 15 15 15 15
  15 15 15 15 15 15 15 15 0 0 0 14 14 15 15 15 15 15 15 15 15 15 15 15 0 0 0 0
  0 0 14 14 14 15 15 15 15 15 15 15 0 0 0 0 0 0 0 0 0 0 14 14 15 15 15 15 0 0 0
  0 0 0 0 0 0 0 0 0 12 14 14 14 0 0 0 0 0 0 0 0 0 0 0 11 12 13 13 13 0 0 0 0 0
  0 0 0 0 0 0 0 11 12 12 12 0 0 0 0 0 0 0 0 0 0 0 0 10 11 12 12 0 0 0 0 0 0 0 0
  0 0 0 0 11 12 13 13 0 0 0 0 0 0 0 0 0 0 0 0 12 13 14 14 0 0 0 0 0 0 0 0 0 0 0
  0 0 0 0 0 0 0 0 0 0 0 0 0 0 0 0 0 0 0 0 0 0 0 0 0 0 0 0 0 0 0 0 0 0 0 0 15 0
  14 14 14 0 0 0 0 0 0 0 0 0 0 0 15 15 15 15 15 15 15 15 15 14 0 0 0 0 0 15 15
  15 15 15 15 15 15 15 15 15 15 15 0 0 0 15 15 14 15 15 15 15 15 15 15 15 15 15
  15 15 15 15 15 0 0 0 14 14 15 15 15 15 15 15 15 15 15 15 15 0 0 0 0 0 0 14 14
  14 15 15 15 15 15 15 15 0 0 0 0 0 0 0 0 0 0 14 14 15 15 15 15 0 0 0 0 0 0 0 0
  0 0 0 0 14 14 14 14 0 0 0 0 0 0 0 0 0 0 0 12 13 13 13 13 0 0 0 0 0 0 0 0 0 0
  0 0 12 12 12 12 0 0 0 0 0 0 0 0 0 0 0 0 11 11 12 12 0 0 0 0 0 0 0 0 0 0 0 0
  11 12 13 13 0 0 0 0 0 0 0 0 0 0 0 0 12 13 14 14 0 0 0 0 0 0 0 0 0 0 0 0 0 0 0
  0 0 0 0 0 0 0 0 0 0 0 0 0 0 0 0 0 0 0 0 0 0 0 0 0 0 0 0 0 0 0 0 15 0 0 0 0 0
  0 0 0 0 0 0 0 0 0 0 15 15 15 15 15 15 15 15 15 14 0 0 0 0 0 15 15 15 15 15 15
  15 15 15 15 15 15 15 0 0 0 15 15 14 15 15 15 15 15 15 15 15 15 15 15 15 15 15
  15 0 0 0 14 14 15 15 15 15 15 15 15 15 15 15 15 0 0 0 0 0 0 14 14 14 15 15 15
  15 15 15 15 0 0 0 0 0 0 0 0 0 0 14 14 15 15 15 15 0 0 0 0 0 0 0 0 0 0 0 0 14
  14 14 14 0 0 0 0 0 0 0 0 0 0 0 0 13 13 13 13 0 0 0 0 0 0 0 0 0 0 0 0 12 12 12
  12 0 0 0 0 0 0 0 0 0 0 0 0 11 11 12 12 0 0 0 0 0 0 0 0 0 0 0 0 11 12 13 13 0
  0 0 0 0 0 0 0 0 0 0 0 12 13 14 14 0 0 0 0 0 0 0 0 0 0 0 0 0 0 0 15 0 0 0 0 0
  0 0 0 0 0 0 0 0 0 0 15 0 0 0 0 0 0 0 0 0 0 0 0 0 0 0 15 0 0 0 0 0 0 0 0 0 0 0
  0 0 0 0 15 15 15 15 15 15 15 15 15 14 0 0 0 0 0 15 15 15 15 15 15 15 15 15 15
  15 15 15 0 0 0 15 15 14 15 15 15 15 15 15 15 15 15 15 15 15 15 15 15 0 0 0 14
  14 15 15 15 15 15 15 15 15 15 15 15 0 0 0 0 0 0 14 14 14 15 15 15 15 15 15 15
  0 0 0 0 0 0 0 0 0 0 14 14 15 15 15 15 0 0 0 0 0 0 0 0 0 0 0 0 14 14 14 14 0 0
  0 0 0 0 0 0 0 0 0 0 13 13 13 13 0 0 0 0 0 0 0 0 0 0 0 0 12 12 12 12 0 0 0 0 0
  0 0 0 0 0 0 0 11 11 12 12 0 0 0 0 0 0 0 0 0 0 0 10 11 12 13 13 0 0 0 0 0 0 0
  0 0 0 0 11 12 13 14 14 0 0 0 0 0 0 0 0 0 0 0 0 0 0 0 15 0 0 0 0 0 0 0 0 0 0 0
  0 0 0 0 15 0 0 0 0 0 0 0 0 0 0 0 0 0 0 0 15 0 0 0 0 0 0 0 0 0 0 0 0 0 0 0 15
  15 15 15 15 15 15 15 15 14 0 0 0 0 0 15 15 15 15 15 15 15 15 15 15 15 15 15 0
  0 0 15 15 14 15 15 15 15 15 15 15 15 15 15 15 15 15 15 15 0 0 0 14 14 15 15
  15 15 15 15 15 15 15 15 15 0 0 0 0 0 0 0 14 14 15 15 15 15 15 15 15 0 0 0 0 0
  0 0 0 0 0 14 14 15 15 15 15 0 0 0 0 0 0 0 0 0 0 0 0 14 14 14 14 0 0 0 0 0 0 0
  0 0 0 0 0 13 13 13 13 0 0 0 0 0 0 0 0 0 0 0 0 12 12 12 12 0 0 0 0 0 0 0 0 0 0
  0 0 11 11 12 12 0 0 0 0 0 0 0 0 0 0 0 10 11 12 13 13 0 0 0 0 0 0 0 0 0 0 0 11
  12 13 14 14 0 0 0 0 0 0 0 0 0 0 0 0 0 0 0 15 0 0 0 0 0 0 0 0 0 0 0 0 0 0 0 15
  0 0 0 0 0 0 0 0 0 0 0 0 0 0 0 15 0 0 0 0 0 0 0 0 0 0 0 0 0 0 15 15 15 15 15
  15 15 15 15 15 14 0 0 0 0 0 15 15 15 15 15 15 15 15 15 15 15 15 15 14 0 0 15
  15 14 15 15 15 15 15 15 15 15 15 15 15 15 15 15 15 0 0 0 14 14 15 15 15 15 15
  15 15 15 15 15 15 0 0 0 0 0 0 0 14 14 15 15 15 15 15 15 15 0 0 0 0 0 0 0 0 0
  0 14 14 15 15 15 15 0 0 0 0 0 0 0 0 0 0 0 0 14 14 14 14 0 0 0 0 0 0 0 0 0 0 0
  0 13 13 13 13 0 0 0 0 0 0 0 0 0 0 0 0 12 12 12 12 0 0 0 0 0 0 0 0 0 0 0 0 11
  11 12 12 0 0 0 0 0 0 0 0 0 0 0 10 11 12 13 13 0 0 0 0 0 0 0 0 0 0 0 11 12 13
  14 14 0 0 0 0 0 0 0 0 0 0 0 0 0 0 0 15 0 0 0 0 0 0 0 0 0 0 0 0 0 0 0 15 0 0 0
  0 0 0 0 0 0 0 0 0 0 0 0 15 0 0 0 0 0 0 0 0 0 0 0 0 0 0 15 15 15 15 15 15 15
  15 15 15 14 0 0 0 0 0 15 15 15 15 15 15 15 15 15 15 15 15 15 14 0 0 15 15 14
  15 15 15 15 15 15 15 15 15 15 15 15 15 15 15 0 0 0 14 14 15 15 15 15 15 15 15
  15 15 15 15 0 0 0 0 0 0 0 14 14 15 15 15 15 15 15 15 0 0 0 0 0 0 0 0 0 0 14
  14 15 15 15 15 0 0 0 0 0 0 0 0 0 0 0 0 14 14 14 14 0 0 0 0 0 0 0 0 0 0 0 0 13
  13 13 13 0 0 0 0 0 0 0 0 0 0 0 0 12 12 12 12 0 0 0 0 0 0 0 0 0 0 0 10 11 11
  12 12 0 0 0 0 0 0 0 0 0 0 0 10 11 12 13 13 0 0 0 0 0 0 0 0 0 0 0 11 12 13 14
  14 0 0 0 0 0 0 0 0 0 0 0 0 0 0 0 15 0 0 0 0 0 0 0 0 0 0 0 0 0 0 0 15 0 0 0 0
  0 0 0 0 0 0 0 0 0 0 0 15 0 0 15 15 0 0 0 0 0 0 0 0 0 0 15 15 15 15 15 15 15
  15 15 15 14 14 0 0 0 0 15 15 15 15 15 15 15 15 15 15 15 15 15 14 0 14 15 15
  14 15 15 15 15 15 15 15 15 15 15 15 15 15 15 15 0 0 0 14 14 15 15 15 15 15 15
  15 15 15 15 15 0 0 0 0 0 0 0 14 14 15 15 15 15 15 15 15 0 0 0 0 0 0 0 0 0 0
  14 14 15 15 15 15 0 0 0 0 0 0 0 0 0 0 0 0 14 14 14 14 0 0 0 0 0 0 0 0 0 0 0 0
  13 13 13 13 0 0 0 0 0 0 0 0 0 0 0 0 12 12 12 12 0 0 0 0 0 0 0 0 0 0 0 10 11
  11 12 12 0 0 0 0 0 0 0 0 0 0 0 10 11 12 13 13 0 0 0 0 0 0 0 0 0 0 0 11 12 13
  14 14 0 0 0 0 0 0 0 0 0 0 0 0 0 0 0 15 0 0 0 0 0 0 0 0 0 0 0 0 0 0 0 15 0 0 0
  0 0 0 0 0 0 0 0 0 0 0 0 15 0 0 15 15 0 0 0 0 0 0 0 0 0 0 15 15 15 15 15 15 15
  15 15 15 14 14 0 0 0 0 15 15 15 15 15 15 15 15 15 15 15 15 15 14 0 14 15 15
  14 15 15 15 15 15 15 15 15 15 15 15 15 15 15 15 0 0 0 14 14 15 15 15 15 15 15
  15 15 15 15 15 0 0 0 0 0 0 0 14 14 15 15 15 15 15 15 15 0 0 0 0 0 0 0 0 0 0
  14 14 15 15 15 15 0 0 0 0 0 0 0 0 0 0 0 0 14 14 14 14 0 0 0 0 0 0 0 0 0 0 0 0
  13 13 13 13 0 0 0 0 0 0 0 0 0 0 0 0 12 12 12 12 0 0 0 0 0 0 0 0 0 0 0 10 11
  11 12 12 0 0 0 0 0 0 0 0 0 0 0 10 11 12 13 13 0 0 0 0 0 0 0 0 0 0 0 11 12 13
  14 14 0 0 0 0 0 0 0 0 0 0 0 0 0 0 0 15 0 0 0 0 0 0 0 0 0 0 0 0 0 0 0 15 0 0 0
  0 0 0 0 0 0 0 0 0 0 0 0 15 0 0 15 15 0 0 0 0 0 0 0 0 0 0 15 15 15 15 15 15 15
  15 15 15 14 14 0 0 0 0 15 15 15 15 15 15 15 15 15 15 15 15 15 14 0 14 15 15 0
  15 15 15 15 15 15 15 15 15 15 15 15 15 15 15 0 0 0 0 14 15 15 15 15 15 15 15
  15 15 15 15 0 0 0 0 0 0 0 14 14 15 15 15 15 15 15 15 0 0 0 0 0 0 0 0 0 0 14
  14 15 15 15 15 0 0 0 0 0 0 0 0 0 0 0 0 14 14 14 14 0 0 0 0 0 0 0 0 0 0 0 0 13
  13 13 13 0 0 0 0 0 0 0 0 0 0 0 0 12 12 12 12 0 0 0 0 0 0 0 0 0 0 0 10 11 11
  12 12 0 0 0 0 0 0 0 0 0 0 0 10 11 12 13 13 0 0 0 0 0 0 0 0 0 0 0 11 12 13 14
  14 0 0 0 0 0 0 0 0 0 0 0 0 0 0 0 15 0 0 0 0 0 0 0 0 0 0 0 0 0 0 0 15 0 0 0 0
  0 0 0 0 0 0 0 0 0 0 0 15 0 0 15 15 0 0 0 0 0 0 0 0 0 0 15 15 15 15 15 15 15
  15 15 15 14 14 0 0 0 0 15 15 15 15 15 15 15 15 15 15 15 15 15 14 0 0 15 15 0
  15 15 15 15 15 15 15 15 15 15 15 15 15 15 15 0 0 0 0 14 15 15 15 15 15 15 15
  15 15 15 15 0 0 0 0 0 0 0 14 14 15 15 15 15 15 15 15 0 0 0 0 0 0 0 0 0 0 0 14
  15 15 15 15 0 0 0 0 0 0 0 0 0 0 0 0 14 14 14 14 0 0 0 0 0 0 0 0 0 0 0 0 13 13
  13 13 0 0 0 0 0 0 0 0 0 0 0 0 12 12 12 12 0 0 0 0 0 0 0 0 0 0 0 10 11 11 12
  12 0 0 0 0 0 0 0 0 0 0 0 10 11 12 13 13 0 0 0 0 0 0 0 0 0 0 0 11 12 13 14 14
  0 0 0 0 0 0 0 0 0 0 0 0 0 0 0 15 0 0 0 0 0 0 0 0 0 0 0 0 0 0 0 15 0 0 0 0 0 0
  0 0 0 0 0 0 0 0 0 15 0 0 15 15 15 15 0 0 0 0 0 0 0 0 15 15 15 15 15 15 15 15
  15 15 0 0 0 0 0 0 15 15 15 15 15 15 15 15 15 15 15 15 15 0 0 0 15 15 0 15 15
  15 15 15 15 15 15 15 15 15 15 15 15 15 0 0 0 0 14 15 15 15 15 15 15 15 15 15
  15 15 0 0 0 0 0 0 0 0 14 15 15 15 15 15 15 15 0 0 0 0 0 0 0 0 0 0 0 14 15 15
  15 15 0 0 0 0 0 0 0 0 0 0 0 0 0 0 0 14 0 0 0 0 0 0 0 0 0 0 0 0 0 0 0 0 0 0 0
  0 0 0 0 0 0 0 0 0 0 0 0 0 0 0 0 0 0 0 0 0 0 0 0 0 0 0 0 0 0 0 0 0 0 0 0 0 0 0
  0 0 0 0 0 0 0 0 0 0 0 0 0 0 0 0 0 0 0 0 0 0 0 0 0 0 0 0 0 0 0 0 0 0 0 0 0 15
  0 0 0 0 0 0 0 0 0 0 0 0 0 0 0 15 0 0 0 0 0 0 0 0 0 0 0 0 0 0 0 15 0 0 15 15
  15 15 0 0 0 0 0 0 0 0 15 15 15 15 15 15 15 15 15 15 0 0 0 0 0 0 15 15 15 15
  15 15 15 15 15 15 15 15 15 0 0 0 15 15 0 15 15 15 15 15 15 15 15 15 15 15 15
  15 15 15 0 0 0 0 0 15 15 15 15 15 15 15 15 15 15 15 0 0 0 0 0 0 0 0 0 15 15
  15 15 15 15 15 0 0 0 0 0 0 0 0 0 0 0 0 15 15 15 15 0 0 0 0 0 0 0 0 0 0 0 0 0
  0 0 0 0 0 0 0 0 0 0 0 0 0 0 0 0 0 0 0 0 0 0 0 0 0 0 0 0 0 0 0 0 0 0 0 0 0 0 0
  0 0 0 0 0 0 0 0 0 0 0 0 0 0 0 0 0 0 0 0 0 0 0 0 0 0 0 0 0 0 0 0 0 0 0 0 0 0 0
  0 0 0 0 0 0 0 0 0 0 0 0 0 0 0 0 0 0 0 0 15 0 0 0 0 0 0 0 0 0 0 0 0 0 0 0 15 0
  0 0 0 0 0 0 0 0 0 0 0 0 0 0 15 15 15 15 15 15 15 0 0 0 0 0 0 0 0 15 15 15 15
  15 15 15 15 15 15 0 0 0 0 0 0 15 15 15 15 15 15 15 15 15 15 15 15 15 0 0 0 15
  15 0 15 15 15 15 15 15 15 15 15 15 15 15 15 15 15 0 0 0 0 0 15 15 15 15 15 15
  15 15 15 15 15 0 0 0 0 0 0 0 0 0 15 15 15 15 15 15 15 0 0 0 0 0 0 0 0 0 0 0 0
  15 15 15 15 0 0 0 0 0 0 0 0 0 0 0 0 0 0 0 0 0 0 0 0 0 0 0 0 0 0 0 0 0 0 0 0 0
  0 0 0 0 0 0 0 0 0 0 0 0 0 0 0 0 0 0 0 0 0 0 0 0 0 0 0 0 0 0 0 0 0 0 0 0 0 0 0
  0 0 0 0 0 0 0 0 0 0 0 0 0 0 0 0 0 0 0 0 0 0 0 0) 