
#(0 0 0 0 0 0 0 1 1 0 0 0 0 0 1 1 0 0 0 0 0 0 0 1 1 0 0 0 1 1 1 1 0 0 0 0 0 0 0
  0 0 0 0 0 1 1 1 1 0 0 0 0 0 0 0 0 0 0 0 1 1 1 1 1 0 0 0 0 0 0 0 0 0 0 1 1 1 1
  1 1 1 1 0 0 0 0 0 0 0 1 1 1 1 1 1 1 1 1 1 1 1 1 0 0 0 1 1 1 1 1 1 1 0 1 1 1 1
  1 0 0 0 0 1 1 1 1 1 1 0 1 1 1 1 1 0 0 0 0 0 0 1 1 0 0 0 1 1 1 0 0 0 0 0 0 0 0
  0 0 0 0 0 1 1 0 0 0 0 0 3 1 0 0 0 0 0 0 0 0 0 0 0 0 0 0 1 1 1 0 0 0 0 0 0 0 0
  0 0 0 0 0 1 1 1 1 1 0 0 0 0 0 0 0 0 0 0 0 0 1 1 1 1 1 1 0 0 0 0 0 0 0 0 0 0 0
  0 0 1 1 1 1 0 0 0 0 0 0 0 0 0 0 0 0 0 1 1 1 0 0 0 0 0 0 0 1 1 1 0 0 0 0 1 1 0
  0 0 0 0 0 0 1 1 0 0 0 1 1 1 1 0 0 0 0 0 0 0 0 0 0 0 1 1 1 1 1 0 0 0 0 0 0 0 0
  0 0 1 1 1 1 1 1 0 0 0 0 0 0 0 0 0 0 1 1 1 1 1 1 1 1 0 0 0 0 0 0 0 1 1 1 1 1 1
  1 1 1 1 1 1 1 0 0 0 1 1 1 1 1 1 1 0 1 1 1 1 1 0 0 0 0 1 1 1 1 1 1 0 1 1 1 1 1
  0 0 0 0 0 0 1 1 0 0 0 1 1 1 1 0 0 0 0 0 0 0 0 0 0 0 0 1 1 0 0 0 0 0 2 3 0 0 0
  0 0 0 0 0 0 0 0 0 0 0 1 1 1 0 0 0 0 0 0 0 0 0 0 0 0 0 1 1 1 1 1 0 0 0 0 0 0 0
  0 0 0 0 1 1 1 1 1 1 1 0 0 0 0 0 0 0 0 0 1 1 1 1 1 1 1 1 0 0 0 0 0 0 0 0 0 0 1
  1 1 1 1 1 0 0 0 1 1 1 0 1 1 1 1 1 1 1 1 1 0 0 0 1 1 1 0 1 1 1 1 1 1 1 1 1 0 0
  0 0 1 1 0 0 1 1 1 1 1 1 1 1 0 0 0 0 0 0 0 0 1 1 1 1 1 1 1 1 0 0 0 0 0 0 0 0 1
  1 1 1 1 1 1 1 1 1 0 0 0 0 0 0 1 1 1 1 1 1 1 1 1 1 1 1 1 1 0 0 1 1 1 1 1 1 1 1
  0 1 1 1 1 1 0 0 1 1 1 1 1 1 1 1 0 1 1 1 1 1 0 0 0 0 0 0 1 1 0 0 0 1 1 1 1 0 0
  0 0 0 0 0 0 0 0 0 0 1 1 1 0 0 0 0 0 3 3 0 0 0 0 0 0 0 0 0 0 0 0 0 3 1 1 1 1 0
  0 0 0 0 0 0 0 0 0 0 1 1 1 1 1 1 1 1 0 0 0 0 0 0 0 0 1 1 1 1 1 1 1 1 0 0 0 0 0
  0 0 0 1 1 1 1 1 1 1 1 0 0 0 0 0 0 0 0 0 1 1 1 1 1 1 1 0 0 0 1 1 1 0 3 1 1 1 1
  1 1 1 1 0 0 0 1 1 1 0 1 1 1 1 1 1 1 1 1 0 0 0 0 1 1 0 0 1 1 1 1 1 1 1 1 0 0 0
  0 0 3 0 0 1 1 1 1 1 1 1 1 0 0 0 0 0 24 0 0 1 1 1 1 1 1 1 1 1 1 0 0 0 24 0 0 1
  1 1 1 1 1 1 1 1 1 1 1 1 1 0 1 1 1 1 1 1 1 1 1 0 1 1 1 1 1 0 1 1 1 1 1 1 1 1 1
  0 1 1 1 1 1 0 0 0 0 0 0 1 1 1 0 0 1 1 1 1 1 0 0 0 0 0 0 0 0 0 0 0 1 1 1 0 0 0
  0 0 2 2 0 0 0 0 0 0 0 0 0 0 0 0 0 3 1 1 1 1 0 0 0 0 0 0 0 0 0 0 0 1 1 1 1 1 1
  1 1 0 0 0 0 0 0 0 0 1 1 1 1 1 1 1 1 0 0 0 1 1 0 0 0 1 1 1 1 1 1 1 1 0 0 0 1 1
  0 0 0 0 1 1 1 1 1 1 1 0 0 0 1 1 1 0 3 1 1 1 1 1 1 1 3 0 0 0 1 1 1 0 1 1 1 1 1
  1 1 1 1 0 0 0 0 1 1 0 0 1 1 1 1 1 1 1 1 0 0 0 0 0 2 0 0 1 1 1 1 1 1 1 1 0 0 0
  0 0 12 0 0 1 1 1 1 1 1 1 1 1 1 0 0 0 12 0 1 1 1 1 1 1 1 1 1 1 1 1 1 1 1 0 1 1
  1 1 1 1 1 1 1 0 1 1 1 1 1 0 1 1 1 1 1 1 1 1 1 0 1 1 1 1 1 0 0 0 0 0 0 1 1 1 1
  0 1 1 1 1 1 0 0 0 0 0 0 0 0 0 0 0 1 1 1 1 0 0 0 0 0 0 0 0 0 0 0 0 0 1 1 0 0 0
  0 2 3 1 1 1 0 0 0 0 0 0 0 0 0 0 0 1 1 1 1 1 1 1 3 0 0 0 0 0 0 0 0 1 1 1 1 1 1
  1 1 0 0 0 1 1 1 0 0 1 1 1 1 1 1 1 1 0 0 0 1 1 1 0 0 1 1 1 1 1 1 1 1 0 0 0 1 1
  1 0 2 1 1 1 1 1 1 3 3 0 0 0 1 1 1 0 1 1 1 1 1 1 1 1 1 0 0 0 0 1 1 0 1 1 1 1 1
  1 1 1 1 0 0 0 0 0 0 0 0 1 1 1 1 1 1 1 1 1 0 0 0 0 0 0 1 1 1 1 1 1 1 1 1 1 1 1
  0 0 0 0 1 1 1 1 1 1 1 1 1 1 1 1 1 1 1 0 1 1 1 1 1 1 1 1 1 1 1 1 1 1 1 0 1 1 1
  1 1 1 1 1 1 1 1 1 1 1 1 0 1 1 0 0 0 1 1 1 1 0 1 1 1 1 1 0 0 0 0 0 0 0 0 0 0 0
  1 1 1 1 0 0 0 0 0 0 0 0 0 0 0 0 0 1 1 0 0 0 0 0 3 1 1 1 0 0 0 0 0 0 0 0 0 0 0
  1 1 1 1 1 1 1 3 0 0 0 0 0 0 0 0 1 1 1 1 1 1 1 1 0 0 0 1 1 1 0 0 1 1 1 1 1 1 1
  1 0 0 0 1 1 1 0 0 1 1 1 1 1 1 1 1 0 0 1 1 1 1 0 0 1 1 1 1 1 3 3 2 0 0 0 1 1 1
  0 3 1 1 1 1 1 1 1 1 0 0 0 0 1 1 0 1 1 1 1 1 1 1 1 1 0 0 0 0 0 0 0 1 1 1 1 1 1
  1 1 1 1 0 0 0 0 0 0 1 1 1 1 1 1 1 1 1 1 1 1 0 0 0 0 1 1 1 1 1 1 1 1 1 1 1 1 1
  1 1 0 1 1 1 1 1 1 1 1 1 1 1 1 1 1 1 0 1 1 1 1 1 1 1 1 1 1 1 1 1 1 1 0 1 1 0 0
  0 1 1 1 1 1 1 1 1 1 1 0 0 0 0 0 0 0 0 3 1 1 1 1 1 1 1 0 0 0 0 0 0 0 0 0 0 0 0
  1 1 1 0 0 0 0 2 3 1 1 0 0 0 0 0 0 0 0 0 0 0 3 1 1 1 1 1 1 2 0 0 0 0 0 0 0 0 1
  1 1 1 1 1 1 1 0 0 0 1 1 1 0 0 1 1 1 1 1 1 1 1 0 0 0 3 1 1 0 0 1 1 1 1 1 1 1 1
  0 0 1 1 1 1 0 0 1 1 1 1 3 3 2 0 0 0 0 1 1 1 0 3 1 1 1 1 1 1 1 3 0 0 0 0 1 1 0
  1 1 1 1 1 1 1 1 1 0 0 0 0 0 0 0 1 1 1 1 1 1 1 1 1 3 0 0 0 0 0 0 1 1 1 1 1 1 1
  1 1 1 1 1 0 0 0 0 1 1 1 1 1 1 1 1 1 1 1 1 1 1 1 0 1 1 1 1 1 1 1 1 1 1 1 1 1 1
  1 0 1 1 1 1 1 1 1 1 1 1 1 1 1 1 1 0 1 1 1 0 0 1 1 1 1 1 1 1 1 1 1 0 0 0 0 0 0
  0 0 3 1 1 1 1 1 1 1 0 0 0 0 0 0 0 0 0 0 1 1 1 1 1 0 0 0 0 0 3 1 1 0 0 0 1 0 0
  0 0 0 0 0 3 1 1 1 1 1 1 0 0 0 0 0 0 0 0 0 1 1 1 1 1 1 1 1 0 0 0 1 1 1 0 0 1 1
  1 1 1 1 1 1 0 0 0 3 1 1 0 0 1 1 1 1 1 1 1 1 0 0 24 1 1 1 0 0 3 1 1 1 3 2 0 0
  0 0 0 1 1 1 0 2 1 1 1 1 1 1 3 3 0 0 0 0 24 3 0 1 1 1 1 1 1 1 1 1 0 0 0 0 0 0
  0 1 1 1 1 1 1 1 1 1 24 0 0 0 0 0 0 1 1 1 1 1 1 1 1 1 1 1 1 0 0 0 0 1 1 1 1 1
  1 1 1 1 1 1 24 24 1 1 0 1 1 1 1 1 1 1 1 1 1 1 24 24 1 1 0 1 1 1 1 1 1 1 1 1 1
  24 24 24 1 1 0 1 1 1 0 0 1 1 1 1 1 24 24 1 1 1 0 0 0 0 0 0 0 0 2 1 1 24 24 1
  1 1 0 0 0 0 0 0 0 0 0 0 24 24 24 1 1 0 0 0 0 0 2 3 1 0 0 0 24 0 0 0 0 0 0 0 2
  3 1 1 1 1 1 0 0 0 0 0 0 0 0 0 1 1 1 1 1 1 1 1 0 0 0 1 1 1 0 0 1 1 1 1 1 1 1 1
  0 0 0 1 1 1 0 0 1 1 1 1 1 1 1 1 0 0 24 1 24 24 0 0 24 3 3 3 2 0 0 0 0 0 0 1
  24 24 0 0 1 1 1 1 3 3 3 2 0 0 0 0 24 24 0 24 1 1 1 1 1 1 1 3 0 0 0 0 0 0 0 24
  1 1 1 1 1 1 1 1 24 0 0 0 0 0 0 24 1 1 1 1 1 1 1 1 1 1 1 0 0 0 0 1 1 1 1 1 1 1
  1 1 1 1 24 24 1 24 0 1 1 1 1 1 1 1 1 1 1 1 24 24 1 24 0 1 1 1 1 1 1 1 1 1 1
  24 24 24 1 24 0 1 1 1 1 1 1 1 1 1 1 24 24 1 24 24 0 1 1 0 0 0 0 0 0 1 1 24 24
  1 24 24 0 0 0 0 0 0 0 0 0 0 24 24 24 1 24 24 0 0 0 0 0 3 1 1 0 0 24 24 0 0 0
  0 0 0 0 3 1 1 1 1 1 0 0 0 0 0 0 0 0 0 1 1 1 1 1 1 1 1 0 0 0 24 24 1 0 0 1 1 1
  1 1 1 1 1 0 0 0 0 24 1 0 0 1 1 1 1 1 1 1 1 0 0 12 1 24 24 0 0 24 24 24 24 0 0
  0 0 0 0 0 1 24 24 0 0 24 24 24 24 3 3 2 0 0 0 0 0 12 24 0 24 24 24 24 24 1 1
  1 3 0 0 0 0 0 0 0 24 24 24 24 24 1 1 1 1 0 0 0 0 0 0 0 24 24 24 24 24 1 1 1 1
  1 1 1 0 0 0 0 1 24 24 24 24 1 1 1 1 1 1 12 12 1 24 0 1 24 1 24 24 1 1 1 1 1 1
  12 12 1 24 0 24 24 1 24 24 1 1 1 1 1 12 12 12 1 24 0 24 24 1 24 24 1 1 1 1 1
  12 12 1 24 24 0 24 24 1 0 0 0 0 0 1 1 12 12 1 24 24 0 0 0 0 0 0 0 0 0 0 12 12
  12 1 24 24 0 0 0 0 0 2 3 3 0 0 12 12 0 0 0 0 0 0 0 2 24 1 1 1 1 0 0 0 0 0 0 0
  0 0 1 1 24 1 1 1 1 1 0 0 0 24 24 1 0 0 1 1 24 1 1 1 1 1 0 0 0 24 24 1 0 0 1 1
  24 1 1 1 1 1 0 0 0 1 12 12 0 0 0 24 24 24 0 0 0 0 0 0 0 1 12 12 0 0 24 24 24
  24 24 2 0 0 0 0 0 0 0 0 0 12 24 24 24 24 24 24 3 2 0 0 0 0 0 0 0 12 24 24 24
  24 24 24 3 3 0 0 0 0 0 0 0 12 24 24 24 24 24 24 1 1 1 1 1 0 0 0 0 1 24 24 24
  24 24 24 1 1 1 1 0 0 1 12 0 1 24 1 24 24 24 24 1 1 1 1 0 0 1 12 0 24 24 1 24
  24 24 24 1 1 1 0 0 0 1 12 0 24 24 1 24 24 24 24 1 1 1 0 0 1 12 12 0 24 24 1 0
  0 0 0 0 1 1 0 0 1 12 12 0 0 0 0 0 0 0 0 0 0 0 0 0 1 12 12 0 0 0 0 0 0 24 24 0
  0 0 0 0 0 0 0 0 0 0 0 24 3 24 24 1 0 0 0 0 0 0 0 0 0 1 1 24 1 24 24 1 1 0 0 0
  12 12 1 0 0 1 1 24 1 24 24 1 1 0 0 0 12 12 1 0 0 1 1 24 1 1 24 1 1 0 0 0 1 0
  0 0 0 0 0 0 0 0 0 0 0 0 0 0 1 0 0 0 0 12 12 12 12 0 0 0 0 0 0 0 0 0 0 0 0 12
  12 12 12 24 24 24 0 0 0 0 0 0 0 0 0 12 12 12 12 24 24 24 24 0 0 0 0 0 0 0 0
  12 12 12 12 24 24 24 24 1 1 1 0 0 0 0 1 12 12 12 12 24 24 24 24 1 1 0 0 1 0 0
  1 12 1 12 12 24 24 24 24 1 1 0 0 1 0 0 12 12 1 12 12 24 24 24 24 1 0 0 0 1 0
  0 12 12 1 12 12 24 24 24 24 1 0 0 1 0 0 0 12 12 1 0 0 0 0 0 24 1 0 0 1 0 0 0
  0 0 0 0 0 0 0 0 0 0 0 0 1 0 0 0 0 0 0 0 0 24 24 0 0 0 0 0 0 0 0 0 0 0 0 12 3
  24 24 1 0 0 0 0 0 0 0 0 0 1 1 12 1 24 24 1 24 0 1 1 0 0 1 0 0 1 1 12 1 24 24
  1 24 0 1 1 0 0 1 0 0 1 1 12 1 1 24 1 24 0 0 0 1 0 0 0 0 0 0 0 0 0 0 0 0 0 0 0
  1 0 0 0 0 0 0 0 0 0 0 0 0 0 0 0 0 0 0 0 0 0 0 0 0 12 12 24 0 0 0 0 0 0 0 0 0
  0 0 0 0 12 12 24 24 1 0 0 0 0 0 0 0 0 0 0 0 12 12 24 24 1 1 1 0 0 0 0 1 0 0 0
  0 12 12 24 24 1 1 0 0 1 0 0 1 0 1 0 0 12 12 24 24 1 1 0 0 1 0 0 0 0 1 0 0 12
  12 24 24 1 0 0 0 1 0 0 0 0 1 0 0 12 12 24 24 1 0 0 1 0 0 0 0 0 1 0 0 0 0 0 24
  1 0 0 1 0 0 0 0 0 0 0 0 0 0 0 0 0 0 0 1 0 0 0 0 0 0 0 0 0 0 0 0 0 0 1 1 0 0 0
  0 0 0 0 2 12 12 1 24 0 0 1 0 0 0 0 0 1 1 0 1 12 12 1 24 0 1 1 0 0 1 0 0 1 1 0
  1 12 12 1 24 0 1 1 0 0 1 0 0 1 1 0 1 1 12 1 24 0 0 1 1 1 1 0 0 0 0 0 0 0 0 0
  0 0 0 0 1 1 1 0 0 0 0 0 0 0 0 0 0 0 0 0 0 1 1 0 0 0 0 0 0 0 0 0 0 0 0 0 0 0 0
  0 0 0 0 0 0 0 0 0 0 1 0 0 0 0 0 0 0 0 0 0 0 0 0 12 12 1 1 1 0 0 0 0 1 0 0 0 0
  0 0 12 12 1 1 1 1 1 0 0 1 0 1 0 0 0 0 12 12 1 1 1 1 1 0 0 0 0 1 0 0 0 0 12 12
  1 1 1 1 1 0 0 0 0 1 0 0 0 0 12 12 1 1 1 1 0 0 0 0 0 1 0 0 0 0 0 12 1 1 1 1 0
  0 0 0 0 0 0 0 0 0 0 0 1 1 1 1 0 0 0 0 0 0 0 0 0 0 0 0 1 1 1 1 0 0 0 0 0 0 0 0
  0 0 1 12 1 1 1 1 0 0 0 0 1 1 0 1 0 0 1 12 1 1 1 1 1 1 0 0 1 1 0 1 0 0 1 12 1
  1 1 1 1 1 0 0 1 1 0 1 1 0 1 12 0 0 1 1 1 1 0 0 0 0 0 0 0 0 0 0 0 0 0 1 1 1 0
  0 0 0 0 0 0 0 0 0 0 0 0 0 1 1 0 0 3 3 0 0 0 0 0 0 0 0 0 0 0 0 0 0 1 1 0 0 0 0
  0 0 1 0 0 0 0 0 0 1 1 1 0 0 0 0 0 0 1 1 1 0 0 0 0 1 1 1 0 0 0 0 0 0 1 1 1 1 1
  1 0 1 1 1 0 0 0 0 0 0 1 1 1 1 1 1 0 1 1 1 0 0 0 0 0 0 1 1 1 1 1 1 0 1 1 1 0 0
  0 0 0 0 1 1 1 1 1 1 0 1 1 1 0 0 0 0 0 0 1 1 1 1 1 1 0 1 1 1 0 0 0 0 0 0 1 1 1
  1 1 1 0 0 0 0 0 0 0 0 0 0 1 1 1 1 1 1 0 0 0 0 0 0 0 0 1 0 1 1 1 1 1 1 0 0 1 1
  0 1 0 0 1 0 1 1 1 1 1 1 0 0 1 1 0 1 0 0 1 0 1 1 1 1 1 1 0 0 1 1 0 1 1 0 1 0) 
#(0 0 0 0 0 0 0 0 0 0 0 0 0 0 0 0 0 0 0 0 0 0 0 0 0 0 0 0 0 0 0 0 0 0 0 0 0 0 0
  0 0 0 0 0 0 0 0 0 0 0 0 0 0 0 0 0 0 0 0 0 0 0 0 0 0 0 0 0 0 0 0 0 0 0 0 0 0 0
  0 0 0 0 0 0 0 0 0 0 0 0 0 0 0 0 0 0 0 0 0 0 0 0 0 0 0 0 0 0 0 0 0 0 0 0 0 0 0
  0 0 0 0 0 0 0 0 0 0 0 0 0 0 0 0 0 0 0 0 0 0 0 0 0 0 0 0 0 0 0 0 0 0 0 0 0 0 0
  0 0 0 0 0 0 0 0 0 0 0 0 0 0 0 0 0 0 0 0 0 0 0 0 0 0 0 0 0 0 0 0 0 0 0 0 0 0 0
  0 0 0 0 0 0 0 0 0 0 0 0 0 0 0 0 0 0 0 0 0 0 0 0 0 0 0 0 0 0 0 0 0 0 0 0 0 0 0
  0 0 0 0 0 0 0 0 0 0 0 0 0 0 0 0 0 0 0 0 0 0 0 0 0 0 0 0 0 0 0 0 0 0 0 0 0 0 0
  0 0 0 0 0 0 0 0 0 0 0 0 0 0 0 0 0 0 0 0 0 0 0 0 0 0 0 0 0 0 0 0 0 0 0 0 0 0 0
  0 0 0 0 0 0 0 0 0 0 0 0 0 0 0 0 0 0 0 0 0 0 0 0 0 0 0 0 0 0 0 0 0 0 0 0 0 0 0
  0 0 0 0 0 0 0 0 0 0 0 0 0 0 0 0 0 0 0 0 0 0 0 0 0 0 0 0 0 0 0 0 0 0 0 0 0 0 0
  0 0 0 0 0 0 0 0 0 0 0 0 0 0 0 0 0 0 0 0 0 0 0 0 0 0 0 0 0 0 0 0 0 0 0 0 0 0 0
  0 0 0 0 0 0 0 0 0 0 0 0 0 0 0 0 0 0 0 0 0 0 0 0 0 0 0 0 0 0 0 0 0 0 0 0 0 0 0
  0 0 0 0 0 0 0 0 0 0 0 0 0 0 0 0 0 0 0 0 0 0 0 0 0 0 0 0 0 0 0 0 0 0 0 0 0 0 0
  0 0 0 0 0 0 0 0 0 0 0 0 0 0 0 0 0 0 0 0 0 0 0 0 0 0 0 0 0 0 0 0 0 0 0 0 0 0 0
  0 0 0 0 0 0 0 0 0 0 0 0 0 0 0 0 0 0 0 0 0 0 0 0 0 0 0 0 0 0 0 0 0 0 0 0 0 0 0
  0 0 0 0 0 0 0 0 0 0 0 0 0 0 0 0 0 0 0 0 0 0 0 0 0 0 0 0 0 0 0 0 0 0 0 0 0 0 0
  0 0 0 0 0 0 0 0 0 0 0 0 0 0 0 0 0 0 0 0 0 0 0 0 0 0 0 0 0 0 0 0 0 0 0 0 0 0 0
  0 0 0 0 0 0 0 0 0 0 0 0 0 0 0 0 0 0 0 0 0 0 0 0 0 0 0 0 0 0 0 0 0 0 0 0 0 0 0
  0 0 0 0 0 0 0 0 0 0 0 0 0 0 0 0 0 0 0 0 0 0 0 0 0 0 0 0 0 0 0 0 0 0 0 0 0 0 0
  0 0 0 0 0 0 0 0 0 0 0 0 0 0 0 0 0 0 0 0 0 0 0 0 0 0 0 0 0 0 0 0 0 0 0 0 0 0 0
  0 0 0 0 0 0 0 0 0 0 0 0 0 0 0 0 0 0 0 0 0 0 0 0 0 0 0 0 0 0 0 0 0 0 0 0 0 0 0
  0 0 0 0 0 0 0 0 0 0 0 0 0 0 0 0 0 0 0 0 0 0 0 0 0 0 0 0 0 0 0 0 0 0 0 0 0 0 0
  0 0 0 0 0 0 0 0 0 0 0 0 0 0 0 0 0 0 0 0 0 0 0 0 0 0 0 0 0 0 0 0 0 0 0 0 0 0 0
  0 0 0 0 0 0 0 0 0 0 0 0 0 0 0 0 0 0 0 0 0 0 0 0 0 0 0 0 0 0 0 0 0 0 0 0 0 0 0
  0 0 0 0 0 0 0 0 0 0 0 0 0 0 0 0 0 0 0 0 0 0 0 0 0 0 0 0 0 0 0 0 0 0 0 0 0 0 0
  0 0 0 0 0 0 0 0 0 0 0 0 0 0 0 0 0 0 0 0 0 0 0 0 0 0 0 0 0 0 0 0 0 0 0 0 0 0 0
  0 0 0 0 0 0 0 0 0 0 0 0 0 0 0 0 0 0 0 0 0 0 0 0 0 0 0 0 0 0 0 0 0 0 0 0 0 0 0
  0 0 0 0 0 0 0 0 0 0 0 0 0 0 0 0 0 0 0 0 0 0 0 0 0 0 0 0 0 0 0 0 0 0 0 0 0 0 0
  0 0 0 0 0 0 0 0 0 0 0 0 0 0 0 0 0 0 0 0 0 0 0 0 0 0 0 0 0 0 0 0 0 0 0 0 0 0 0
  0 0 0 0 0 0 0 0 0 0 0 0 0 0 0 0 0 0 0 0 0 0 0 0 0 0 0 0 0 0 0 0 0 0 0 0 0 0 0
  0 0 0 0 0 0 0 0 0 0 0 0 0 0 0 0 0 0 0 0 0 0 0 0 0 0 0 0 0 0 0 0 0 0 0 0 0 0 0
  0 0 0 0 0 0 0 0 0 0 0 0 0 0 0 0 0 0 0 0 0 0 0 0 0 0 0 0 0 0 0 0 0 0 0 0 0 0 0
  0 0 0 0 0 0 0 0 0 0 0 0 0 0 0 0 0 0 0 0 0 0 0 0 0 0 0 0 0 0 0 0 0 0 0 0 0 0 0
  0 0 0 0 0 0 0 0 0 0 0 0 0 0 0 0 0 0 0 0 0 0 0 0 0 0 0 0 0 0 0 0 0 0 0 0 0 0 0
  0 0 0 0 0 0 0 0 0 0 0 0 0 0 0 0 0 0 0 0 0 0 0 0 0 0 0 0 0 0 0 0 0 0 0 0 0 0 0
  0 0 0 0 0 0 0 0 0 0 0 0 0 0 0 0 0 0 0 0 0 0 0 0 0 0 0 0 0 0 0 0 0 0 0 0 0 0 0
  0 0 0 0 0 0 0 0 0 0 0 0 0 0 0 0 0 0 0 0 0 0 0 0 0 0 0 0 0 0 0 0 0 0 0 0 0 0 0
  0 0 0 0 0 0 0 0 0 0 0 0 0 0 0 0 0 0 0 0 0 0 0 0 0 0 0 0 0 0 0 0 0 0 0 0 0 0 0
  0 0 0 0 0 0 0 0 0 0 0 0 0 0 0 0 0 0 0 0 0 0 0 0 0 0 0 0 0 0 0 0 0 0 0 0 0 0 0
  0 0 0 0 0 0 0 0 0 0 0 0 0 0 0 0 0 0 0 0 0 0 0 0 0 0 0 0 0 0 0 0 0 0 0 0 0 0 0
  0 0 0 0 0 0 0 0 0 0 0 0 0 0 0 0 0 0 0 0 0 0 0 0 0 0 0 0 0 0 0 0 0 0 0 0 0 0 0
  0 0 0 0 0 0 0 0 0 0 0 0 0 0 0 0 0 0 0 0 0 0 0 0 0 0 0 0 0 0 0 0 0 0 0 0 0 0 0
  0 0 0 0 0 0 0 0 0 0 0 0 0 0 0 0 0 0 0 0 0 0 0 0 0 0 0 0 0 0 0 0 0 0 0 0 0 0 0
  0 0 0 0 0 0 0 0 0 0 0 0 0 0 0 0 0 0 0 0 0 0 0 0 0 0 0 0 0 0 0 0 0 0 0 0 0 0 0
  0 0 0 0 0 0 0 0 0 0 0 0 0 0 0 0 0 0 0 0 0 0 0 0 0 0 0 0 0 0 0 0 0 0 0 0 0 0 0
  0 0 0 0 0 0 0 0 0 0 0 0 0 0 0 0 0 0 0 0 0 0 0 0 0 0 0 0 0 0 0 0 0 0 0 0 0 0 0
  0 0 0 0 0 0 0 0 0 0 0 0 0 0 0 0 0 0 0 0 0 0 0 0 0 0 0 0 0 0 0 0 0 0 0 0 0 0 0
  0 0 0 0 0 0 0 0 0 0 0 0 0 0 0 0 0 0 0 0 0 0 0 0 0 0 0 0 0 0 0 0 0 0 0 0 0 0 0
  0 0 0 0 0 0 0 0 0 0 0 0 0 0 0 0 0 0 0 0 0 0 0 0 0 0 0 0 0 0 0 0 0 0 0 0 0 0 0
  0 0 0 0 0 0 0 0 0 0 0 0 0 0 0 0 0 0 0 0 0 0 0 0 0 0 0 0 0 0 0 0 0 0 0 0 0 0 0
  0 0 0 0 0 0 0 0 0 0 0 0 0 0 0 0 0 0 0 0 0 0 0 0 0 0 0 0 0 0 0 0 0 0 0 0 0 0 0
  0 0 0 0 0 0 0 0 0 0 0 0 0 0 0 0 0 0 0 0 0 0 0 0 0 0 0 0 0 0 0 0 0 0 0 0 0 0 0
  0 0 0 0 0 0 0 0 0 0 0 0 0 0 0 0 0 0 0 0 0 0 0 0 0 0 0 0 0 0 0 0 0 0 0 0 0 0 0
  0 0 0 0 0 0 0 0 0 0 0 0 0 0 0 0 0 0 0 0 0 0 0 0 0 0 0 0 0 0 0 0 0 0 0 0 0 0 0
  0 0 0 0 0 0 0 0 0 0 0 0 0 0 0 0 0 0 0 0 0 0 0 0 0 0 0 0 0 0 0 0 0 0 0 0 0 0 0
  0 0 0 0 0 0 0 0 0 0 0 0 0 0 0 0 0 0 0 0 0 0 0 0 0 0 0 0 0 0 0 0 0 0 0 0 0 0 0
  0 0 0 0 0 0 0 0 0 0 0 0 0 0 0 0 0 0 0 0 0 0 0 0 0 0 0 0 0 0 0 0 0 0 0 0 0 0 0
  0 0 0 0 0 0 0 0 0 0 0 0 0 0 0 0 0 0 0 0 0 0 0 0 0 0 0 0 0 0 0 0 0 0 0 0 0 0 0
  0 0 0 0 0 0 0 0 0 0 0 0 0 0 0 0 0 0 0 0 0 0 0 0 0 0 0 0 0 0 0 0 0 0 0 0 0 0 0
  0 0 0 0 0 0 0 0 0 0 0 0 0 0 0 0 0 0 0 0 0 0 0 0 0 0 0 0 0 0 0 0 0 0 0 0 0 0 0
  0 0 0 0 0 0 0 0 0 0 0 0 0 0 0 0 0 0 0 0 0 0 0 0 0 0 0 0 0 0 0 0 0 0 0 0 0 0 0
  0 0 0 0 0 0 0 0 0 0 0 0 0 0 0 0 0 0 0 0 0 0 0 0 0 0 0 0 0 0 0 0 0 0 0 0 0 0 0
  0 0 0 0 0 0 0 0 0 0 0 0 0 0 0 0 0 0 0 0 0 0 0 0 0 0 0 0 0 0 0 0 0 0 0 0 0 0 0
  0 0 0 0 0 0 0 0 0 0 0 0 0 0 0 0 0 0 0 0 0 0 0 0 0 0 0 0 0 0 0 0 0 0 0 0 0 0 0
  0 0 0 0 0 0 0 0 0 0 0 0 0 0 0 0 0 0 0 0 0 0 0 0 0 0 0 0 0 0 0 0 0 0 0 0 0 0 0
  0 0 0 0 0 0 0 0 0 0 0 0 0 0 0 0 0 0 0 0 0 0 0 0 0 0 0 0 0 0 0 0 0 0 0 0 0 0 0
  0 0 0 0 0 0 0 0 0 0 0 0 0 0 0 0 0 0 0 0 0 0 0 0 0 0 0 0 0 0 0 0 0 0 0 0 0 0 0
  0 0 0 0 0 0 0 0 0 0 0 0 0 0 0 0 0 0 0 0 0 0 0 0 0 0 0 0 0 0 0 0 0 0 0 0 0 0 0
  0 0 0 0 0 0 0 0 0 0 0 0 0 0 0 0 0 0 0 0 0 0 0 0 0 0 0 0 0 0 0 0 0 0 0 0 0 0 0
  0 0 0 0 0 0 0 0 0 0 0 0 0 0 0 0 0 0 0 0 0 0 0 0 0 0 0 0 0 0 0 0 0 0 0 0 0 0 0
  0 0 0 0 0 0 0 0 0 0 0 0 0 0 0 0 0 0 0 0 0 0 0 0 0 0 0 0 0 0 0 0 0 0 0 0 0 0 0
  0 0 0 0 0 0 0 0 0 0 0 0 0 0 0 0 0 0 0 0 0 0 0 0 0 0 0 0 0 0 0 0 0 0 0 0 0 0 0
  0 0 0 0 0 0 0 0 0 0 0 0 0 0 0 0 0 0 0 0 0 0 0 0 0 0 0 0 0 0 0 0 0 0 0 0 0 0 0
  0 0 0 0 0 0 0 0 0 0 0 0 0 0 0 0 0 0 0 0 0 0 0 0 0 0 0 0 0 0 0 0 0 0 0 0 0 0 0
  0 0 0 0 0 0 0 0 0 0 0 0 0 0 0 0 0 0 0 0 0 0 0 0 0 0 0 0 0 0 0 0 0 0 0 0 0 0 0
  0 0 0 0 0 0 0 0 0 0 0 0 0 0 0 0 0 0 0 0 0 0 0 0 0 0 0 0 0 0 0 0 0 0 0 0 0 0 0
  0 0 0 0 0 0 0 0 0 0 0 0 0 0 0 0 0 0 0 0 0 0 0 0 0 0 0 0 0 0 0 0 0 0 0 0 0 0 0
  0 0 0 0 0 0 0 0 0 0 0 0 0 0 0 0 0 0 0 0 0 0 0 0 0 0 0 0 0 0 0 0 0 0 0 0 0 0 0
  0 0 0 0 0 0 0 0 0 0 0 0 0 0 0 0 0 0 0 0 0 0 0 0 0 0 0 0 0 0 0 0 0 0 0 0 0 0 0
  0 0 0 0 0 0 0 0 0 0 0 0 0 0 0 0 0 0 0 0 0 0 0 0 0 0 0 0 0 0 0 0 0 0 0 0 0 0 0
  0 0 0 0 0 0 0 0 0 0 0 0 0 0 0 0 0 0 0 0 0 0 0 0 0 0 0 0 0 0 0 0 0 0 0 0 0 0 0
  0 0 0 0 0 0 0 0 0 0 0 0 0 0 0 0 0 0 0 0 0 0 0 0 0 0 0 0 0 0 0 0 0 0 0 0 0 0 0
  0 0 0 0 0 0 0 0 0 0 0 0 0 0 0 0 0 0 0 0 0 0 0 0 0 0 0 0 0 0 0 0 0 0 0 0 0 0 0
  0 0 0 0 0 0 0 0 0 0 0 0 0 0 0 0 0 0 0 0 0 0 0 0 0 0 0 0 0 0 0 0 0 0 0 0 0 0 0
  0 0 0 0 0 0 0 0 0 0 0 0 0 0 0 0 0 0 0 0 0 0 0 0 0 0 0 0 0 0 0 0 0 0 0 0 0 0 0
  0 0 0 0 0 0 0 0 0 0 0 0 0 0 0 0 0 0 0 0 0 0 0 0 0 0 0 0 0 0 0 0 0 0 0 0 0 0 0
  0 0 0 0 0 0 0 0 0 0 0 0 0 0 0 0 0 0 0 0 0 0 0 0 0 0 0 0 0 0 0 0 0 0 0 0 0 0 0
  0 0 0 0 0 0 0 0 0 0 0 0 0 0 0 0 0 0 0 0 0 0 0 0 0 0 0 0 0 0 0 0 0 0 0 0 0 0 0
  0 0 0 0 0 0 0 0 0 0 0 0 0 0 0 0 0 0 0 0 0 0 0 0 0 0 0 0 0 0 0 0 0 0 0 0 0 0 0
  0 0 0 0 0 0 0 0 0 0 0 0 0 0 0 0 0 0 0 0 0 0 0 0 0 0 0 0 0 0 0 0 0 0 0 0 0 0 0
  0 0 0 0 0 0 0 0 0 0 0 0 0 0 0 0 0 0 0 0 0 0 0 0 0 0 0 0 0 0 0 0 0 0 0 0 0 0 0
  0 0 0 0 0 0 0 0 0 0 0 0 0 0 0 0 0 0 0 0 0 0 0 0 0 0 0 0 0 0 0 0 0 0 0 0 0 0 0
  0 0 0 0 0 0 0 0 0 0 0 0 0 0 0 0 0 0 0 0 0 0 0 0 0 0 0 0 0 0 0 0 0 0 0 0 0 0 0
  0 0 0 0 0 0 0 0 0 0 0 0 0 0 0 0 0 0 0 0 0 0 0 0 0 0 0 0 0 0 0 0 0 0 0 0 0 0 0
  0 0 0 0 0 0 0 0 0 0 0 0 0 0 0 0 0 0 0 0 0 0 0 0 0 0 0 0 0 0 0 0 0 0 0 0 0 0 0
  0 0 0 0 0 0 0 0 0 0 0 0 0 0 0 0 0 0 0 0 0 0 0 0 0 0 0 0 0 0 0 0 0 0 0 0 0 0 0
  0 0 0 0 0 0 0 0 0 0 0 0 0 0 0 0 0 0 0 0 0 0 0 0 0 0 0 0 0 0 0 0 0 0 0 0 0 0 0
  0 0 0 0 0 0 0 0 0 0 0 0 0 0 0 0 0 0 0 0 0 0 0 0 0 0 0 0 0 0 0 0 0 0 0 0 0 0 0
  0 0 0 0 0 0 0 0 0 0 0 0 0 0 0 0 0 0 0 0 0 0 0 0 0 0 0 0 0 0 0 0 0 0 0 0 0 0 0
  0 0 0 0 0 0 0 0 0 0 0 0 0 0 0 0 0 0 0 0 0 0 0 0 0 0 0 0 0 0 0 0 0 0 0 0 0 0 0
  0 0 0 0 0 0 0 0 0 0 0 0 0 0 0 0 0 0 0 0 0 0 0 0 0 0 0 0 0 0 0 0 0 0 0 0 0 0 0
  0 0 0 0 0 0 0 0 0 0 0 0 0 0 0 0 0 0 0 0 0 0 0 0 0 0 0 0 0 0 0 0 0 0 0 0 0 0 0
  0 0 0 0 0 0 0 0 0 0 0 0 0 0 0 0 0 0 0 0 0 0 0 0 0 0 0 0 0 0 0 0 0 0 0 0 0 0 0
  0 0 0 0 0 0 0 0 0 0 0 0 0 0 0 0 0 0 0 0 0 0 0 0 0 0 0 0 0 0 0 0 0 0 0 0 0 0 0
  0 0 0 0 0 0 0 0 0 0 0 0 0 0 0 0 0 0 0 0 0 0 0 0 0 0 0 0 0 0 0 0 0 0 0 0 0 0 0
  0) 
#(14 13 13 12 11 10 9 0 0 6 5 4 3 2 0 0 15 14 14 13 12 11 10 0 0 7 6 5 0 0 0 0
  15 15 15 14 13 12 11 10 9 8 7 6 0 0 0 0 15 15 15 15 14 13 12 11 10 9 8 0 0 0
  0 0 14 15 15 15 15 14 13 12 11 10 0 0 0 0 0 0 0 0 14 15 15 14 13 12 11 0 0 0
  0 0 0 0 0 0 0 0 0 0 12 11 10 0 0 0 0 0 0 0 10 0 0 0 0 0 11 10 9 8 0 0 0 0 0 0
  9 0 0 0 0 0 10 9 8 7 6 5 0 0 0 0 8 0 0 0 8 8 9 8 7 6 5 4 3 2 1 0 7 0 0 8 7 7
  8 7 0 0 4 3 2 1 0 1 6 6 6 7 6 6 7 6 0 0 0 2 1 0 1 2 5 5 5 6 5 5 6 5 0 0 0 0 0
  1 2 3 4 4 4 5 4 4 5 4 3 0 0 0 0 0 0 4 3 3 3 4 3 3 4 3 2 1 1 2 0 0 0 0 2 2 2 3
  2 2 3 2 1 1 2 3 4 0 0 0 14 13 13 12 11 10 9 0 0 0 5 4 3 2 0 0 15 14 14 13 12
  11 10 0 0 7 6 5 0 0 0 0 15 15 15 14 13 12 11 10 9 8 7 0 0 0 0 0 15 15 15 15
  14 13 12 11 10 9 0 0 0 0 0 0 14 15 15 15 15 14 13 12 11 10 0 0 0 0 0 0 0 0 14
  15 15 14 13 12 11 0 0 0 0 0 0 0 0 0 0 0 0 0 12 11 10 0 0 0 0 0 0 0 10 0 0 0 0
  0 11 10 9 8 0 0 0 0 0 0 9 0 0 0 0 0 10 9 8 7 6 5 0 0 0 0 8 0 0 0 0 8 9 8 7 6
  5 4 3 2 1 0 7 0 0 7 6 7 8 7 0 0 4 3 2 1 0 1 6 5 0 6 5 6 7 6 0 0 0 2 1 0 1 2 5
  4 4 5 4 5 6 5 0 0 0 0 0 1 2 3 4 3 3 4 3 4 5 4 0 0 0 0 0 0 0 4 3 2 2 3 2 3 4 3
  0 0 0 0 0 0 0 0 2 1 1 2 1 2 3 2 1 1 0 0 0 0 0 0 14 13 13 0 0 0 9 0 0 0 0 0 0
  0 0 0 15 14 14 0 0 0 10 0 0 0 0 0 0 0 0 0 15 15 15 14 0 0 11 0 0 0 0 0 0 0 0
  0 15 15 15 15 14 13 12 11 0 0 0 0 0 0 0 0 14 15 15 15 15 14 13 12 0 0 0 0 0 0
  0 0 0 0 14 15 15 13 12 11 0 0 0 0 0 0 0 0 0 0 0 0 0 0 11 10 0 0 0 0 0 0 0 0 9
  0 0 0 0 0 10 0 0 0 0 0 0 0 0 0 8 0 0 0 0 0 9 8 7 6 5 4 0 0 0 0 7 0 0 0 0 7 8
  7 6 5 4 3 2 1 0 0 6 0 0 0 5 6 7 6 5 0 0 2 1 0 0 0 5 4 0 5 4 5 6 5 0 0 0 0 0 0
  0 1 4 3 3 4 3 4 5 4 0 0 0 0 0 0 0 0 3 2 2 3 2 0 4 3 0 0 0 0 0 0 0 0 2 1 1 2 1
  0 3 2 0 0 0 0 0 0 0 0 1 0 0 1 0 1 2 1 0 0 0 0 0 0 0 0 14 13 13 0 0 0 8 0 0 0
  0 0 0 0 0 0 15 14 14 0 0 0 9 0 0 0 0 0 0 0 0 0 15 15 15 14 0 0 10 9 0 0 0 0 0
  0 0 0 15 15 15 15 14 0 11 10 0 0 0 0 0 0 0 0 14 15 15 15 15 0 12 11 0 0 0 0 0
  0 0 0 0 0 14 15 15 0 12 11 0 0 0 0 0 0 0 0 0 0 0 0 0 0 11 0 0 0 0 0 0 0 0 0 8
  0 0 0 0 0 10 0 0 0 0 0 0 0 0 0 7 0 0 0 0 0 9 8 7 6 5 4 0 0 0 0 6 0 0 0 0 0 8
  7 6 5 4 3 2 1 0 0 5 0 0 0 5 6 7 6 5 0 0 2 1 0 0 0 4 3 0 4 4 5 6 5 0 0 0 0 0 0
  0 0 3 2 2 3 3 4 5 4 0 0 0 0 0 0 0 0 2 1 1 2 2 0 4 3 0 0 0 0 0 0 0 0 1 0 0 0 0
  0 3 2 0 0 0 0 0 0 0 0 0 0 0 0 0 1 2 1 0 0 0 0 0 0 0 0 14 13 13 0 0 0 9 0 0 0
  0 0 0 0 0 0 15 14 14 0 0 0 10 0 0 0 0 0 0 0 0 0 15 15 15 14 0 0 11 10 0 0 0 0
  0 0 0 0 15 15 15 15 14 0 12 11 0 0 0 0 0 0 0 0 14 15 15 15 15 0 13 12 0 0 0 0
  0 0 0 0 0 0 14 15 15 0 13 0 0 0 0 0 0 0 0 0 0 0 0 0 0 0 12 0 0 0 0 0 0 0 0 0
  7 0 0 0 0 0 11 0 0 0 0 0 0 0 0 0 6 0 0 0 0 0 10 0 6 5 4 3 0 0 0 0 5 0 0 0 0 0
  9 8 7 6 5 4 3 2 1 0 4 0 0 0 0 7 8 7 6 5 4 3 2 1 0 0 3 2 0 0 5 6 7 6 0 0 0 0 0
  0 0 0 2 1 2 3 4 5 6 5 0 0 0 0 0 0 0 0 1 0 1 2 3 0 5 4 0 0 0 0 0 0 0 0 0 0 0 0
  0 0 4 3 0 0 0 0 0 0 0 0 0 0 0 0 0 0 3 2 0 0 0 0 0 0 0 0 14 13 13 0 0 0 10 0 0
  0 0 0 0 0 0 0 15 14 14 0 0 0 11 0 0 0 0 0 0 0 0 0 15 15 15 14 0 0 12 0 0 0 0
  0 0 0 0 0 15 15 15 15 14 14 13 12 0 0 0 0 0 0 0 0 0 15 15 15 15 15 14 0 0 0 0
  0 0 0 0 0 0 0 0 15 15 15 14 0 0 0 0 0 0 0 0 0 0 0 0 0 0 0 13 0 0 0 0 0 0 0 0
  0 0 0 0 0 0 0 12 0 0 0 0 0 0 0 0 0 0 0 0 0 0 0 11 0 0 6 5 4 0 0 0 0 4 0 0 0 0
  0 10 9 8 7 6 5 4 3 2 1 3 0 0 0 0 8 9 8 7 6 5 4 3 2 1 0 2 1 0 0 6 7 8 7 6 0 0
  0 0 1 0 0 1 2 3 4 5 6 7 6 0 0 0 0 0 0 0 0 0 1 2 3 4 5 6 5 0 0 0 0 0 0 0 0 0 0
  1 0 0 0 5 4 0 0 0 0 0 0 0 0 0 0 0 0 0 0 4 3 0 0 0 0 0 0 0 0 14 13 0 0 0 0 10
  9 0 0 0 0 0 0 0 0 15 14 14 0 0 0 11 0 0 0 0 0 0 0 0 0 15 15 15 14 0 0 12 0 0
  0 0 0 0 0 0 0 15 15 15 15 14 13 13 0 0 0 0 0 0 0 0 0 0 15 15 15 15 15 14 0 0
  0 0 0 0 0 0 0 0 0 0 15 15 15 14 0 0 0 0 0 0 0 0 0 0 0 0 0 0 0 13 0 0 0 0 0 0
  0 0 0 0 0 0 0 0 0 12 0 0 0 0 0 0 0 0 0 0 0 0 0 0 0 11 0 0 6 5 4 0 0 0 0 0 0 0
  0 0 0 10 9 8 7 6 5 4 3 0 0 0 0 0 0 0 0 9 8 7 6 5 4 3 2 1 0 1 1 0 0 0 7 8 7 6
  0 0 0 0 1 0 0 1 2 3 4 5 6 7 6 0 0 0 0 0 0 0 0 0 1 2 3 4 5 6 5 0 0 0 0 0 0 0 0
  0 0 1 0 0 0 5 4 0 0 0 0 0 0 0 0 0 0 0 0 0 0 4 3 0 0 0 0 0 0 0 0 14 13 0 0 0 0
  10 9 0 0 0 0 0 0 0 0 15 14 14 0 0 0 11 0 0 0 0 0 0 0 0 0 15 15 15 14 0 0 12 0
  0 0 0 0 0 0 0 0 15 15 15 15 14 12 13 0 0 0 0 0 0 0 0 0 0 15 15 15 15 15 14 0
  0 0 0 0 0 0 0 0 0 0 0 15 15 15 14 0 0 0 0 0 0 0 0 0 0 0 0 0 0 0 13 0 0 0 0 0
  0 0 0 0 0 0 0 0 0 0 12 0 0 0 0 0 0 0 0 0 0 0 0 0 0 0 11 0 0 0 4 3 0 0 0 0 0 0
  0 0 0 0 10 0 7 6 5 4 3 2 0 0 0 0 0 0 0 0 9 8 7 6 5 4 3 2 1 1 0 0 0 0 0 7 8 7
  6 5 0 0 0 1 0 0 0 2 3 4 5 6 7 6 0 0 0 0 0 0 0 0 0 1 2 3 4 5 6 5 0 0 0 0 0 0 0
  0 0 0 1 0 0 0 5 4 0 0 0 0 0 0 0 0 0 0 0 0 0 0 4 3 0 0 0 0 0 0 0 0 14 13 0 0 0
  0 10 9 0 0 0 0 0 0 0 0 15 14 14 0 0 0 11 0 0 0 0 0 0 0 0 0 15 15 15 14 0 0 12
  0 0 0 0 0 0 0 0 0 15 15 15 15 14 13 13 0 0 0 0 0 0 0 0 0 0 15 15 15 15 15 14
  0 0 0 0 0 0 0 0 0 0 0 0 15 15 15 14 0 0 0 0 0 0 0 0 0 0 0 0 0 0 0 13 0 0 0 0
  0 0 0 0 0 0 0 0 0 0 0 12 0 0 0 0 0 0 0 0 0 0 0 0 0 0 0 11 0 0 0 3 2 0 0 0 0 0
  0 0 0 0 0 10 0 6 5 4 3 2 1 0 0 0 0 0 0 0 0 9 8 7 6 5 4 3 2 1 1 0 0 0 0 0 7 8
  7 6 5 0 0 0 1 0 0 0 3 4 4 5 6 7 6 0 0 0 0 0 0 0 0 1 2 3 3 4 5 6 5 0 0 0 0 0 0
  0 0 0 1 2 0 0 0 5 4 0 0 0 0 0 0 0 0 0 0 1 0 0 0 4 3 0 0 0 0 0 0 0 0 14 13 0 0
  0 0 10 9 0 0 0 0 0 0 0 0 15 14 14 0 0 0 11 10 0 0 0 0 0 0 0 0 15 15 15 14 0 0
  12 0 0 0 0 0 0 0 0 0 15 15 15 15 14 13 13 0 0 0 0 0 0 0 0 0 0 15 15 15 15 15
  14 0 0 0 0 0 0 0 0 0 0 0 0 15 15 15 14 0 0 0 0 0 0 0 0 0 0 0 0 0 0 0 13 0 0 0
  0 0 0 0 0 0 0 0 0 0 0 0 12 0 0 0 0 0 0 0 0 0 0 0 0 0 0 0 11 0 0 0 0 0 0 0 0 0
  0 0 0 0 0 0 10 0 0 5 4 3 2 1 0 0 0 0 0 0 0 0 9 8 7 6 5 4 3 2 1 1 0 0 0 0 0 0
  8 7 6 5 4 0 0 0 0 0 0 0 5 4 5 6 7 6 5 0 0 0 0 0 0 0 2 3 4 3 4 5 6 5 0 0 0 0 0
  0 0 0 1 2 3 0 0 0 5 4 0 0 0 0 0 0 0 0 0 1 2 1 0 0 4 3 0 0 0 0 0 0 0 0 14 13 0
  0 0 0 10 9 0 0 0 0 2 1 0 0 15 14 14 0 0 0 11 10 0 0 0 0 0 0 0 0 15 15 15 14 0
  0 12 0 0 0 0 0 0 0 0 0 15 15 15 15 14 13 13 0 0 0 0 0 0 0 0 0 14 15 15 15 15
  15 14 0 0 0 0 0 0 0 0 0 0 0 0 15 15 15 14 0 0 0 0 0 0 0 0 0 0 0 0 0 0 0 13 0
  0 0 0 0 0 0 0 0 0 0 0 0 0 0 12 0 0 0 0 0 0 0 0 0 0 0 0 0 0 0 11 0 0 0 0 0 0 0
  0 0 0 0 0 0 0 0 10 0 0 0 4 3 2 1 0 0 0 0 0 0 0 0 9 8 7 6 5 4 3 2 1 2 0 0 0 0
  0 0 8 7 6 5 4 0 0 0 0 1 0 0 6 5 5 6 7 6 5 0 0 0 0 0 0 0 3 4 5 4 4 5 6 5 0 0 0
  0 0 0 0 0 2 3 4 0 0 0 5 4 0 0 0 0 0 0 0 0 1 2 3 0 0 0 4 3 0 0 0 0 0 0 0 0 14
  13 13 0 0 0 10 9 8 0 0 0 3 2 1 0 15 14 14 0 0 0 11 10 0 0 0 0 0 0 1 0 15 15
  15 14 13 12 12 0 0 0 0 0 0 0 0 0 15 15 15 15 14 12 13 0 0 0 0 0 0 0 0 0 14 15
  15 15 15 15 14 0 0 0 0 0 0 0 0 0 0 0 0 15 15 15 14 0 0 0 0 0 0 0 0 0 0 0 13
  14 0 0 13 0 0 0 0 0 0 0 0 0 0 0 12 13 0 0 12 0 0 0 0 0 0 0 0 0 0 10 11 12 0 0
  11 0 0 0 0 0 0 0 0 0 0 9 10 0 0 0 10 0 0 0 4 3 2 1 0 0 0 8 9 0 0 0 9 8 7 6 5
  4 3 2 1 2 6 7 8 0 0 0 8 7 6 5 4 3 0 0 0 1 5 6 7 6 6 7 7 6 5 4 0 0 0 0 0 1 4 5
  6 5 5 6 6 5 0 0 0 0 0 0 0 0 3 4 5 0 0 0 5 4 0 0 0 0 0 0 0 0 2 3 4 0 0 0 4 3 0
  0 0 0 0 0 0 0 14 13 13 0 11 11 10 9 8 7 6 5 4 3 2 1 15 14 14 0 12 12 11 10 0
  0 0 0 4 3 2 1 15 15 15 14 13 13 12 11 0 0 0 0 0 0 0 1 15 15 15 15 14 14 13 12
  0 0 0 0 0 0 0 0 14 15 15 15 15 15 14 13 0 0 0 0 0 0 0 0 0 0 0 15 15 15 14 0 0
  0 0 0 0 0 0 0 0 0 13 14 0 14 13 0 0 0 0 0 0 0 0 0 0 0 12 13 0 13 12 0 0 0 0 0
  0 0 0 0 0 10 11 12 0 12 11 0 0 0 0 0 0 0 0 0 0 9 10 0 10 11 10 0 0 0 4 3 2 1
  1 0 0 8 9 0 9 10 9 7 6 5 4 3 2 1 2 3 6 7 8 0 8 9 8 7 6 5 4 3 0 0 1 2 5 6 7 6
  7 8 7 6 5 4 0 0 0 0 0 2 4 5 6 5 6 5 6 5 0 0 0 0 0 0 0 0 3 0 0 4 5 0 5 4 0 0 0
  0 0 0 0 0 2 0 0 3 4 0 4 3 0 0 0 0 0 0 0 0 14 13 13 0 11 11 10 9 8 7 6 5 4 3 2
  1 15 14 14 0 12 12 11 10 9 8 7 6 5 4 3 2 15 15 15 14 13 13 12 11 10 9 8 7 0 0
  0 2 15 15 15 15 14 14 13 12 11 10 9 8 0 0 0 0 0 15 15 15 15 15 14 13 12 11 10
  9 0 0 0 0 0 0 0 15 15 15 14 0 11 10 9 8 0 0 0 0 0 0 13 14 0 14 13 0 10 0 8 7
  0 0 0 0 0 0 12 13 0 13 12 11 10 0 7 6 0 0 0 0 0 10 11 12 0 12 11 10 9 0 6 5 0
  0 0 0 0 9 10 0 10 11 10 9 8 0 5 4 3 2 1 0 0 8 9 0 9 10 9 8 7 6 5 4 3 2 2 3 6
  7 8 0 8 9 8 7 6 5 4 3 2 1 2 3 5 6 0 0 7 8 7 6 5 4 3 0 0 0 0 0 4 5 0 5 6 4 6 5
  0 0 2 0 0 0 0 0 3 0 0 4 5 0 5 4 0 0 1 0 0 0 0 0 2 0 0 3 4 0 4 3 0 0 2 0 0 0 0
  0 14 13 0 0 0 0 10 9 8 7 6 5 4 3 2 1 15 14 14 0 0 0 11 10 9 8 7 6 5 4 3 2 15
  15 15 14 0 0 12 11 10 9 8 7 6 5 4 3 15 15 15 15 14 14 13 12 11 10 9 8 7 6 5 4
  0 15 15 15 15 15 14 13 12 11 10 9 8 7 0 0 0 0 0 15 15 15 14 0 11 10 9 8 7 6 0
  0 0 0 0 0 0 14 13 0 10 0 8 7 6 5 0 0 0 0 0 0 0 13 12 11 10 0 7 6 5 4 0 0 0 0
  0 0 0 12 11 10 9 0 6 5 4 3 0 0 0 0 0 0 10 11 10 9 8 0 5 4 3 2 1 0 0 0 0 0 9
  10 9 8 7 6 5 4 3 2 2 3 0 0 0 0 8 9 8 7 6 5 4 3 2 2 3 4 0 0 0 0 7 8 7 6 5 4 3
  2 1 2 0 0 0 0 0 0 6 3 6 5 0 0 2 0 2 3 0 0 0 0 0 0 0 0 5 4 0 0 1 0 3 4 0 0 0 0
  0 0 0 0 4 3 0 0 2 0 0 5 0 0 14 13 0 0 0 0 10 9 8 7 6 5 4 3 2 1 15 14 14 0 0 0
  11 10 9 8 7 6 5 4 3 2 15 15 15 14 0 0 12 11 0 0 7 6 5 4 3 2 15 15 15 15 14 0
  13 0 0 0 8 7 6 5 4 3 0 15 15 15 15 15 14 0 0 0 9 8 7 6 5 4 0 0 0 15 15 15 14
  0 0 0 8 7 6 5 4 3 0 0 0 0 0 0 13 0 0 0 7 6 5 4 3 2 0 0 0 0 0 0 12 0 0 0 6 5 4
  3 2 1 0 0 0 0 0 0 11 0 0 0 5 4 3 2 1 1 0 0 0 0 0 0 10 0 0 0 4 3 2 1 1 2 0 0 0
  0 0 0 9 0 0 0 4 3 2 1 2 3 0 0 0 0 0 0 8 7 6 5 4 3 2 2 3 4 0 0 0 0 0 0 7 6 5 4
  3 2 1 2 0 5 0 0 0 0 0 0 6 5 0 0 2 0 2 3 0 6 0 0 0 0 0 0 5 4 0 0 1 0 3 4 0 7 0
  0 0 0 0 0 4 3 0 0 2 0 0 5 0 8) 