
#(0 0 0 0 24 24 3 0 0 0 0 0 0 1 1 1 0 0 0 0 24 24 24 3 3 0 0 0 0 1 1 1 0 0 0 0
  0 0 0 24 3 3 0 0 1 1 1 1 0 0 0 0 0 0 0 24 24 24 1 1 1 1 1 1 0 0 0 0 0 0 0 0 0
  12 1 1 1 1 1 1 0 0 0 0 0 0 0 0 0 24 24 24 1 1 24 24 0 0 0 0 0 0 0 0 0 24 24
  24 24 24 24 24 0 0 0 0 0 0 0 0 0 24 24 24 24 24 24 0 0 0 0 0 0 0 0 0 0 0 0 0
  0 0 0 0 0 0 0 0 0 0 0 0 0 0 0 0 0 0 0 0 0 0 0 0 0 0 0 0 0 0 0 0 0 0 0 0 0 0 0
  0 0 0 0 0 0 0 0 0 0 0 0 0 0 0 0 0 0 0 0 0 0 0 0 0 0 0 0 0 0 0 0 0 0 0 0 0 0 0
  0 0 0 0 0 0 0 0 0 0 0 0 0 0 0 0 0 0 0 0 0 0 0 0 0 0 0 0 0 0 0 0 0 0 0 0 0 0 0
  0 0 0 12 24 24 0 0 0 0 0 0 1 1 1 0 0 0 0 12 24 24 24 24 0 0 0 0 1 1 1 0 0 0 0
  0 0 0 12 24 24 0 0 1 1 1 1 0 0 0 0 0 0 0 24 24 24 24 3 1 1 1 24 0 0 0 0 0 0 0
  0 0 0 24 24 24 24 24 24 0 0 0 0 0 0 0 0 0 24 24 24 24 24 24 24 0 0 0 0 0 0 0
  0 0 12 12 24 24 24 24 12 0 0 0 0 0 0 0 0 0 12 12 12 12 12 12 0 0 0 0 0 0 0 0
  0 0 0 0 0 0 0 0 0 0 0 0 0 0 0 0 0 0 0 0 0 0 0 0 0 0 0 0 0 0 0 0 0 0 0 0 0 0 0
  0 0 0 0 0 0 0 0 0 0 0 0 0 0 0 0 0 0 0 0 0 0 0 0 0 0 0 0 0 0 0 0 0 0 0 0 0 0 0
  0 0 0 0 0 0 0 0 0 0 0 0 0 0 0 0 0 0 0 0 0 0 0 0 0 0 0 0 0 0 0 0 0 0 0 0 0 0 0
  0 0 0 0 0 0 0 0 0 12 24 0 0 0 0 0 0 1 1 24 0 0 0 0 0 12 12 24 24 0 0 0 0 1 1
  24 0 0 0 0 0 0 0 0 24 24 0 0 24 3 24 24 0 0 0 0 0 0 0 0 12 12 24 24 24 24 24
  24 0 0 0 0 0 0 0 0 0 0 24 24 24 24 24 24 0 0 0 0 0 0 0 0 0 0 12 12 24 24 12
  12 0 0 0 0 0 0 0 0 0 0 0 12 12 12 12 0 0 0 0 0 0 0 0 0 0 0 0 0 0 0 0 0 0 0 0
  0 0 0 0 0 0 0 0 0 0 0 0 0 0 0 0 0 0 0 0 0 0 0 0 0 0 0 0 0 0 0 0 0 0 0 0 0 0 0
  0 0 0 0 0 0 0 0 0 0 0 0 0 0 0 0 0 0 0 0 0 0 0 0 0 0 0 0 0 0 0 0 0 0 0 0 0 0 0
  0 0 0 0 0 0 0 0 0 0 0 0 0 0 0 0 0 0 0 0 0 0 0 0 0 0 0 0 0 0 0 0 0 0 0 0 0 0 0
  0 0 0 0 0 0 0 0 0 0 0 0 0 0 0 0 0 0 0 0 0 24 24 24 0 0 0 0 0 0 0 0 0 0 0 0 0
  24 24 24 0 0 0 0 0 0 0 0 0 0 0 0 24 24 24 24 0 0 0 0 0 0 0 0 0 0 12 24 24 24
  24 12 0 0 0 0 0 0 0 0 0 0 12 12 12 12 12 12 0 0 0 0 0 0 0 0 0 0 0 0 12 12 0 0
  0 0 0 0 0 0 0 0 0 0 0 0 0 0 0 0 0 0 0 0 0 0 0 0 0 0 0 0 0 0 0 0 0 0 0 0 0 0 0
  0 0 0 0 0 0 0 0 0 0 0 0 0 0 0 0 0 0 0 0 0 0 0 0 0 0 0 0 0 0 0 0 0 0 0 0 0 0 0
  0 0 0 0 0 0 0 0 0 0 0 0 0 0 0 0 0 0 0 0 0 0 0 0 0 0 0 0 0 0 0 0 0 0 0 0 0 0 0
  0 0 0 0 0 0 0 0 0 0 0 0 0 0 0 0 0 0 0 0 0 0 0 0 0 0 0 0 0 0 0 0 0 0 0 0 0 0 0
  0 0 0 0 0 0 0 0 0 0 0 0 0 0 0 0 0 24 24 12 0 0 0 0 0 0 0 0 0 0 0 0 0 24 24 12
  0 0 0 0 0 0 0 0 0 0 0 0 12 24 12 12 0 0 0 0 0 0 0 0 0 0 0 0 12 12 12 0 0 0 0
  0 0 0 0 0 0 0 0 0 0 0 0 0 0 0 0 0 0 0 0 0 0 0 0 0 0 0 0 0 0 0 0 0 0 0 0 0 0 0
  0 0 0 0 0 0 0 0 0 0 0 0 0 0 0 0 0 0 0 0 0 0 0 0 0 0 0 0 0 0 0 0 0 0 0 0 0 0 0
  0 0 0 0 0 0 0 0 0 0 0 0 0 0 0 0 0 0 0 0 0 0 0 0 0 0 0 0 0 0 0 0 0 0 0 0 0 0 0
  0 0 0 0 0 0 0 0 0 0 0 0 0 0 0 0 0 0 0 0 0 0 0 0 0 0 0 0 0 0 0 0 0 0 0 0 0 0 0
  0 0 0 0 0 0 0 0 0 0 0 0 0 0 0 0 0 0 0 0 0 0 0 0 0 0 0 0 0 0 0 0 0 0 0 0 0 0 0
  0 0 0 0 0 0 0 12 12 0 0 0 0 0 0 0 0 0 0 0 0 0 0 12 12 0 0 0 0 0 0 0 0 0 0 0 0
  0 0 0 0 0 0 0 0 0 0 0 0 0 0 0 0 0 0 0 0 0 0 0 0 0 0 0 0 0 0 0 0 0 0 0 0 0 0 0
  0 0 0 0 0 0 0 0 0 0 0 0 0 0 0 0 0 0 0 0 0 0 0 0 0 0 0 0 0 0 0 0 0 0 0 0 0 0 0
  0 0 0 0 0 0 0 0 0 0 0 0 0 0 0 0 0 0 0 0 0 0 0 0 0 0 0 0 0 0 0 0 0 0 0 0 0 0 0
  0 0 0 0 0 0 0 0 0 0 0 0 0 0 0 0 0 0 0 0 0 0 0 0 0 0 0 0 0 0 0 0 0 0 0 0 0 0 0
  0 0 0 0 0 0 0 0 0 0 0 0 0 0 0 0 0 0 0 0 0 0 0 0 0 0 0 0 0 0 0 0 0 0 0 0 0 0 0
  0 0 1 0 0 0 0 0 0 0 0 0 0 0 0 0 0 0 0 0 0 0 0 0 0 0 0 0 0 0 0 0 0 0 0 0 0 0 0
  0 0 0 0 0 0 0 0 0 0 0 0 0 0 0 0 0 0 0 0 0 0 0 0 0 0 0 0 0 0 0 0 0 0 0 0 0 0 0
  0 0 0 0 0 0 0 0 0 0 0 0 0 0 0 0 0 0 0 0 0 0 0 0 0 0 0 0 0 0 0 0 0 0 0 0 0 0 0
  0 0 0 0 0 0 0 0 0 0 0 0 0 0 0 0 0 0 0 0 0 0 0 0 0 0 0 0 0 0 0 0 0 0 0 0 0 0 0
  0 0 0 0 0 0 0 0 0 0 0 0 0 0 0 0 0 0 0 0 0 0 0 0 0 0 0 0 0 0 0 0 0 0 0 0 0 0 0
  0 0 0 0 0 0 0 0 0 0 0 0 0 0 0 0 0 0 0 0 0 0 0 0 0 0 0 0 0 0 0 0 0 0 0 0 0 0 0
  0 0 0 0 0 0 0 0 0 0 0 0 0 0 0 0 0 0 0 0 0 0 0 1 1 1 0 0 0 24 1 1 1 1 1 1 1 1
  2 2 0 0 0 0 0 0 0 0 0 0 0 0 0 0 0 0 0 0 0 0 0 0 0 0 0 0 0 0 0 0 0 0 0 0 0 0 0
  0 0 0 0 0 0 0 0 0 0 0 0 0 0 0 0 0 0 0 0 0 0 0 0 0 0 0 0 0 0 0 0 0 0 0 0 0 0 0
  0 0 0 0 0 0 0 0 0 0 0 0 0 0 0 0 0 0 0 0 0 0 0 0 0 0 0 0 0 0 0 0 0 0 0 0 0 0 0
  0 0 0 0 0 0 0 0 0 0 0 0 0 0 0 0 0 0 0 0 0 0 0 0 0 0 0 0 0 0 0 0 0 0 0 0 0 0 0
  0 0 0 0 0 0 0 0 0 0 0 0 0 0 0 0 0 0 0 0 0 1 0 0 0 24 1 1 1 0 0 0 0 1 1 1 1 1
  0 0 0 24 24 1 1 1 1 1 1 1 1 1 1 1 1 0 0 0 24 1 1 1 1 1 1 1 1 1 1 1 1 1 0 0 24
  24 1 1 1 1 1 1 1 1 1 1 1 1 0 0 0 12 1 1 1 1 1 1 1 1 0 0 0 0 0 0 0 0 0 0 0 0 0
  0 0 0 0 0 0 0 0 0 0 0 0 0 0 0 0 0 0 0 0 0 0 0 0 0 0 0 0 0 0 0 0 0 0 0 0 0 0 0
  0 0 0 0 0 0 0 0 0 0 0 0 0 0 0 0 0 0 0 0 0 0 0 0 0 0 0 0 0 0 0 0 0 0 0 0 0 0 0
  0 0 0 0 0 0 0 0 0 0 0 0 0 0 0 0 0 0 0 0 0 0 0 0 0 0 0 0 0 0 0 0 0 0 0 0 0 0 0
  0 0 0 0 0 0 0 0 0 0 0 0 0 0 0 0 0 0 0 0 0 0 0 0 0 0 0 0 0 0 0 1 0 0 0 24 1 1
  0 0 0 0 0 0 1 1 1 1 0 0 0 12 24 1 1 1 1 1 1 1 1 1 1 1 0 0 0 12 12 1 1 1 1 1 1
  1 1 1 1 1 24 0 0 0 12 24 1 1 1 1 1 1 1 1 1 1 1 1 0 0 12 12 1 1 1 1 1 1 1 1 1
  1 1 1 1 0 0 0 24 24 1 1 1 1 1 1 0 0 0 0 0 0 0 0 0 0 0 0 0 0 0 0 0 0 0 0 0 0 0
  0 0 0 0 0 0 0 0 0 0 0 0 0 0 0 0 0 0 0 0 0 0 0 0 0 0 0 0 0 0 0 0 0 0 0 0 0 0 0
  0 0 0 0 0 0 0 0 0 0 0 0 0 0 0 0 0 0 0 0 0 0 0 0 0 0 0 0 0 0 0 0 0 0 0 0 0 0 0
  0 0 0 0 0 0 0 0 0 0 0 0 0 0 0 0 0 0 0 0 0 0 0 0 0 0 0 0 0 0 0 0 24 24 0 0 0 0
  0 0 0 0 0 0 0 0 0 0 24 24 1 0 0 0 0 0 0 1 1 1 1 0 0 0 12 24 1 1 1 1 1 1 1 1 1
  1 1 0 0 0 0 24 24 1 1 1 1 1 1 1 1 1 1 24 0 0 0 0 24 1 1 1 1 1 1 1 1 1 1 24 24
  0 0 0 24 24 1 1 1 1 1 1 1 1 1 24 24 0 0 0 0 3 1 1 1 1 1 1 1 1 1 24 24 1 1 0 0
  24 24 1 1 1 1 1 1 1 1 0 0 0 0 0 0 0 0 0 0 0 0 0 0 0 0 0 0 0 0 0 0 0 0 0 0 0 0
  0 0 0 0 0 0 0 0 0 0 0 0 0 0 0 0 0 0 0 0 0 0 0 0 0 0 0 0 0 0 0 0 0 0 0 0 0 0 0
  0 0 0 0 0 0 0 0 0 0 0 0 0 0 0 0 0 0 0 0 0 0 0 0 0 0 0 0 0 0 0 0 0 0 0 0 0 0 0
  0 0 0 0 0 0 0 0 0 0 0 0 0 0 0 0 0 0 0 0 0 0 0 0 0 24 24 0 0 0 0 0 0 0 0 1 1 1
  0 0 0 12 24 24 1 1 1 1 1 1 1 1 1 1 0 0 0 0 24 24 1 1 1 1 1 1 1 1 1 1 0 0 0 0
  12 24 1 1 1 1 1 1 1 1 1 1 12 0 0 0 0 24 24 1 1 1 1 1 1 1 1 1 12 24 24 0 0 12
  24 1 1 1 1 1 1 1 1 1 24 24 24 0 0 0 24 24 1 1 1 1 1 1 1 1 24 24 24 24 0 0 12
  12 24 24 1 1 1 1 1 1 0 0 0 0 0 0 0 0 0 0 0 0 0 0 0 0 0 0 0 0 0 0 0 0 0 0 0 0
  0 0 0 0 0 0 0 0 0 0 0 0 0 0 0 0 0 0 0 0 0 0 0 0 0 0 0 0 0 0 0 0 0 0 0 0 0 0 0
  0 0 0 0 0 0 0 0 0 0 0 0 0 0 0 0 0 0 0 0 0 0 0 0 0 0 0 0 0 0 0 0 0 0 0 0 0 0 0
  0 0 0 0 0 0 0 0 0 0 0 0 0 0 0 0 0 0 0 0 0 1 0 0 0 0 12 24 24 24 0 0 0 1 1 1 1
  1 0 0 0 0 12 24 24 24 1 1 1 1 1 1 1 1 0 0 0 0 12 24 24 1 1 1 1 1 1 1 1 1 0 0
  0 0 0 12 24 1 1 1 1 1 1 1 1 1 0 0 0 0 0 12 24 1 1 1 1 1 1 1 1 1 0 12 12 0 0 0
  12 24 1 1 1 1 1 1 1 1 12 12 12 0 0 0 24 24 24 24 1 1 1 1 1 1 12 12 24 24 0 0
  0 0 24 24 24 24 1 1 24 24 0 0 0 0 0 0 0 0 0 0 0 0 0 0 0 0 0 0 0 0 0 0 0 0 0 0
  0 0 0 0 0 0 0 0 0 0 0 0 0 0 0 0 0 0 0 0 0 0 0 0 0 0 0 0 0 0 0 0 0 0 0 0 0 0 0
  0 0 0 0 0 0 0 0 0 0 0 0 0 0 0 0 0 0 0 0 0 0 0 0 0 0 0 0 0 0 0 0 0 0 0 0 0 0 0
  0 0 0 0 0 0 0 0 0 0 0 0 0 0 0 0 0 0 0 0 1 1 1 1 0 0 0 0 0 12 12 24 24 24 1 1
  1 1 1 1 0 0 0 0 0 12 24 24 24 24 1 1 1 1 1 1 0 0 0 0 0 12 24 24 24 1 1 1 1 1
  1 1 0 0 0 0 0 0 24 24 24 1 1 1 1 1 1 1 0 0 0 0 0 0 12 24 24 1 1 1 1 1 1 1 0 0
  0 0 0 0 0 24 24 24 1 1 1 1 1 1 0 0 0 0 0 0 0 12 24 24 24 1 1 1 1 1 0 0 12 12
  0 0 0 0 12 12 24 24 24 24 24 24 0 0 0 0 0 0 0 0 0 0 0 0 0 0 0 0 0 0 0 0 0 0 0
  0 0 0 0 0 0 0 0 0 0 0 0 0 0 0 0 0 0 0 0 0 0 0 0 0 0 0 0 0 0 0 0 0 0 0 0 0 0 0
  0 0 0 0 0 0 0 0 0 0 0 0 0 0 0 0 0 0 0 0 0 0 0 0 0 0 0 0 0 0 0 0 0 0 0 0 0 0 0
  0 0 0 0 0 0 0 0 1 1 1 0 0 0 0 0 0 0 0 24 24 24 1 1 1 1 1 0 0 0 0 0 0 0 12 24
  24 24 1 1 1 1 1 0 0 0 0 0 0 12 12 24 24 24 1 1 1 1 1 0 0 0 0 0 0 12 24 24 24
  24 1 1 1 1 1 0 0 0 0 0 0 12 24 24 24 24 1 1 1 1 1 0 0 0 0 0 0 0 24 24 24 24 1
  1 1 1 1 0 0 0 0 0 0 0 12 24 24 24 1 1 1 1 1 0 0 0 0 0 0 0 0 12 12 24 24 24 24
  24 24 0 0 0 0 0 0 0 0 0 0 12 12 24 24 12 12 1 0 0 0 0 0 0 0 0 0 0 0 0 0 0 0 0
  0 0 0 0 0 0 0 0 0 0 0 0 0 0 0 0 0 0 0 0 0 0 0 0 0 0 0 0 0 0 0 1 0 0 0 0 0 0 0
  0 0 0 0 0 0 0 0 1 0 0 0 0 0 0 0 0 0 0 0 0 0 0 0 1 0 0 0 0 0 0 0 0 0 0 0 0 0 0
  1 1 0 0 0 0 0 0 0 0 0 24 24 1 1 1 1 1 0 0 0 0 0 0 0 12 12 24 24 1 1 1 1 1 0 0
  0 0 0 0 0 12 12 24 24 1 1 1 1 1 0 0 0 0 0 0 0 12 12 24 24 1 1 1 1 1 0 0 0 0 0
  0 12 12 24 24 24 1 1 1 1 1 0 0 0 0 0 0 12 12 24 24 24 1 1 1 1 1 0 0 0 0 0 0
  12 12 24 24 24 1 1 1 1 1 0 0 0 0 0 0 0 12 12 24 24 1 1 1 1 0 0 0 0 0 0 0 0 0
  0 12 24 24 24 24 24 0 0 0 0 0 0 0 0 0 0 0 0 12 12 0 0 1 0 0 0 0 0 0 0 0 0 0 0
  0 0 0 0 1 0 0 0 0 0 0 0 0 0 0 0 0 0 0 0 1 0 0 0 0 0 0 0 0 0 0 0 0 0 0 0 1 0 0
  0 0 0 0 0 0 0 0 0 0 0 0 0 1 0 0 0 0 0 0 0 0 0 0 0 0 0 0 1 1 1 0 0 0 0 0 0 0 0
  0 0 24 1 1 1 1 1 0 0 0 0 0 0 0 0 12 24 24 1 1 1 1 1 0 0 0 0 0 0 0 0 12 24 24
  1 1 1 1 1 0 0 0 0 0 0 0 0 12 24 24 24 1 1 1 1 0 0 0 0 0 0 0 0 12 24 24 24 1 1
  1 1 1 0 0 0 0 0 0 12 12 24 24 24 1 1 1 1 1 0 0 0 0 0 0 12 12 24 24 24 1 1 1 1
  1 0 0 0 0 0 0 12 12 24 24 24 1 1 1 1 1 0 0 0 0 0 0 0 12 24 24 24 24 24 1 1 0
  0 0 0 0 0 0 0 0 12 12 12 12 12 1 1 0 0 0 0 0 0 0 0 0 0 0 0 0 0) 
#(0 0 0 0 0 0 0 0 0 0 0 0 0 0 0 0 0 0 0 0 0 0 0 0 0 0 0 0 0 0 0 0 0 0 0 0 0 0 0
  0 0 0 0 0 0 0 0 0 0 0 0 0 0 0 0 0 0 0 0 0 0 0 0 0 0 0 0 0 0 0 0 0 0 0 0 0 0 0
  0 0 0 0 0 0 0 0 0 0 0 0 0 0 0 0 0 0 0 0 0 0 0 0 0 0 0 0 0 0 0 0 0 0 0 0 0 0 0
  0 0 0 0 0 0 0 0 0 0 0 0 0 0 0 0 0 0 0 0 0 0 0 0 0 0 0 0 0 0 0 0 0 0 0 0 0 0 0
  0 0 0 0 0 0 0 0 0 0 0 0 0 0 0 0 0 0 0 0 0 0 0 0 0 0 0 0 0 0 0 0 0 0 0 0 0 0 0
  0 0 0 0 0 0 0 0 0 0 0 0 0 0 0 0 0 0 0 0 0 0 0 0 0 0 0 0 0 0 0 0 0 0 0 0 0 0 0
  0 0 0 0 0 0 0 0 0 0 0 0 0 0 0 0 0 0 0 0 0 0 0 0 0 0 0 0 0 0 0 0 0 0 0 0 0 0 0
  0 0 0 0 0 0 0 0 0 0 0 0 0 0 0 0 0 0 0 0 0 0 0 0 0 0 0 0 0 0 0 0 0 0 0 0 0 0 0
  0 0 0 0 0 0 0 0 0 0 0 0 0 0 0 0 0 0 0 0 0 0 0 0 0 0 0 0 0 0 0 0 0 0 0 0 0 0 0
  0 0 0 0 0 0 0 0 0 0 0 0 0 0 0 0 0 0 0 0 0 0 0 0 0 0 0 0 0 0 0 0 0 0 0 0 0 0 0
  0 0 0 0 0 0 0 0 0 0 0 0 0 0 0 0 0 0 0 0 0 0 0 0 0 0 0 0 0 0 0 0 0 0 0 0 0 0 0
  0 0 0 0 0 0 0 0 0 0 0 0 0 0 0 0 0 0 0 0 0 0 0 0 0 0 0 0 0 0 0 0 0 0 0 0 0 0 0
  0 0 0 0 0 0 0 0 0 0 0 0 0 0 0 0 0 0 0 0 0 0 0 0 0 0 0 0 0 0 0 0 0 0 0 0 0 0 0
  0 0 0 0 0 0 0 0 0 0 0 0 0 0 0 0 0 0 0 0 0 0 0 0 0 0 0 0 0 0 0 0 0 0 0 0 0 0 0
  0 0 0 0 0 0 0 0 0 0 0 0 0 0 0 0 0 0 0 0 0 0 0 0 0 0 0 0 0 0 0 0 0 0 0 0 0 0 0
  0 0 0 0 0 0 0 0 0 0 0 0 0 0 0 0 0 0 0 0 0 0 0 0 0 0 0 0 0 0 0 0 0 0 0 0 0 0 0
  0 0 0 0 0 0 0 0 0 0 0 0 0 0 0 0 0 0 0 0 0 0 0 0 0 0 0 0 0 0 0 0 0 0 0 0 0 0 0
  0 0 0 0 0 0 0 0 0 0 0 0 0 0 0 0 0 0 0 0 0 0 0 0 0 0 0 0 0 0 0 0 0 0 0 0 0 0 0
  0 0 0 0 0 0 0 0 0 0 0 0 0 0 0 0 0 0 0 0 0 0 0 0 0 0 0 0 0 0 0 0 0 0 0 0 0 0 0
  0 0 0 0 0 0 0 0 0 0 0 0 0 0 0 0 0 0 0 0 0 0 0 0 0 0 0 0 0 0 0 0 0 0 0 0 0 0 0
  0 0 0 0 0 0 0 0 0 0 0 0 0 0 0 0 0 0 0 0 0 0 0 0 0 0 0 0 0 0 0 0 0 0 0 0 0 0 0
  0 0 0 0 0 0 0 0 0 0 0 0 0 0 0 0 0 0 0 0 0 0 0 0 0 0 0 0 0 0 0 0 0 0 0 0 0 0 0
  0 0 0 0 0 0 0 0 0 0 0 0 0 0 0 0 0 0 0 0 0 0 0 0 0 0 0 0 0 0 0 0 0 0 0 0 0 0 0
  0 0 0 0 0 0 0 0 0 0 0 0 0 0 0 0 0 0 0 0 0 0 0 0 0 0 0 0 0 0 0 0 0 0 0 0 0 0 0
  0 0 0 0 0 0 0 0 0 0 0 0 0 0 0 0 0 0 0 0 0 0 0 0 0 0 0 0 0 0 0 0 0 0 0 0 0 0 0
  0 0 0 0 0 0 0 0 0 0 0 0 0 0 0 0 0 0 0 0 0 0 0 0 0 0 0 0 0 0 0 0 0 0 0 0 0 0 0
  0 0 0 0 0 0 0 0 0 0 0 0 0 0 0 0 0 0 0 0 0 0 0 0 0 0 0 0 0 0 0 0 0 0 0 0 0 0 0
  0 0 0 0 0 0 0 0 0 0 0 0 0 0 0 0 0 0 0 0 0 0 0 0 0 0 0 0 0 0 0 0 0 0 0 0 0 0 0
  0 0 0 0 0 0 0 0 0 0 0 0 0 0 0 0 0 0 0 0 0 0 0 0 0 0 0 0 0 0 0 0 0 0 0 0 0 0 0
  0 0 0 0 0 0 0 0 0 0 0 0 0 0 0 0 0 0 0 0 0 0 0 0 0 0 0 0 0 0 0 0 0 0 0 0 0 0 0
  0 0 0 0 0 0 0 0 0 0 0 0 0 0 0 0 0 0 0 0 0 0 0 0 0 0 0 0 0 0 0 0 0 0 0 0 0 0 0
  0 0 0 0 0 0 0 0 0 0 0 0 0 0 0 0 0 0 0 0 0 0 0 0 0 0 0 0 0 0 0 0 0 0 0 0 0 0 0
  0 0 0 0 0 0 0 0 0 0 0 0 0 0 0 0 0 0 0 0 0 0 0 0 0 0 0 0 0 0 0 0 0 0 0 0 0 0 0
  0 0 0 0 0 0 0 0 0 0 0 0 0 0 0 0 0 0 0 0 0 0 0 0 0 0 0 0 0 0 0 0 0 0 0 0 0 0 0
  0 0 0 0 0 0 0 0 0 0 0 0 0 0 0 0 0 0 0 0 0 0 0 0 0 0 0 0 0 0 0 0 0 0 0 0 0 0 0
  0 0 0 0 0 0 0 0 0 0 0 0 0 0 0 0 0 0 0 0 0 0 0 0 0 0 0 0 0 0 0 0 0 0 0 0 0 0 0
  0 0 0 0 0 0 0 0 0 0 0 0 0 0 0 0 0 0 0 0 0 0 0 0 0 0 0 0 0 0 0 0 0 0 0 0 0 0 0
  0 0 0 0 0 0 0 0 0 0 0 0 0 0 0 0 0 0 0 0 0 0 0 0 0 0 0 0 0 0 0 0 0 0 0 0 0 0 0
  0 0 0 0 0 0 0 0 0 0 0 0 0 0 0 0 0 0 0 0 0 0 0 0 0 0 0 0 0 0 0 0 0 0 0 0 0 0 0
  0 0 0 0 0 0 0 0 0 0 0 0 0 0 0 0 0 0 0 0 0 0 0 0 0 0 0 0 0 0 0 0 0 0 0 0 0 0 0
  0 0 0 0 0 0 0 0 0 0 0 0 0 0 0 0 0 0 0 0 0 0 0 0 0 0 0 0 0 0 0 0 0 0 0 0 0 0 0
  0 0 0 0 0 0 0 0 0 0 0 0 0 0 0 0 0 0 0 0 0 0 0 0 0 0 0 0 0 0 0 0 0 0 0 0 0 0 0
  0 0 0 0 0 0 0 0 0 0 0 0 0 0 0 0 0 0 0 0 0 0 0 0 0 0 0 0 0 0 0 0 0 0 0 0 0 0 0
  0 0 0 0 0 0 0 0 0 0 0 0 0 0 0 0 0 0 0 0 0 0 0 0 0 0 0 0 0 0 0 0 0 0 0 0 0 0 0
  0 0 0 0 0 0 0 0 0 0 0 0 0 0 0 0 0 0 0 0 0 0 0 0 0 0 0 0 0 0 0 0 0 0 0 0 0 0 0
  0 0 0 0 0 0 0 0 0 0 0 0 0 0 0 0 0 0 0 0 0 0 0 0 0 0 0 0 0 0 0 0 0 0 0 0 0 0 0
  0 0 0 0 0 0 0 0 0 0 0 0 0 0 0 0 0 0 0 0 0 0 0 0 0 0 0 0 0 0 0 0 0 0 0 0 0 0 0
  0 0 0 0 0 0 0 0 0 0 0 0 0 0 0 0 0 0 0 0 0 0 0 0 0 0 0 0 0 0 0 0 0 0 0 0 0 0 0
  0 0 0 0 0 0 0 0 0 0 0 0 0 0 0 0 0 0 0 0 0 0 0 0 0 0 0 0 0 0 0 0 0 0 0 0 0 0 0
  0 0 0 0 0 0 0 0 0 0 0 0 0 0 0 0 0 0 0 0 0 0 0 0 0 0 0 0 0 0 0 0 0 0 0 0 0 0 0
  0 0 0 0 0 0 0 0 0 0 0 0 0 0 0 0 0 0 0 0 0 0 0 0 0 0 0 0 0 0 0 0 0 0 0 0 0 0 0
  0 0 0 0 0 0 0 0 0 0 0 0 0 0 0 0 0 0 0 0 0 0 0 0 0 0 0 0 0 0 0 0 0 0 0 0 0 0 0
  0 0 0 0 0 0 0 0 0 0 0 0 0 0 0 0 0 0 0 0 0 0 0 0 0 0 0 0 0 0 0 0 0 0 0 0 0 0 0
  0 0 0 0 0 0 0 0 0 0 0 0 0 0 0 0 0 0 0 0 0 0 0 0 0 0 0 0 0 0 0 0 0 0 0 0 0 0 0
  0 0 0 0 0 0 0 0 0 0 0 0 0 0 0 0 0 0 0 0 0 0 0 0 0 0 0 0 0 0 0 0 0 0 0 0 0 0 0
  0 0 0 0 0 0 0 0 0 0 0 0 0 0 0 0 0 0 0 0 0 0 0 0 0 0 0 0 0 0 0 0 0 0 0 0 0 0 0
  0 0 0 0 0 0 0 0 0 0 0 0 0 0 0 0 0 0 0 0 0 0 0 0 0 0 0 0 0 0 0 0 0 0 0 0 0 0 0
  0 0 0 0 0 0 0 0 0 0 0 0 0 0 0 0 0 0 0 0 0 0 0 0 0 0 0 0 0 0 0 0 0 0 0 0 0 0 0
  0 0 0 0 0 0 0 0 0 0 0 0 0 0 0 0 0 0 0 0 0 0 0 0 0 0 0 0 0 0 0 0 0 0 0 0 0 0 0
  0 0 0 0 0 0 0 0 0 0 0 0 0 0 0 0 0 0 0 0 0 0 0 0 0 0 0 0 0 0 0 0 0 0 0 0 0 0 0
  0 0 0 0 0 0 0 0 0 0 0 0 0 0 0 0 0 0 0 0 0 0 0 0 0 0 0 0 0 0 0 0 0 0 0 0 0 0 0
  0 0 0 0 0 0 0 0 0 0 0 0 0 0 0 0 0 0 0 0 0 0 0 0 0 0 0 0 0 0 0 0 0 0 0 0 0 0 0
  0 0 0 0 0 0 0 0 0 0 0 0 0 0 0 0 0 0 0 0 0 0 0 0 0 0 0 0 0 0 0 0 0 0 0 0 0 0 0
  0 0 0 0 0 0 0 0 0 0 0 0 0 0 0 0 0 0 0 0 0 0 0 0 0 0 0 0 0 0 0 0 0 0 0 0 0 0 0
  0 0 0 0 0 0 0 0 0 0 0 0 0 0 0 0 0 0 0 0 0 0 0 0 0 0 0 0 0 0 0 0 0 0 0 0 0 0 0
  0 0 0 0 0 0 0 0 0 0 0 0 0 0 0 0 0 0 0 0 0 0 0 0 0 0 0 0 0 0 0 0 0 0 0 0 0 0 0
  0 0 0 0 0 0 0 0 0 0 0 0 0 0 0 0 0 0 0 0 0 0 0 0 0 0 0 0 0 0 0 0 0 0 0 0 0 0 0
  0 0 0 0 0 0 0 0 0 0 0 0 0 0 0 0 0 0 0 0 0 0 0 0 0 0 0 0 0 0 0 0 0 0 0 0 0 0 0
  0 0 0 0 0 0 0 0 0 0 0 0 0 0 0 0 0 0 0 0 0 0 0 0 0 0 0 0 0 0 0 0 0 0 0 0 0 0 0
  0 0 0 0 0 0 0 0 0 0 0 0 0 0 0 0 0 0 0 0 0 0 0 0 0 0 0 0 0 0 0 0 0 0 0 0 0 0 0
  0 0 0 0 0 0 0 0 0 0 0 0 0 0 0 0 0 0 0 0 0 0 0 0 0 0 0 0 0 0 0 0 0 0 0 0 0 0 0
  0 0 0 0 0 0 0 0 0 0 0 0 0 0 0 0 0 0 0 0 0 0 0 0 0 0 0 0 0 0 0 0 0 0 0 0 0 0 0
  0 0 0 0 0 0 0 0 0 0 0 0 0 0 0 0 0 0 0 0 0 0 0 0 0 0 0 0 0 0 0 0 0 0 0 0 0 0 0
  0 0 0 0 0 0 0 0 0 0 0 0 0 0 0 0 0 0 0 0 0 0 0 0 0 0 0 0 0 0 0 0 0 0 0 0 0 0 0
  0 0 0 0 0 0 0 0 0 0 0 0 0 0 0 0 0 0 0 0 0 0 0 0 0 0 0 0 0 0 0 0 0 0 0 0 0 0 0
  0 0 0 0 0 0 0 0 0 0 0 0 0 0 0 0 0 0 0 0 0 0 0 0 0 0 0 0 0 0 0 0 0 0 0 0 0 0 0
  0 0 0 0 0 0 0 0 0 0 0 0 0 0 0 0 0 0 0 0 0 0 0 0 0 0 0 0 0 0 0 0 0 0 0 0 0 0 0
  0 0 0 0 0 0 0 0 0 0 0 0 0 0 0 0 0 0 0 0 0 0 0 0 0 0 0 0 0 0 0 0 0 0 0 0 0 0 0
  0 0 0 0 0 0 0 0 0 0 0 0 0 0 0 0 0 0 0 0 0 0 0 0 0 0 0 0 0 0 0 0 0 0 0 0 0 0 0
  0 0 0 0 0 0 0 0 0 0 0 0 0 0 0 0 0 0 0 0 0 0 0 0 0 0 0 0 0 0 0 0 0 0 0 0 0 0 0
  0 0 0 0 0 0 0 0 0 0 0 0 0 0 0 0 0 0 0 0 0 0 0 0 0 0 0 0 0 0 0 0 0 0 0 0 0 0 0
  0 0 0 0 0 0 0 0 0 0 0 0 0 0 0 0 0 0 0 0 0 0 0 0 0 0 0 0 0 0 0 0 0 0 0 0 0 0 0
  0 0 0 0 0 0 0 0 0 0 0 0 0 0 0 0 0 0 0 0 0 0 0 0 0 0 0 0 0 0 0 0 0 0 0 0 0 0 0
  0 0 0 0 0 0 0 0 0 0 0 0 0 0 0 0 0 0 0 0 0 0 0 0 0 0 0 0 0 0 0 0 0 0 0 0 0 0 0
  0 0 0 0 0 0 0 0 0 0 0 0 0 0 0 0 0 0 0 0 0 0 0 0 0 0 0 0 0 0 0 0 0 0 0 0 0 0 0
  0 0 0 0 0 0 0 0 0 0 0 0 0 0 0 0 0 0 0 0 0 0 0 0 0 0 0 0 0 0 0 0 0 0 0 0 0 0 0
  0 0 0 0 0 0 0 0 0 0 0 0 0 0 0 0 0 0 0 0 0 0 0 0 0 0 0 0 0 0 0 0 0 0 0 0 0 0 0
  0 0 0 0 0 0 0 0 0 0 0 0 0 0 0 0 0 0 0 0 0 0 0 0 0 0 0 0 0 0 0 0 0 0 0 0 0 0 0
  0 0 0 0 0 0 0 0 0 0 0 0 0 0 0 0 0 0 0 0 0 0 0 0 0 0 0 0 0 0 0 0 0 0 0 0 0 0 0
  0 0 0 0 0 0 0 0 0 0 0 0 0 0 0 0 0 0 0 0 0 0 0 0 0 0 0 0 0 0 0 0 0 0 0 0 0 0 0
  0 0 0 0 0 0 0 0 0 0 0 0 0 0 0 0 0 0 0 0 0 0 0 0 0 0 0 0 0 0 0 0 0 0 0 0 0 0 0
  0 0 0 0 0 0 0 0 0 0 0 0 0 0 0 0 0 0 0 0 0 0 0 0 0 0 0 0 0 0 0 0 0 0 0 0 0 0 0
  0 0 0 0 0 0 0 0 0 0 0 0 0 0 0 0 0 0 0 0 0 0 0 0 0 0 0 0 0 0 0 0 0 0 0 0 0 0 0
  0 0 0 0 0 0 0 0 0 0 0 0 0 0 0 0 0 0 0 0 0 0 0 0 0 0 0 0 0 0 0 0 0 0 0 0 0 0 0
  0 0 0 0 0 0 0 0 0 0 0 0 0 0 0 0 0 0 0 0 0 0 0 0 0 0 0 0 0 0 0 0 0 0 0 0 0 0 0
  0 0 0 0 0 0 0 0 0 0 0 0 0 0 0 0 0 0 0 0 0 0 0 0 0 0 0 0 0 0 0 0 0 0 0 0 0 0 0
  0 0 0 0 0 0 0 0 0 0 0 0 0 0 0 0 0 0 0 0 0 0 0 0 0 0 0 0 0 0 0 0 0 0 0 0 0 0 0
  0 0 0 0 0 0 0 0 0 0 0 0 0 0 0 0 0 0 0 0 0 0 0 0 0 0 0 0 0 0 0 0 0 0 0 0 0 0 0
  0 0 0 0 0 0 0 0 0 0 0 0 0 0 0 0 0 0 0 0 0 0 0 0 0 0 0 0 0 0 0 0 0 0 0 0 0 0 0
  0 0 0 0 0 0 0 0 0 0 0 0 0 0 0 0 0 0 0 0 0 0 0 0 0 0 0 0 0 0 0 0 0 0 0 0 0 0 0
  0 0 0 0 0 0 0 0 0 0 0 0 0 0 0 0 0 0 0 0 0 0 0 0 0 0 0 0 0 0 0 0 0 0 0 0 0 0 0
  0 0 0 0 0 0 0 0 0 0 0 0 0 0 0 0 0 0 0 0 0 0 0 0 0 0 0 0 0 0 0 0 0 0 0 0 0 0 0
  0 0 0 0 0 0 0 0 0 0 0 0 0 0 0 0 0 0 0 0 0 0 0 0 0 0 0 0 0 0 0 0 0 0 0 0 0 0 0
  0 0 0 0 0 0 0 0 0 0 0 0 0 0 0 0 0 0 0 0 0 0 0 0 0 0 0 0 0 0 0 0 0 0 0 0 0 0 0
  0 0 0 0 0 0 0 0 0 0 0 0 0 0 0 0 0 0 0 0 0 0 0 0 0 0 0 0 0 0 0 0 0 0 0 0 0 0 0
  0) 
#(2 3 4 5 0 0 0 11 12 13 12 13 13 0 0 0 1 2 3 4 0 0 0 0 0 12 13 13 13 0 0 0 1 2
  3 4 5 6 7 0 0 0 13 13 0 0 0 0 0 1 2 3 4 5 6 0 0 0 0 0 0 0 0 0 0 0 1 2 3 4 5 6
  7 0 0 0 0 0 0 0 0 0 0 1 2 3 4 5 6 0 0 0 0 0 0 0 0 0 0 0 1 2 3 4 5 0 0 0 0 0 0
  0 0 0 0 0 0 1 2 3 4 0 0 0 0 0 0 2 0 0 0 0 0 0 1 2 3 4 4 5 4 3 2 1 0 0 0 0 0 0
  0 1 2 3 3 4 3 2 1 0 0 0 0 0 0 0 0 0 1 2 2 3 2 1 0 0 0 0 0 0 0 0 0 0 0 1 1 2 1
  0 0 0 0 0 0 0 0 0 0 0 0 0 0 1 0 0 0 0 0 0 0 0 0 0 0 0 0 0 0 0 0 0 0 0 0 0 0 0
  0 0 0 0 0 0 0 0 0 0 0 0 0 0 0 0 0 0 0 0 0 0 0 0 0 0 0 0 3 4 5 6 0 0 0 12 13
  14 15 15 15 0 0 0 2 3 4 5 0 0 0 0 0 13 14 15 15 0 0 0 2 3 4 5 6 7 8 0 0 0 14
  15 0 0 0 0 1 2 3 4 5 6 7 0 0 0 0 0 0 0 0 0 0 1 2 3 4 5 6 7 8 9 0 0 0 0 0 0 0
  0 1 2 3 4 5 6 7 0 0 0 0 0 0 0 0 0 0 1 2 3 4 5 6 0 0 0 0 0 0 0 0 0 0 0 1 2 3 4
  5 0 0 0 0 0 0 3 0 0 0 0 0 1 2 3 4 5 5 6 5 4 3 2 0 0 0 0 0 0 1 2 3 4 4 5 4 3 2
  1 0 0 0 0 0 0 0 1 2 3 3 4 3 2 1 0 0 0 0 0 0 0 0 0 1 2 2 3 2 1 0 0 0 0 0 0 0 0
  0 0 0 1 1 2 1 0 0 0 0 0 0 0 0 0 0 0 0 0 0 1 0 0 0 0 0 0 0 0 0 0 0 0 0 0 0 0 0
  0 0 0 0 0 0 0 0 0 0 0 0 0 0 0 0 0 0 0 4 5 6 7 8 0 0 12 13 14 15 15 15 0 0 0 3
  4 5 6 7 0 0 0 0 13 14 15 15 0 0 0 3 4 5 6 7 8 9 10 0 0 14 15 0 0 0 0 2 3 4 5
  6 7 8 9 0 0 0 0 0 0 0 0 1 2 3 4 5 6 7 8 9 10 0 0 0 0 0 0 0 1 2 3 4 5 6 7 8 9
  0 0 0 0 0 0 0 0 1 2 3 4 5 6 7 8 8 0 0 0 0 5 0 0 0 1 2 3 4 5 6 7 7 8 7 6 5 4 0
  0 0 0 1 2 3 4 5 6 6 7 6 5 4 3 0 0 0 0 0 1 2 3 4 5 5 6 5 4 3 2 0 0 0 0 0 0 1 2
  3 4 4 5 4 3 2 1 0 0 0 0 0 0 0 1 2 3 3 4 3 2 1 0 0 0 0 0 0 0 0 0 1 2 2 3 2 1 0
  0 0 0 0 0 0 0 0 0 0 1 1 2 1 0 0 0 0 0 0 0 0 0 0 0 0 0 0 1 0 0 0 0 0 0 0 0 0 0
  0 0 0 0 0 0 0 0 0 0 5 6 7 8 9 10 11 12 13 14 15 15 15 0 0 0 4 5 6 7 8 9 10 11
  12 13 14 15 15 0 0 0 4 5 6 7 8 9 10 11 12 13 14 15 0 0 0 0 3 4 5 6 7 8 9 10
  11 12 0 0 0 0 0 0 2 3 4 5 6 7 8 9 10 11 0 0 0 0 0 0 1 2 3 4 5 6 7 8 9 10 10
  11 0 0 8 7 0 1 2 3 4 5 6 7 8 9 9 10 9 8 7 6 0 0 1 2 3 4 5 6 7 8 8 9 8 7 6 5 0
  0 0 1 2 3 4 5 6 7 7 8 7 6 5 4 0 0 0 0 1 2 3 4 5 6 6 7 6 5 4 3 0 0 0 0 0 1 2 3
  4 5 5 6 5 4 3 2 0 0 0 0 0 0 1 2 3 4 4 5 4 3 2 1 0 0 0 0 0 0 0 1 2 3 3 4 3 2 1
  0 0 0 0 0 0 0 0 0 1 2 2 3 2 1 0 0 0 0 0 0 0 0 0 0 0 1 1 2 1 0 0 0 0 0 0 0 0 0
  0 0 0 0 0 1 0 0 0 0 5 6 7 8 9 10 11 12 13 14 15 15 15 0 0 0 4 5 6 7 8 9 10 11
  12 13 14 15 15 0 0 0 4 5 6 7 8 9 10 11 12 13 14 15 0 0 0 0 3 4 5 6 7 8 9 10
  11 12 13 14 0 0 0 10 2 3 4 5 6 7 8 9 10 11 12 13 12 11 10 9 1 2 3 4 5 6 7 8 9
  10 11 12 11 10 9 8 0 1 2 3 4 5 6 7 8 9 10 11 10 9 8 7 0 0 1 2 3 4 5 6 7 8 9
  10 9 8 7 6 0 0 0 1 2 3 4 5 6 7 8 9 8 7 6 5 0 0 0 0 1 2 3 4 5 6 7 8 7 6 5 4 0
  0 0 0 0 1 2 3 4 5 6 7 6 5 4 3 0 0 0 0 0 0 1 2 3 4 5 6 5 4 3 2 0 0 0 0 0 0 0 1
  2 3 4 5 4 3 2 1 0 0 0 0 0 0 0 0 1 2 3 4 3 2 1 0 0 0 0 0 0 0 0 0 0 1 2 3 2 1 0
  0 0 0 0 0 0 0 0 0 0 0 1 2 1 0 0 0 5 6 7 8 9 10 11 12 13 14 15 15 15 0 0 11 4
  5 6 7 8 9 10 11 12 13 14 15 15 0 0 11 4 5 6 7 8 9 10 11 12 13 14 15 15 14 13
  12 3 4 5 6 7 8 9 10 11 12 13 14 14 13 12 11 2 3 4 5 6 7 8 9 10 11 12 13 13 12
  11 10 1 2 3 4 5 6 7 8 9 10 11 12 12 11 10 9 0 1 2 3 4 5 6 7 8 9 10 11 11 10 9
  8 0 0 1 2 3 4 5 6 7 8 9 10 10 9 8 7 0 0 0 1 2 3 4 5 6 7 8 9 9 8 7 6 0 0 0 0 1
  2 3 4 5 6 7 8 8 7 6 5 0 0 0 0 0 1 2 3 4 5 6 7 7 6 5 4 0 0 0 0 0 0 1 2 3 4 5 6
  6 5 4 3 0 0 0 0 0 0 0 1 2 3 4 5 5 4 3 2 0 0 0 0 0 0 0 0 1 2 3 4 4 3 2 1 0 0 0
  0 0 0 0 0 0 1 2 3 3 2 1 0 0 0 0 0 0 0 0 0 0 0 1 2 2 1 0 0 5 6 7 8 9 10 11 12
  13 14 15 15 15 14 13 12 4 5 6 7 8 9 10 11 12 13 14 15 15 14 13 12 4 5 6 7 8 9
  10 11 12 13 14 15 15 14 13 12 3 4 5 6 7 8 9 10 11 12 13 14 14 13 12 11 2 3 4
  5 6 7 8 9 10 11 12 13 13 12 11 10 1 2 3 4 5 6 7 8 9 10 11 12 12 11 10 9 0 1 2
  3 4 5 6 7 8 9 10 11 11 10 9 8 0 0 1 2 3 4 5 6 7 8 9 10 10 9 8 7 0 0 0 1 2 3 4
  5 6 7 8 9 9 8 7 6 0 0 0 0 1 2 3 4 5 6 7 8 8 7 6 5 0 0 0 0 0 1 2 3 4 5 6 7 7 6
  5 4 0 0 0 0 0 0 1 2 3 4 5 6 6 5 4 3 0 0 0 0 0 0 0 1 2 3 4 5 5 4 3 2 0 0 0 0 0
  0 0 0 1 2 3 4 4 3 2 1 0 0 0 0 0 0 0 0 0 1 2 3 3 2 1 0 0 0 0 0 0 0 0 0 0 0 0 0
  0 0 0 0 5 6 7 8 9 10 11 12 13 14 15 15 15 14 13 12 4 5 6 7 8 9 10 11 12 13 14
  15 15 14 13 12 4 5 6 7 8 9 10 11 12 13 14 15 15 14 13 12 3 4 5 6 7 8 9 10 11
  12 13 14 14 13 12 11 2 3 4 5 6 7 8 9 10 11 12 13 13 12 11 10 1 2 3 4 5 6 7 8
  9 10 11 12 12 11 10 9 0 1 2 3 4 5 6 7 8 9 10 11 11 10 9 8 0 0 1 2 3 4 5 6 7 8
  9 10 10 9 8 7 0 0 0 1 2 3 4 5 6 7 8 9 9 8 7 6 0 0 0 0 1 2 3 4 5 6 7 8 8 7 6 5
  0 0 0 0 0 1 2 3 4 5 6 7 7 6 5 0 0 0 0 0 0 0 0 2 3 4 5 0 0 0 0 0 0 0 0 0 0 0 0
  0 0 0 0 0 0 0 0 0 0 0 0 0 0 0 0 0 0 0 0 0 0 0 0 0 0 0 0 0 0 0 0 0 0 0 0 0 0 0
  0 0 0 0 0 0 0 0 0 0 0 0 0 0 0 0 0 0 5 6 7 8 9 10 11 12 13 14 15 15 15 14 13
  12 4 5 6 7 8 9 10 11 12 13 14 15 15 14 13 12 4 5 6 7 8 9 10 11 12 13 14 15 15
  14 13 12 3 4 5 6 7 8 9 10 11 12 13 14 14 13 12 11 2 3 4 5 6 7 8 9 10 11 12 13
  13 12 11 10 1 2 3 4 5 6 7 8 9 10 11 12 12 11 10 9 0 1 2 3 4 5 6 7 8 9 10 11
  11 10 9 8 0 0 1 2 3 4 5 6 7 8 9 10 10 9 8 7 0 0 0 1 2 3 4 5 6 7 8 9 9 8 7 6 0
  0 0 0 1 2 3 4 5 6 7 8 8 7 6 0 0 0 0 0 0 0 2 3 4 5 6 7 0 0 0 0 0 0 0 0 0 0 0 0
  0 0 0 0 0 0 0 0 0 0 0 0 0 0 0 0 0 0 0 0 0 0 0 0 0 0 0 0 0 0 0 0 0 0 0 0 0 0 0
  0 0 0 0 0 0 0 0 0 0 0 0 0 0 0 0 0 0 0 0 0 0 0 0 0 0 0 0 0 0 0 0 0 5 6 7 8 9
  10 11 12 13 14 15 15 15 14 13 12 4 5 6 7 8 9 10 11 12 13 14 15 15 14 13 12 4
  5 6 7 8 9 10 11 12 13 14 15 15 14 13 12 3 4 5 6 7 8 9 10 11 12 13 14 14 13 12
  11 2 3 4 5 6 7 8 9 10 11 12 13 13 12 11 10 1 2 3 4 5 6 7 8 9 10 11 12 12 11
  10 9 0 1 2 3 4 5 6 7 8 9 10 11 11 10 9 8 0 0 1 2 3 4 5 6 7 8 9 10 10 9 8 7 0
  0 0 0 0 3 4 5 6 7 8 9 9 8 7 6 0 0 0 0 0 0 3 4 5 6 7 8 0 0 0 0 0 0 0 0 0 0 0 0
  0 0 0 0 0 0 0 0 0 0 0 0 0 0 0 0 0 0 0 0 0 0 0 0 0 0 0 0 0 0 0 0 0 0 0 0 0 0 0
  0 0 0 0 0 0 0 0 0 0 0 0 0 0 0 0 0 0 0 0 0 0 0 0 0 0 0 0 0 0 0 0 0 0 0 0 0 0 0
  0 0 0 0 0 0 0 0 0 0 5 6 7 8 9 10 11 12 13 14 15 15 15 14 13 12 4 5 6 7 8 9 10
  11 12 13 14 15 15 14 13 12 4 5 6 7 8 9 10 11 12 13 14 15 15 14 13 12 3 4 5 6
  7 8 9 10 11 12 13 14 14 13 12 11 2 3 4 5 6 7 8 9 10 11 12 13 13 12 11 10 1 2
  3 4 5 6 7 8 9 10 11 12 12 11 10 9 0 1 2 3 4 5 6 7 8 9 10 11 11 10 9 8 0 0 1 2
  3 4 5 6 7 8 9 10 10 9 8 7 0 0 0 0 0 3 4 5 6 7 8 9 9 0 0 0 0 0 0 0 0 0 0 0 0 0
  0 0 0 0 0 0 0 0 0 0 0 0 0 0 0 0 0 0 0 0 0 0 0 0 0 0 0 0 0 0 0 0 0 0 0 0 0 0 0
  0 0 0 0 0 0 0 0 0 0 0 0 0 0 0 0 0 0 0 0 0 0 0 0 0 0 0 0 0 0 0 0 0 0 0 0 0 0 0
  0 0 0 0 0 0 0 0 0 0 0 0 0 0 0 0 0 0 0 0 0 0 0 0 5 6 7 8 9 10 11 12 13 14 15
  15 15 14 13 12 4 5 6 7 8 9 10 11 12 13 14 15 15 14 13 12 4 5 6 7 8 9 10 11 12
  13 14 15 15 14 13 12 3 4 5 6 7 8 9 10 11 12 13 14 14 13 12 11 2 3 4 5 6 7 8 9
  10 11 12 13 13 12 11 10 1 2 3 4 5 6 7 8 9 10 11 12 12 11 10 9 0 1 2 3 4 5 6 7
  8 9 10 11 11 10 9 8 0 0 1 2 3 4 5 6 7 8 9 10 10 9 8 0 0 0 0 1 0 0 0 0 6 7 8 0
  0 0 0 0 0 0 0 0 0 0 0 0 0 0 0 0 0 0 0 0 0 0 0 0 0 0 0 0 0 0 0 0 0 0 0 0 0 0 0
  0 0 0 0 0 0 0 0 0 0 0 0 0 0 0 0 0 0 0 0 0 0 0 0 0 0 0 0 0 0 0 0 0 0 0 0 0 0 0
  0 0 0 0 0 0 0 0 0 0 0 0 0 0 0 0 0 0 0 0 0 0 0 0 0 0 0 0 0 0 0 0 0 0 0 0 0 0 5
  6 7 8 9 10 11 12 13 14 15 15 15 14 13 12 4 5 6 7 8 9 10 11 12 13 14 15 15 14
  13 12 4 5 6 7 8 9 10 11 12 13 14 15 15 14 13 12 3 4 5 6 7 8 9 10 11 12 13 14
  14 13 12 11 2 3 4 5 6 7 8 9 10 11 12 13 13 12 11 10 1 2 3 4 5 6 7 8 9 10 11
  12 12 11 10 9 0 1 2 3 4 5 6 7 8 9 10 11 11 10 9 8 0 0 1 2 3 4 5 6 7 8 9 10 0
  0 0 0 0 0 0 1 2 0 0 0 0 0 0 0 0 0 0 0 0 0 0 0 1 0 0 0 0 0 0 0 0 0 0 0 0 0 0 0
  0 0 0 0 0 0 0 0 0 0 0 0 0 0 0 0 0 0 0 0 0 0 0 0 0 0 0 0 0 0 0 0 0 0 0 0 0 0 0
  0 0 0 0 0 0 0 0 0 0 0 0 0 0 0 0 0 0 0 0 0 0 0 0 0 0 0 0 0 0 0 0 0 0 0 0 0 0 0
  0 0 0 0 0 0 0 0 0 0 0 0 0 0 5 6 7 8 9 10 11 12 13 14 15 15 15 14 13 12 4 5 6
  7 8 9 10 11 12 13 14 15 15 14 13 12 4 5 6 7 8 9 10 11 12 13 14 15 15 14 13 12
  3 4 5 6 7 8 9 10 11 12 13 14 14 13 12 11 2 3 4 5 6 7 8 9 10 11 12 13 13 12 11
  10 1 2 3 4 5 6 7 8 9 10 11 12 12 11 10 9 0 1 2 3 4 5 6 7 8 9 10 11 11 0 0 0 0
  0 1 2 3 4 5 6 0 0 0 0 0 0 0 0 0 0 0 1 2 3 4 0 0 0 0 0 0 0 0 0 0 0 0 0 1 2 0 0
  0 0 0 0 0 0 0 0 0 0 0 0 0 1 0 0 0 0 0 0 0 0 0 0 0 0 0 0 0 0 0 0 0 0 0 0 0 0 0
  0 0 0 0 0 0 0 0 0 0 0 0 0 0 0 0 0 0 0 0 0 0 0 0 0 0 0 0 0 0 0 0 0 0 0 0 0 0 0
  0 0 0 0 0 0 0 0 0 0 0 0 0 0 0 0 0 0 0 0 0 0 0 0 0 0 0 6 7 8 9 10 11 12 13 14
  15 15 15 14 13 12 4 5 6 7 8 9 10 11 12 13 14 15 15 14 13 12 4 5 6 7 8 9 10 11
  12 13 14 15 15 14 13 12 0 4 5 6 7 8 9 10 11 12 13 14 14 13 12 11 0 3 4 5 6 7
  8 9 10 11 12 13 13 12 11 10 0 2 3 4 5 6 7 8 9 10 11 12 12 11 10 0 0 1 2 3 4 5
  6 7 8 9 0 0 0 0 0 0 0 0 1 2 3 4 5 6 0 0 0 0 0 0 0 0 0 0 0 1 2 3 4 5 0 0 0 0 0
  0 0 0 0 0 0 0 1 2 3 4 0 0 0 0 0 0 0 0 0 0 0 0 0 1 2 0 0 0 0 0 0 0 0 0 0 0 0 0
  0 0 1 0 0 0 0 0 0 0 0 0 0 0 0 0 0 0 0 0 0 0 0 0 0 0 0 0 0 0 0 0 0 0 0 0 0 0 0
  0 0 0 0 0 0 0 0 0 0 0 0 0 0 0 0 0 0 0 0 0 0 0 0 0 0 0 0 0 0 0 0 0 0 0 0 0 0 6
  7 8 9 10 11 12 13 14 15 15 15 14 13 12 0 5 6 7 8 9 10 11 12 13 14 15 15 14 13
  12 0 5 6 7 8 9 10 11 12 13 14 15 15 14 13 12 0 4 5 6 7 8 9 10 11 12 13 14 14
  13 12 11 0 3 4 5 6 7 8 9 10 11 12 13 13 12 11 0 0 0 3 4 5 6 7 8 9 10 11 12 0
  0 0 0 0 0 2 3 4 5 6 7 8 9 0 0 0 0 0 0 0 0 1 2 3 4 5 6 7 8 0 0 0 0 0 0 0 0 0 1
  2 3 4 5 6 7 0 0 0 0 0 0 0 0 0 0 1 2 3 4 5 6 0 0 0 0 0 0 0 0 0 0 0 1 2 3 4 0 0
  0 0 0 0 0 0 0 0 0 0 0 1 2 3 0 0 0 0 0 0 0 0 0 0 0 0 0 0 1 2 0 0 0 0 0 0 0 0 0
  0 0 0 0 0 0 1 1 0 0 0 0 0 0 0 0 0 0 0 0 0 0 0 0 1 0 0 0 0 0 0 0 0 0 0 0 0 0 0
  0 0 0 0 0 0 0) 