
#(1 1 1 1 1 1 1 1 1 1 1 1 1 1 1 1 1 1 1 1 1 1 1 1 1 1 1 1 1 1 1 24 1 1 1 1 1 1
  1 1 1 1 1 1 1 1 1 24 1 1 1 1 1 1 1 1 1 1 1 1 1 1 1 24 1 1 1 1 1 1 1 1 1 1 1 1
  1 1 1 24 1 1 1 1 1 1 1 1 1 1 1 1 1 1 1 1 1 1 1 1 1 1 1 1 1 1 1 1 1 1 1 1 1 1
  1 1 1 1 1 1 1 1 1 1 1 1 1 1 1 1 1 1 1 1 1 1 1 1 1 1 1 1 1 1 1 1 1 1 1 1 1 1 1
  1 1 0 0 0 0 0 1 1 0 0 0 0 0 0 0 0 0 0 0 0 0 0 3 3 0 0 0 0 0 0 0 0 1 1 1 1 1 1
  3 3 0 0 0 3 3 3 1 1 1 1 1 1 1 1 3 3 0 0 0 3 3 3 1 24 24 24 1 1 1 1 3 3 0 0 0
  3 3 3 1 24 24 24 1 1 1 1 3 3 0 0 0 3 3 3 1 24 24 24 1 1 1 1 1 1 1 1 1 1 1 1 1
  1 1 1 1 1 24 24 1 1 1 1 1 1 1 1 1 1 1 1 1 1 24 24 1 1 1 1 1 1 1 1 1 1 1 1 1 1
  24 24 1 1 1 1 1 1 1 1 1 1 1 1 1 1 24 24 1 1 1 1 1 1 1 1 1 1 1 1 1 1 24 24 1 1
  1 1 1 1 1 1 1 1 1 1 1 1 1 24 1 1 1 1 1 1 1 1 1 1 1 1 1 1 1 1 1 1 1 1 1 1 1 1
  1 1 24 24 24 1 1 1 1 1 1 1 1 1 1 1 1 1 24 24 24 1 1 1 1 1 1 1 1 1 1 1 1 1 24
  24 0 0 0 0 1 1 0 0 0 0 0 0 0 0 0 0 0 0 0 0 2 2 0 0 0 0 0 0 0 0 24 24 24 1 1 1
  2 2 0 0 0 3 3 3 3 24 24 24 24 1 1 1 2 2 0 0 0 3 3 3 3 24 24 24 24 1 1 1 2 2 0
  0 0 3 3 3 24 24 24 24 24 1 1 1 2 2 0 0 0 3 3 3 24 24 24 24 24 1 1 1 1 1 1 1 1
  1 1 1 1 1 1 1 24 24 24 24 1 1 1 1 1 1 1 1 1 1 1 1 3 24 24 12 1 1 1 1 1 1 1 1
  1 1 1 24 24 24 24 12 1 1 1 1 1 1 1 1 1 1 1 24 24 24 24 12 1 1 1 1 1 1 1 1 1 1
  24 24 24 3 24 12 1 1 1 1 1 1 1 1 1 1 24 24 24 1 1 24 1 1 1 1 1 1 1 1 1 1 24
  24 24 1 1 24 1 1 1 1 1 1 1 1 1 1 24 24 24 1 1 24 1 1 1 1 1 1 1 1 1 1 24 24 24
  1 1 24 1 1 1 1 1 1 1 1 1 24 24 24 0 0 0 0 1 1 1 0 0 0 0 0 0 0 0 0 0 0 0 0 0 0
  0 0 0 0 0 0 0 24 24 24 24 24 1 1 0 0 0 0 0 2 2 2 24 24 24 24 24 24 1 1 0 0 0
  0 0 2 2 2 24 12 12 12 24 24 1 1 0 0 0 0 0 2 2 2 24 12 12 12 24 24 3 3 0 0 0 0
  0 2 2 2 24 12 12 12 24 24 3 3 1 1 1 1 1 1 1 1 1 1 24 24 24 24 12 12 1 1 1 1 1
  1 1 1 1 1 24 24 24 24 12 0 1 1 1 1 1 1 1 1 1 1 1 24 24 24 12 0 1 1 1 1 1 1 1
  1 1 1 1 24 24 24 12 0 1 1 1 1 1 1 1 1 1 1 24 24 24 24 12 0 1 1 1 1 1 1 1 1 1
  1 24 24 24 24 24 12 1 1 1 1 1 1 1 1 1 1 24 24 24 24 24 24 1 1 1 1 1 1 1 1 1 1
  12 12 12 24 24 24 1 1 1 1 1 1 1 1 1 1 12 12 12 24 3 24 1 1 1 1 1 1 1 1 1 24
  12 12 0 0 0 0 1 1 1 0 0 0 0 0 0 0 0 0 0 0 0 0 0 0 0 0 0 0 0 0 0 12 12 12 12
  24 1 1 0 0 0 0 0 0 0 0 24 12 12 12 12 24 1 1 0 0 0 0 0 0 0 0 24 0 0 0 12 24 1
  1 0 0 0 0 0 0 0 0 12 0 0 0 12 24 3 3 0 0 0 0 0 0 0 0 12 0 0 0 12 24 3 3 1 1 1
  1 1 1 24 24 24 24 24 24 12 12 0 0 1 1 1 1 1 1 1 24 24 24 24 24 24 12 0 0 1 1
  1 1 1 1 1 24 24 24 3 12 12 12 0 0 1 1 1 1 1 1 1 1 1 1 3 12 12 12 0 0 1 1 1 1
  1 1 1 1 1 1 12 12 12 24 0 0 1 1 1 1 1 1 1 1 1 1 12 12 12 24 24 0 1 1 1 1 1 1
  1 1 1 1 12 12 12 24 24 12 1 1 1 1 1 1 1 1 1 1 0 0 0 24 24 12 1 1 1 1 1 1 1 1
  1 1 0 0 0 24 24 12 1 1 1 1 1 1 1 1 1 12 0 0 0 0 0 0 1 1 1 1 0 0 0 0 0 0 0 0 0
  0 0 0 1 1 1 0 0 0 0 0 0 0 0 0 0 12 1 1 1 1 1 0 0 0 0 0 0 0 0 0 0 12 1 1 1 1 1
  0 0 0 0 0 0 0 0 0 0 12 1 1 0 0 0 0 0 0 0 0 0 0 0 0 0 12 2 2 0 0 0 0 0 0 0 0 0
  0 0 0 0 12 2 2 1 1 1 24 24 24 24 24 24 24 12 12 0 0 0 0 1 1 1 24 24 24 24 24
  24 24 12 12 0 0 0 0 1 1 1 1 24 24 24 24 24 24 24 0 0 0 0 0 1 1 1 1 24 24 24 1
  1 1 3 0 0 0 0 0 1 1 1 1 1 1 1 1 1 1 0 0 0 0 0 0 1 1 1 1 1 1 1 1 1 1 0 0 0 12
  12 0 1 1 1 1 1 1 1 1 1 1 0 0 0 12 12 0 1 1 1 1 1 1 1 1 1 1 0 0 0 12 12 0 1 1
  1 1 1 1 1 1 1 1 0 0 0 12 24 0 1 1 1 1 1 1 1 1 1 0 0 0 0 0 0 0 1 1 1 1 0 0 0 0
  0 0 0 0 0 0 0 0 1 1 1 1 0 0 0 0 0 0 0 0 0 0 1 1 1 1 1 0 0 0 0 0 0 0 0 0 0 0 1
  1 1 1 1 0 0 0 0 0 0 0 0 0 0 0 1 1 1 1 1 0 0 0 0 0 0 0 0 0 0 0 0 0 1 1 1 0 0 0
  0 0 0 0 0 0 0 0 0 0 24 24 24 24 24 24 12 12 12 12 0 0 0 0 0 0 24 24 24 24 24
  24 24 12 12 12 0 0 0 0 0 0 1 24 24 24 24 24 24 12 12 12 24 0 0 0 0 0 1 24 24
  24 24 24 24 24 24 24 2 0 0 0 0 0 1 24 24 24 1 1 1 1 1 1 0 0 0 0 0 0 1 1 1 1 1
  1 1 1 1 1 0 0 0 0 0 0 1 1 1 1 1 1 1 1 1 1 0 0 0 0 0 0 1 1 1 1 1 1 1 1 1 1 0 0
  0 0 0 0 1 1 1 1 1 1 1 1 1 1 0 0 0 0 0 0 1 1 1 1 1 1 1 1 1 0 0 0 0 0 0 0 1 1 1
  1 0 0 0 0 0 0 0 0 0 0 0 0 1 1 1 1 0 0 0 0 0 0 0 0 0 0 1 1 1 1 1 1 0 0 0 0 0 0
  0 0 0 0 1 1 1 1 1 1 0 0 0 0 0 0 0 0 0 0 1 1 1 1 1 0 0 0 3 1 0 0 0 0 0 0 0 0 1
  1 1 0 0 0 1 1 0 0 0 0 0 0 0 0 24 24 24 12 12 12 0 0 0 0 0 0 0 0 0 0 24 24 24
  12 12 12 12 0 0 0 0 0 0 0 0 0 24 24 24 24 12 12 12 0 0 0 0 0 0 0 0 0 24 24 24
  24 12 12 12 24 24 24 0 0 0 0 0 0 24 24 24 24 1 1 1 1 1 1 0 0 0 0 0 0 1 1 1 1
  1 1 1 1 1 1 0 0 0 0 0 0 1 1 1 1 1 1 1 1 1 1 0 0 0 0 0 0 1 1 1 1 1 1 1 1 1 1 0
  0 0 0 0 0 1 1 1 1 1 1 1 1 1 1 0 0 0 0 0 0 1 1 1 1 1 1 1 1 1 0 0 0 0 0 0 0 1 1
  1 1 0 0 0 0 0 0 0 0 0 0 0 0 1 1 1 1 0 0 0 0 0 0 0 0 0 0 1 1 1 1 1 1 0 0 0 0 0
  0 0 0 0 0 1 1 1 1 1 1 0 0 0 0 0 0 0 0 0 0 1 1 1 1 1 1 0 0 3 1 0 0 0 0 0 0 0 0
  1 1 1 0 0 0 1 1 0 0 0 0 0 0 0 0 12 12 12 0 0 0 0 0 0 0 0 0 0 0 0 0 12 12 12 0
  0 0 0 0 0 0 0 0 0 0 0 0 24 12 12 12 0 0 0 0 0 0 0 0 0 0 0 0 24 12 12 12 0 0 0
  12 12 12 0 0 0 0 0 0 24 12 12 12 24 24 24 1 1 1 0 0 0 0 0 0 1 1 1 1 1 1 1 1 1
  1 0 0 0 0 0 0 1 1 1 1 1 1 1 1 1 1 0 0 0 0 0 0 1 1 1 1 1 1 1 1 1 1 0 0 0 0 0 0
  1 1 1 1 1 1 1 1 1 1 0 0 0 0 0 0 1 1 1 1 1 1 1 1 1 0 0 0 0 0 0 0 1 1 1 1 1 0 0
  0 0 0 0 0 0 0 0 0 1 1 1 1 1 0 0 0 0 0 0 0 0 0 1 1 1 1 1 1 0 0 0 0 0 0 0 0 0 0
  1 1 1 1 1 1 0 0 0 0 0 0 0 0 0 0 1 1 1 1 1 1 0 0 2 1 0 0 0 0 0 0 1 1 1 1 1 0 0
  0 1 1 0 0 0 0 0 0 1 1 0 0 0 0 0 0 0 0 0 0 0 0 0 0 0 0 0 0 0 0 0 0 0 0 0 0 0 0
  0 0 0 0 12 0 0 0 0 0 0 0 0 0 0 0 0 0 0 0 12 0 0 0 0 0 0 0 0 0 0 0 0 0 0 0 12
  0 0 0 24 24 24 1 1 1 1 0 0 0 0 0 24 24 24 24 1 1 1 1 1 1 1 0 0 0 0 0 1 1 1 1
  1 1 1 1 1 1 1 0 0 0 0 0 1 1 1 1 1 1 1 1 1 1 0 0 0 0 0 0 1 1 1 1 1 1 1 1 1 1 0
  0 0 0 0 0 1 1 1 1 1 1 1 1 1 1 0 0 0 0 0 0 1 1 1 1 1 0 0 0 0 0 0 0 0 0 0 0 1 1
  1 1 1 0 0 0 0 0 0 0 0 0 1 1 1 1 1 1 1 0 0 0 0 0 0 0 0 0 1 1 1 1 1 1 0 0 0 3 1
  0 0 0 0 0 1 1 1 1 1 1 0 0 0 1 1 0 0 0 0 0 1 1 1 1 1 0 0 0 1 1 1 0 0 0 0 0 1 1
  0 0 0 0 0 0 0 0 0 0 0 0 0 0 0 0 0 0 0 0 0 0 0 0 0 0 0 0 0 0 0 0 0 0 0 0 0 0 0
  0 0 0 0 0 0 0 0 0 0 0 0 0 0 0 0 0 0 0 0 0 0 0 0 0 0 0 0 0 12 12 12 24 24 1 1
  0 0 0 0 0 24 24 24 24 24 24 24 24 24 1 1 1 0 0 0 0 24 24 24 24 24 24 24 24 24
  1 1 1 1 0 0 0 24 24 24 24 24 24 24 24 24 1 1 1 1 0 0 0 24 24 24 24 24 24 24
  24 24 1 1 0 0 0 0 0 24 24 24 24 24 24 24 24 24 1 1 0 0 0 0 0 24 24 24 24 24 0
  0 0 0 0 0 0 0 0 0 0 24 24 24 24 24 0 0 0 0 0 0 0 0 24 24 24 24 24 24 24 24 0
  0 0 24 24 0 0 0 24 24 24 24 24 24 24 0 0 0 24 24 24 0 0 0 24 24 24 24 24 24
  24 0 0 0 24 24 0 0 0 0 24 24 24 24 24 24 0 0 0 24 24 24 0 0 0 0 24 24 24 0 0
  0 0 0 0 0 0 0 0 0 0 0 0 0 0 0 0 0 0 0 0 0 0 0 0 0 0 0 0 0 0 0 0 0 0 0 0 0 0 0
  0 0 0 0 0 0 0 0 0 0 0 0 0 0 0 0 0 0 0 0 0 0 0 0 0 0 0 0 0 0 24 24 24 24 0 0 0
  0 0 12 12 12 12 24 24 24 24 24 24 24 24 0 0 0 0 24 24 24 24 24 24 24 24 24 24
  24 24 24 0 0 0 24 24 24 24 24 24 24 24 24 24 24 24 24 0 0 0 24 24 24 24 24 24
  24 24 24 24 24 24 24 0 0 0 24 24 24 24 24 24 24 24 24 24 24 0 0 0 0 0 24 24
  24 24 24 24 0 0 0 0 0 0 0 0 0 0 24 24 24 24 24 24 0 0 0 24 24 24 24 24 24 24
  24 24 24 24 24 0 0 0 24 24 24 24 24 24 24 24 24 24 24 24 24 0 0 0 24 24 24 24
  24 24 24 24 24 24 24 24 0 0 0 24 24 24 0 0 24 24 24 24 24 24 24 0 0 0 24 24
  24 24 0 0 24 24 24 24 0 0 0 0 0 0 0 0 0 0 0 0 0 0 0 0 0 0 0 0 0 0 0 0 0 0 0 0
  0 0 0 0 0 0 0 0 0 0 0 0 0 0 0 0 0 0 0 0 0 0 0 0 0 0 0 0 0 0 0 0 0 0 0 0 0 0 0
  0 0 0 0 12 12 24 24 0 0 0 0 0 0 0 0 0 12 12 12 12 12 24 24 24 0 0 0 0 12 12
  12 12 12 12 12 12 12 24 24 24 24 0 0 0 12 12 12 12 12 12 12 12 12 24 24 24 24
  0 0 0 12 12 12 12 12 12 12 12 12 24 24 24 24 0 0 0 12 12 12 12 12 12 12 12 12
  24 24 0 0 0 0 0 12 12 12 12 12 12 0 0 0 0 0 0 0 0 0 0 12 12 12 12 12 12 0 0 0
  12 12 12 12 12 12 12 12 12 12 12 12 0 0 0 12 12 12 12 12 12 12 12 12 12 12 12
  12 0 0 0 12 12 12 12 12 12 12 12 12 12 12 12 0 0 0 12 12 12 12 12 12 12 12 12
  12 12 12 0 0 0 12 12 12 12 12 12 12 12 12 12 0 0 0 0 0 0 0 0 0 0 0 0 0 0 0 0
  0 0 0 0 0 0 0 0 0 0 0 0 0 0 0 0 0 0 0 0 0 0 0 0 0 0 0 0 0 0 0 0 0 0 0 0 0 0 0
  0 0 0 0 0 0 0 0 0 0 0 0 0 0 0 0 0 0 12 12 0 0 0 0 0 0 0 0 0 0 0 0 0 0 12 12
  12 0 0 0 0 0 0 0 0 0 0 0 0 0 12 12 12 12 0 0 0 0 0 0 0 0 0 0 0 0 12 12 12 12
  0 0 0 0 0 0 0 0 0 0 0 0 12 12 12 12 0 0 0 0 0 0 0 0 0 0 0 0 12 12 0 0 0 0 0 0
  0 0 0 0 0 0 0 0 0 0 0 0 0 0 0 0 0 0 0 0 0 0 0 0 0 0 0 0 0 0 0 0 0 0 0 0 0 0 0
  0 0 0 0 0 0 0 0 0 0 0 0 0 0 0 0 0 0 0 0 0 0 0 0 0 0 0 0 0 0 0 0 0 0 0 0 0 0 0
  0 0 0 0 0 0 0 0 0 0 0 0 0 0 0 0 0 0 0 0 0 0 0 0 0 0 0 0 0 0 0 0 0 0 0 0 0 0 0
  0 0 0 0 0 0 0 0 0 0 0 0 0 0 0 0 0 0 0 0 0 0 0 0 0 0 0 0 0 0 0 0 0 0 0 0 0 0 0
  0 0 0 0 0 0 0 0 0 0 0 0 0 0 0 0 0 0 0 0 0 0 0 0 0 0 0 0 0 0 0 0 0 0 0 0 0 0 0
  0 0 0 0 0 0 0 0 0 0 0 0 0 0 0 0 0 0 0 0 0 0 0 0 0 0 0 0 0 0 0 0 0 0 0 0 0 0 0
  0 0 0 0 0 0 0 0 0 0 0 0 0 0 0 0 0 0 0 0 0 0 0 0 0 0 0 0 0 0 0 0 0 0 0 0 0 0 0
  0 0 0 0 0 0 0 0 0 0 0 0 0 0 0 0 0 0 0 0 0 0 0 0 0 0 0 0 0 0 0 0 0 0 0 0 0 0 0
  0 0 0 0 0 0 0 0 0 0 0 0 0 0 0 0 0 0 0 0 0 0 0 0 0 0 0 0 0 0 0 0 0 0 0 0 0 0 0
  0 0 0 0 0 0 0 0 0 0 0 0 0 0 0 0 0 0 0 0 0 0 0 0 0 0 0 0 0 0 0 0 0 0 0 0 0 0 0
  0 0 0 0 0 0 0 0 0 0 0 0 0 0 0 0 0 0 0 0 0 0 0 0 0 0 0 0 0 0 0 0 0 0 0 0 0 0 0
  0 0 0 0 0 0 0 0 0 0 0 0 0 0 0 0 0 0 0 0 0 0 0 0 0 0 0 0 0 0 0 0 0 0 0 0 0 0 0
  0 0 0 0 0 0 0 0 0 0 0 0 0 0 0 0 0 0 0 0 0 0 0 0 0 0 0 0 0 0 0 0 0 0 0 0 0 0 0
  0 0 0 0 0 0 0 0 0 0 0 0 0 0 0 0 0 0 0 0 0 0 0 0 0 0 0 0 0 0 0 0 0 0 0 0 0 0 0
  0 0 0 0 0 0 0 0 0 0 0 0 0 0 0 0 0 0 0 0 0 0 0 0 0 0 0 0 0 0 0 0 0 0 0 0 0 0 0
  0 0 0 0 0 0 0 0 0 0 0 0 0 0 0 0 0 0 0 0 0 0) 
#(0 0 0 0 0 0 0 0 0 0 0 0 0 0 0 0 0 0 0 0 0 0 0 0 0 0 0 0 0 0 0 0 0 0 0 0 0 0 0
  0 0 0 0 0 0 0 0 0 0 0 0 0 0 0 0 0 0 0 0 0 0 0 0 0 0 0 0 0 0 0 0 0 0 0 0 0 0 0
  0 0 0 0 0 0 0 0 0 0 0 0 0 0 0 0 0 0 0 0 0 0 0 0 0 0 0 0 0 0 0 0 0 0 0 0 0 0 0
  0 0 0 0 0 0 0 0 0 0 0 0 0 0 0 0 0 0 0 0 0 0 0 0 0 0 0 0 0 0 0 0 0 0 0 0 0 0 0
  0 0 0 0 0 0 0 0 0 0 0 0 0 0 0 0 0 0 0 0 0 0 0 0 0 0 0 0 0 0 0 0 0 0 0 0 0 0 0
  0 0 0 0 0 0 0 0 0 0 0 0 0 0 0 0 0 0 0 0 0 0 0 0 0 0 0 0 0 0 0 0 0 0 0 0 0 0 0
  0 0 0 0 0 0 0 0 0 0 0 0 0 0 0 0 0 0 0 0 0 0 0 0 0 0 0 0 0 0 0 0 0 0 0 0 0 0 0
  0 0 0 0 0 0 0 0 0 0 0 0 0 0 0 0 0 0 0 0 0 0 0 0 0 0 0 0 0 0 0 0 0 0 0 0 0 0 0
  0 0 0 0 0 0 0 0 0 0 0 0 0 0 0 0 0 0 0 0 0 0 0 0 0 0 0 0 0 0 0 0 0 0 0 0 0 0 0
  0 0 0 0 0 0 0 0 0 0 0 0 0 0 0 0 0 0 0 0 0 0 0 0 0 0 0 0 0 0 0 0 0 0 0 0 0 0 0
  0 0 0 0 0 0 0 0 0 0 0 0 0 0 0 0 0 0 0 0 0 0 0 0 0 0 0 0 0 0 0 0 0 0 0 0 0 0 0
  0 0 0 0 0 0 0 0 0 0 0 0 0 0 0 0 0 0 0 0 0 0 0 0 0 0 0 0 0 0 0 0 0 0 0 0 0 0 0
  0 0 0 0 0 0 0 0 0 0 0 0 0 0 0 0 0 0 0 0 0 0 0 0 0 0 0 0 0 0 0 0 0 0 0 0 0 0 0
  0 0 0 0 0 0 0 0 0 0 0 0 0 0 0 0 0 0 0 0 0 0 0 0 0 0 0 0 0 0 0 0 0 0 0 0 0 0 0
  0 0 0 0 0 0 0 0 0 0 0 0 0 0 0 0 0 0 0 0 0 0 0 0 0 0 0 0 0 0 0 0 0 0 0 0 0 0 0
  0 0 0 0 0 0 0 0 0 0 0 0 0 0 0 0 0 0 0 0 0 0 0 0 0 0 0 0 0 0 0 0 0 0 0 0 0 0 0
  0 0 0 0 0 0 0 0 0 0 0 0 0 0 0 0 0 0 0 0 0 0 0 0 0 0 0 0 0 0 0 0 0 0 0 0 0 0 0
  0 0 0 0 0 0 0 0 0 0 0 0 0 0 0 0 0 0 0 0 0 0 0 0 0 0 0 0 0 0 0 0 0 0 0 0 0 0 0
  0 0 0 0 0 0 0 0 0 0 0 0 0 0 0 0 0 0 0 0 0 0 0 0 0 0 0 0 0 0 0 0 0 0 0 0 0 0 0
  0 0 0 0 0 0 0 0 0 0 0 0 0 0 0 0 0 0 0 0 0 0 0 0 0 0 0 0 0 0 0 0 0 0 0 0 0 0 0
  0 0 0 0 0 0 0 0 0 0 0 0 0 0 0 0 0 0 0 0 0 0 0 0 0 0 0 0 0 0 0 0 0 0 0 0 0 0 0
  0 0 0 0 0 0 0 0 0 0 0 0 0 0 0 0 0 0 0 0 0 0 0 0 0 0 0 0 0 0 0 0 0 0 0 0 0 0 0
  0 0 0 0 0 0 0 0 0 0 0 0 0 0 0 0 0 0 0 0 0 0 0 0 0 0 0 0 0 0 0 0 0 0 0 0 0 0 0
  0 0 0 0 0 0 0 0 0 0 0 0 0 0 0 0 0 0 0 0 0 0 0 0 0 0 0 0 0 0 0 0 0 0 0 0 0 0 0
  0 0 0 0 0 0 0 0 0 0 0 0 0 0 0 0 0 0 0 0 0 0 0 0 0 0 0 0 0 0 0 0 0 0 0 0 0 0 0
  0 0 0 0 0 0 0 0 0 0 0 0 0 0 0 0 0 0 0 0 0 0 0 0 0 0 0 0 0 0 0 0 0 0 0 0 0 0 0
  0 0 0 0 0 0 0 0 0 0 0 0 0 0 0 0 0 0 0 0 0 0 0 0 0 0 0 0 0 0 0 0 0 0 0 0 0 0 0
  0 0 0 0 0 0 0 0 0 0 0 0 0 0 0 0 0 0 0 0 0 0 0 0 0 0 0 0 0 0 0 0 0 0 0 0 0 0 0
  0 0 0 0 0 0 0 0 0 0 0 0 0 0 0 0 0 0 0 0 0 0 0 0 0 0 0 0 0 0 0 0 0 0 0 0 0 0 0
  0 0 0 0 0 0 0 0 0 0 0 0 0 0 0 0 0 0 0 0 0 0 0 0 0 0 0 0 0 0 0 0 0 0 0 0 0 0 0
  0 0 0 0 0 0 0 0 0 0 0 0 0 0 0 0 0 0 0 0 0 0 0 0 0 0 0 0 0 0 0 0 0 0 0 0 0 0 0
  0 0 0 0 0 0 0 0 0 0 0 0 0 0 0 0 0 0 0 0 0 0 0 0 0 0 0 0 0 0 0 0 0 0 0 0 0 0 0
  0 0 0 0 0 0 0 0 0 0 0 0 0 0 0 0 0 0 0 0 0 0 0 0 0 0 0 0 0 0 0 0 0 0 0 0 0 0 0
  0 0 0 0 0 0 0 0 0 0 0 0 0 0 0 0 0 0 0 0 0 0 0 0 0 0 0 0 0 0 0 0 0 0 0 0 0 0 0
  0 0 0 0 0 0 0 0 0 0 0 0 0 0 0 0 0 0 0 0 0 0 0 0 0 0 0 0 0 0 0 0 0 0 0 0 0 0 0
  0 0 0 0 0 0 0 0 0 0 0 0 0 0 0 0 0 0 0 0 0 0 0 0 0 0 0 0 0 0 0 0 0 0 0 0 0 0 0
  0 0 0 0 0 0 0 0 0 0 0 0 0 0 0 0 0 0 0 0 0 0 0 0 0 0 0 0 0 0 0 0 0 0 0 0 0 0 0
  0 0 0 0 0 0 0 0 0 0 0 0 0 0 0 0 0 0 0 0 0 0 0 0 0 0 0 0 0 0 0 0 0 0 0 0 0 0 0
  0 0 0 0 0 0 0 0 0 0 0 0 0 0 0 0 0 0 0 0 0 0 0 0 0 0 0 0 0 0 0 0 0 0 0 0 0 0 0
  0 0 0 0 0 0 0 0 0 0 0 0 0 0 0 0 0 0 0 0 0 0 0 0 0 0 0 0 0 0 0 0 0 0 0 0 0 0 0
  0 0 0 0 0 0 0 0 0 0 0 0 0 0 0 0 0 0 0 0 0 0 0 0 0 0 0 0 0 0 0 0 0 0 0 0 0 0 0
  0 0 0 0 0 0 0 0 0 0 0 0 0 0 0 0 0 0 0 0 0 0 0 0 0 0 0 0 0 0 0 0 0 0 0 0 0 0 0
  0 0 0 0 0 0 0 0 0 0 0 0 0 0 0 0 0 0 0 0 0 0 0 0 0 0 0 0 0 0 0 0 0 0 0 0 0 0 0
  0 0 0 0 0 0 0 0 0 0 0 0 0 0 0 0 0 0 0 0 0 0 0 0 0 0 0 0 0 0 0 0 0 0 0 0 0 0 0
  0 0 0 0 0 0 0 0 0 0 0 0 0 0 0 0 0 0 0 0 0 0 0 0 0 0 0 0 0 0 0 0 0 0 0 0 0 0 0
  0 0 0 0 0 0 0 0 0 0 0 0 0 0 0 0 0 0 0 0 0 0 0 0 0 0 0 0 0 0 0 0 0 0 0 0 0 0 0
  0 0 0 0 0 0 0 0 0 0 0 0 0 0 0 0 0 0 0 0 0 0 0 0 0 0 0 0 0 0 0 0 0 0 0 0 0 0 0
  0 0 0 0 0 0 0 0 0 0 0 0 0 0 0 0 0 0 0 0 0 0 0 0 0 0 0 0 0 0 0 0 0 0 0 0 0 0 0
  0 0 0 0 0 0 0 0 0 0 0 0 0 0 0 0 0 0 0 0 0 0 0 0 0 0 0 0 0 0 0 0 0 0 0 0 0 0 0
  0 0 0 0 0 0 0 0 0 0 0 0 0 0 0 0 0 0 0 0 0 0 0 0 0 0 0 0 0 0 0 0 0 0 0 0 0 0 0
  0 0 0 0 0 0 0 0 0 0 0 0 0 0 0 0 0 0 0 0 0 0 0 0 0 0 0 0 0 0 0 0 0 0 0 0 0 0 0
  0 0 0 0 0 0 0 0 0 0 0 0 0 0 0 0 0 0 0 0 0 0 0 0 0 0 0 0 0 0 0 0 0 0 0 0 0 0 0
  0 0 0 0 0 0 0 0 0 0 0 0 0 0 0 0 0 0 0 0 0 0 0 0 0 0 0 0 0 0 0 0 0 0 0 0 0 0 0
  0 0 0 0 0 0 0 0 0 0 0 0 0 0 0 0 0 0 0 0 0 0 0 0 0 0 0 0 0 0 0 0 0 0 0 0 0 0 0
  0 0 0 0 0 0 0 0 0 0 0 0 0 0 0 0 0 0 0 0 0 0 0 0 0 0 0 0 0 0 0 0 0 0 0 0 0 0 0
  0 0 0 0 0 0 0 0 0 0 0 0 0 0 0 0 0 0 0 0 0 0 0 0 0 0 0 0 0 0 0 0 0 0 0 0 0 0 0
  0 0 0 0 0 0 0 0 0 0 0 0 0 0 0 0 0 0 0 0 0 0 0 0 0 0 0 0 0 0 0 0 0 0 0 0 0 0 0
  0 0 0 0 0 0 0 0 0 0 0 0 0 0 0 0 0 0 0 0 0 0 0 0 0 0 0 0 0 0 0 0 0 0 0 0 0 0 0
  0 0 0 0 0 0 0 0 0 0 0 0 0 0 0 0 0 0 0 0 0 0 0 0 0 0 0 0 0 0 0 0 0 0 0 0 0 0 0
  0 0 0 0 0 0 0 0 0 0 0 0 0 0 0 0 0 0 0 0 0 0 0 0 0 0 0 0 0 0 0 0 0 0 0 0 0 0 0
  0 0 0 0 0 0 0 0 0 0 0 0 0 0 0 0 0 0 0 0 0 0 0 0 0 0 0 0 0 0 0 0 0 0 0 0 0 0 0
  0 0 0 0 0 0 0 0 0 0 0 0 0 0 0 0 0 0 0 0 0 0 0 0 0 0 0 0 0 0 0 0 0 0 0 0 0 0 0
  0 0 0 0 0 0 0 0 0 0 0 0 0 0 0 0 0 0 0 0 0 0 0 0 0 0 0 0 0 0 0 0 0 0 0 0 0 0 0
  0 0 0 0 0 0 0 0 0 0 0 0 0 0 0 0 0 0 0 0 0 0 0 0 0 0 0 0 0 0 0 0 0 0 0 0 0 0 0
  0 0 0 0 0 0 0 0 0 0 0 0 0 0 0 0 0 0 0 0 0 0 0 0 0 0 0 0 0 0 0 0 0 0 0 0 0 0 0
  0 0 0 0 0 0 0 0 0 0 0 0 0 0 0 0 0 0 0 0 0 0 0 0 0 0 0 0 0 0 0 0 0 0 0 0 0 0 0
  0 0 0 0 0 0 0 0 0 0 0 0 0 0 0 0 0 0 0 0 0 0 0 0 0 0 0 0 0 0 0 0 0 0 0 0 0 0 0
  0 0 0 0 0 0 0 0 0 0 0 0 0 0 0 0 0 0 0 0 0 0 0 0 0 0 0 0 0 0 0 0 0 0 0 0 0 0 0
  0 0 0 0 0 0 0 0 0 0 0 0 0 0 0 0 0 0 0 0 0 0 0 0 0 0 0 0 0 0 0 0 0 0 0 0 0 0 0
  0 0 0 0 0 0 0 0 0 0 0 0 0 0 0 0 0 0 0 0 0 0 0 0 0 0 0 0 0 0 0 0 0 0 0 0 0 0 0
  0 0 0 0 0 0 0 0 0 0 0 0 0 0 0 0 0 0 0 0 0 0 0 0 0 0 0 0 0 0 0 0 0 0 0 0 0 0 0
  0 0 0 0 0 0 0 0 0 0 0 0 0 0 0 0 0 0 0 0 0 0 0 0 0 0 0 0 0 0 0 0 0 0 0 0 0 0 0
  0 0 0 0 0 0 0 0 0 0 0 0 0 0 0 0 0 0 0 0 0 0 0 0 0 0 0 0 0 0 0 0 0 0 0 0 0 0 0
  0 0 0 0 0 0 0 0 0 0 0 0 0 0 0 0 0 0 0 0 0 0 0 0 0 0 0 0 0 0 0 0 0 0 0 0 0 0 0
  0 0 0 0 0 0 0 0 0 0 0 0 0 0 0 0 0 0 0 0 0 0 0 0 0 0 0 0 0 0 0 0 0 0 0 0 0 0 0
  0 0 0 0 0 0 0 0 0 0 0 0 0 0 0 0 0 0 0 0 0 0 0 0 0 0 0 0 0 0 0 0 0 0 0 0 0 0 0
  0 0 0 0 0 0 0 0 0 0 0 0 0 0 0 0 0 0 0 0 0 0 0 0 0 0 0 0 0 0 0 0 0 0 0 0 0 0 0
  0 0 0 0 0 0 0 0 0 0 0 0 0 0 0 0 0 0 0 0 0 0 0 0 0 0 0 0 0 0 0 0 0 0 0 0 0 0 0
  0 0 0 0 0 0 0 0 0 0 0 0 0 0 0 0 0 0 0 0 0 0 0 0 0 0 0 0 0 0 0 0 0 0 0 0 0 0 0
  0 0 0 0 0 0 0 0 0 0 0 0 0 0 0 0 0 0 0 0 0 0 0 0 0 0 0 0 0 0 0 0 0 0 0 0 0 0 0
  0 0 0 0 0 0 0 0 0 0 0 0 0 0 0 0 0 0 0 0 0 0 0 0 0 0 0 0 0 0 0 0 0 0 0 0 0 0 0
  0 0 0 0 0 0 0 0 0 0 0 0 0 0 0 0 0 0 0 0 0 0 0 0 0 0 0 0 0 0 0 0 0 0 0 0 0 0 0
  0 0 0 0 0 0 0 0 0 0 0 0 0 0 0 0 0 0 0 0 0 0 0 0 0 0 0 0 0 0 0 0 0 0 0 0 0 0 0
  0 0 0 0 0 0 0 0 0 0 0 0 0 0 0 0 0 0 0 0 0 0 0 0 0 0 0 0 0 0 0 0 0 0 0 0 0 0 0
  0 0 0 0 0 0 0 0 0 0 0 0 0 0 0 0 0 0 0 0 0 0 0 0 0 0 0 0 0 0 0 0 0 0 0 0 0 0 0
  0 0 0 0 0 0 0 0 0 0 0 0 0 0 0 0 0 0 0 0 0 0 0 0 0 0 0 0 0 0 0 0 0 0 0 0 0 0 0
  0 0 0 0 0 0 0 0 0 0 0 0 0 0 0 0 0 0 0 0 0 0 0 0 0 0 0 0 0 0 0 0 0 0 0 0 0 0 0
  0 0 0 0 0 0 0 0 0 0 0 0 0 0 0 0 0 0 0 0 0 0 0 0 0 0 0 0 0 0 0 0 0 0 0 0 0 0 0
  0 0 0 0 0 0 0 0 0 0 0 0 0 0 0 0 0 0 0 0 0 0 0 0 0 0 0 0 0 0 0 0 0 0 0 0 0 0 0
  0 0 0 0 0 0 0 0 0 0 0 0 0 0 0 0 0 0 0 0 0 0 0 0 0 0 0 0 0 0 0 0 0 0 0 0 0 0 0
  0 0 0 0 0 0 0 0 0 0 0 0 0 0 0 0 0 0 0 0 0 0 0 0 0 0 0 0 0 0 0 0 0 0 0 0 0 0 0
  0 0 0 0 0 0 0 0 0 0 0 0 0 0 0 0 0 0 0 0 0 0 0 0 0 0 0 0 0 0 0 0 0 0 0 0 0 0 0
  0 0 0 0 0 0 0 0 0 0 0 0 0 0 0 0 0 0 0 0 0 0 0 0 0 0 0 0 0 0 0 0 0 0 0 0 0 0 0
  0 0 0 0 0 0 0 0 0 0 0 0 0 0 0 0 0 0 0 0 0 0 0 0 0 0 0 0 0 0 0 0 0 0 0 0 0 0 0
  0 0 0 0 0 0 0 0 0 0 0 0 0 0 0 0 0 0 0 0 0 0 0 0 0 0 0 0 0 0 0 0 0 0 0 0 0 0 0
  0 0 0 0 0 0 0 0 0 0 0 0 0 0 0 0 0 0 0 0 0 0 0 0 0 0 0 0 0 0 0 0 0 0 0 0 0 0 0
  0 0 0 0 0 0 0 0 0 0 0 0 0 0 0 0 0 0 0 0 0 0 0 0 0 0 0 0 0 0 0 0 0 0 0 0 0 0 0
  0 0 0 0 0 0 0 0 0 0 0 0 0 0 0 0 0 0 0 0 0 0 0 0 0 0 0 0 0 0 0 0 0 0 0 0 0 0 0
  0 0 0 0 0 0 0 0 0 0 0 0 0 0 0 0 0 0 0 0 0 0 0 0 0 0 0 0 0 0 0 0 0 0 0 0 0 0 0
  0 0 0 0 0 0 0 0 0 0 0 0 0 0 0 0 0 0 0 0 0 0 0 0 0 0 0 0 0 0 0 0 0 0 0 0 0 0 0
  0 0 0 0 0 0 0 0 0 0 0 0 0 0 0 0 0 0 0 0 0 0 0 0 0 0 0 0 0 0 0 0 0 0 0 0 0 0 0
  0 0 0 0 0 0 0 0 0 0 0 0 0 0 0 0 0 0 0 0 0 0 0 0 0 0 0 0 0 0 0 0 0 0 0 0 0 0 0
  0 0 0 0 0 0 0 0 0 0 0 0 0 0 0 0 0 0 0 0 0 0 0 0 0 0 0 0 0 0 0 0 0 0 0 0 0 0 0
  0 0 0 0 0 0 0 0 0 0 0 0 0 0 0 0 0 0 0 0 0 0 0 0 0 0 0 0 0 0 0 0 0 0 0 0 0 0 0
  0 0 0 0 0 0 0 0 0 0 0 0 0 0 0 0 0 0 0 0 0 0 0 0 0 0 0 0 0 0 0 0 0 0 0 0 0 0 0
  0) 
#(0 0 0 0 0 0 0 0 0 0 0 0 0 0 0 0 0 0 0 0 0 0 0 0 0 0 0 0 0 0 0 0 0 0 0 0 0 0 0
  0 0 0 0 0 0 0 0 0 0 0 0 0 0 0 0 0 0 0 0 0 0 0 0 0 0 0 0 0 0 0 0 0 0 0 0 0 0 0
  0 0 0 0 0 0 0 0 0 0 0 0 0 0 0 0 0 0 0 0 0 0 0 0 0 0 0 0 0 0 0 0 0 0 0 0 0 0 0
  0 0 0 0 0 0 0 0 0 0 0 0 0 0 0 0 0 0 0 0 0 0 0 0 0 0 0 0 0 0 0 0 0 0 0 0 0 0
  14 15 15 15 15 0 0 11 12 13 14 15 15 15 15 15 15 15 15 15 15 0 0 11 12 13 14
  15 15 15 14 0 0 0 0 0 0 0 0 11 12 13 0 0 0 0 0 0 0 0 0 0 0 0 0 12 13 14 0 0 0
  0 0 0 0 0 0 0 0 0 0 13 14 15 0 0 0 0 0 0 0 0 0 0 0 0 0 14 15 0 0 0 0 0 0 0 0
  0 0 0 0 0 0 0 0 0 0 0 0 0 0 0 0 0 0 0 0 0 0 0 0 0 0 0 0 0 0 0 0 0 0 0 0 0 0 0
  0 0 0 0 0 0 0 0 0 0 0 0 0 0 0 0 0 0 0 0 0 0 0 0 0 0 0 0 0 0 0 0 0 0 0 0 0 0 0
  0 0 0 0 0 0 0 0 0 0 0 0 0 0 0 0 0 0 0 0 0 0 0 0 0 0 0 0 0 0 0 0 0 0 0 0 0 0 0
  0 0 0 0 0 0 0 0 0 0 0 0 0 0 0 0 0 0 0 0 0 0 0 0 0 0 0 0 0 0 0 0 0 0 0 0 0 0 0
  0 0 0 0 15 15 15 15 0 0 11 12 13 14 15 15 15 15 15 15 15 15 15 15 0 0 11 12
  13 14 15 15 15 14 0 0 0 0 0 0 0 0 11 12 13 0 0 0 0 0 0 0 0 0 0 0 0 0 12 13 14
  0 0 0 0 0 0 0 0 0 0 0 0 0 13 14 15 0 0 0 0 0 0 0 0 0 0 0 0 0 14 15 15 0 0 0 0
  0 0 0 0 0 0 0 0 0 0 0 0 0 0 0 0 0 0 0 0 0 0 0 0 0 0 0 0 0 0 0 0 0 0 0 0 0 0 0
  0 0 0 0 0 0 0 0 0 0 0 0 0 0 0 0 0 0 0 0 0 0 0 0 0 0 0 0 0 0 0 0 0 0 0 0 0 0 0
  0 0 0 0 0 0 0 0 0 0 0 0 0 0 0 0 0 0 0 0 0 0 0 0 0 0 0 0 0 0 0 0 0 0 0 0 0 0 0
  0 0 0 0 0 0 0 0 0 0 0 0 0 0 0 0 0 0 0 0 0 0 0 0 0 0 0 0 0 0 0 0 0 0 0 0 0 0 0
  0 0 0 0 0 0 0 15 15 15 15 0 0 0 12 13 14 15 15 15 15 15 15 15 15 15 15 9 10
  11 12 13 14 15 15 15 0 0 0 0 0 0 0 9 10 11 12 13 0 0 0 0 0 0 0 0 0 0 0 10 11
  12 13 14 0 0 0 0 0 0 0 0 0 0 0 11 12 13 14 15 0 0 0 0 0 0 0 0 0 0 0 12 13 14
  15 15 0 0 0 0 0 0 0 0 0 0 0 0 0 0 0 0 0 0 0 0 0 0 0 0 0 0 0 0 0 0 0 0 0 0 0 0
  0 0 0 0 0 0 15 0 0 0 0 0 0 0 0 0 0 0 0 0 0 0 15 0 0 0 0 0 0 0 0 0 0 0 0 0 0 0
  15 0 0 0 0 0 0 0 0 0 0 0 0 0 0 0 15 0 0 0 0 0 0 0 0 0 0 0 0 0 0 0 0 0 0 0 0 0
  0 0 0 0 0 0 0 0 0 0 0 0 0 0 0 0 0 0 0 0 0 0 0 0 0 0 0 0 0 0 0 0 0 0 0 0 0 0 0
  0 0 0 0 0 0 0 0 0 0 0 0 0 0 0 0 15 15 15 15 0 0 0 12 13 14 15 15 15 15 15 15
  15 15 15 15 8 9 0 12 13 14 15 15 15 0 0 0 0 0 0 0 9 10 0 13 14 15 13 14 0 0 0
  0 0 0 0 0 10 11 0 13 14 15 12 13 0 11 11 11 0 0 0 0 11 12 13 14 15 0 13 12 0
  10 10 10 0 0 0 0 12 13 14 15 15 0 12 11 0 10 10 10 0 0 0 0 0 0 0 0 0 0 0 0 0
  0 0 0 0 0 15 15 0 0 0 0 0 0 0 0 0 0 0 0 0 0 15 15 0 0 0 0 0 0 0 0 0 0 0 0 0 0
  15 15 0 0 0 0 0 0 0 0 0 0 0 0 0 0 15 15 0 0 0 0 0 0 0 0 0 0 0 0 0 0 15 15 0 0
  0 0 0 0 0 0 0 0 0 0 0 0 0 15 0 0 0 0 0 0 0 0 0 0 0 0 0 0 0 0 0 0 0 0 0 0 0 0
  0 0 12 13 13 0 0 0 0 0 0 0 0 0 0 0 0 0 13 14 14 0 0 0 0 0 0 0 0 0 0 0 0 0 14
  15 15 15 15 15 0 0 0 0 13 14 15 15 15 15 15 15 15 15 15 15 0 0 0 12 13 14 15
  15 15 14 14 14 14 0 0 0 0 0 0 13 14 15 12 14 14 13 13 13 13 0 0 0 0 0 0 13 14
  15 11 13 13 12 12 12 12 0 0 0 11 12 13 14 15 15 14 13 12 11 11 11 11 0 0 0 12
  13 14 15 15 0 13 12 11 10 10 10 10 0 0 0 0 0 0 0 0 0 0 0 0 0 0 0 15 15 15 15
  0 0 0 0 0 0 0 0 0 0 0 0 15 15 15 15 0 0 0 0 0 0 0 0 0 0 0 15 15 15 15 15 0 0
  0 0 0 0 0 0 0 0 0 15 15 15 15 15 0 0 0 0 0 0 0 0 0 0 14 15 15 15 15 15 0 0 0
  0 0 0 0 0 0 0 13 14 15 0 0 15 0 0 0 0 0 0 0 0 0 0 12 13 14 0 0 15 0 0 0 0 0 0
  0 0 0 0 12 13 13 0 0 15 0 0 0 0 0 0 0 0 0 0 13 14 14 0 0 15 0 0 0 0 0 0 0 0 0
  14 14 15 15 15 15 15 0 0 0 0 13 14 15 15 15 15 15 15 15 15 15 15 0 0 0 0 13
  14 15 15 15 14 14 14 14 14 0 0 0 0 0 13 14 15 11 14 14 13 13 13 13 13 0 0 0 0
  0 13 14 15 10 13 13 12 12 12 12 12 0 0 0 0 0 14 15 15 14 13 12 11 11 11 11 11
  10 9 0 0 0 15 15 15 14 13 12 11 10 10 10 10 9 8 0 0 0 0 0 0 0 0 0 0 15 15 15
  15 15 15 0 0 0 0 0 0 0 0 0 0 15 15 15 15 15 15 0 0 0 0 0 0 0 0 0 0 0 15 15 15
  15 15 0 0 0 0 0 0 0 0 0 0 0 15 15 15 15 15 0 0 0 0 0 0 0 0 0 0 14 15 15 15 15
  15 0 0 0 0 0 0 0 0 0 0 13 14 15 15 15 15 0 0 0 0 0 0 0 0 0 0 12 13 14 15 15
  15 0 0 0 0 0 0 0 0 0 0 12 13 14 15 15 15 0 0 0 0 0 0 0 0 0 0 13 14 14 14 15
  15 0 0 0 0 0 0 0 0 0 14 14 15 15 15 15 15 0 0 0 0 13 14 15 15 15 15 15 15 15
  15 15 15 0 0 0 0 13 14 15 15 15 14 14 14 14 14 0 0 0 0 0 0 14 15 15 8 14 13
  13 13 13 13 0 0 0 0 0 0 14 15 9 8 13 12 12 12 12 12 0 0 0 0 0 14 15 15 0 0 12
  11 11 11 11 11 10 9 0 0 0 15 15 15 0 0 11 10 10 10 10 10 9 8 0 0 0 0 0 0 15
  15 15 15 15 15 15 15 15 15 0 0 0 0 0 0 0 15 15 15 15 15 15 15 15 15 0 0 0 0 0
  0 0 15 15 15 15 15 15 15 15 15 0 0 0 0 0 0 0 0 0 0 15 15 15 15 15 15 0 0 0 0
  0 0 0 0 0 0 14 15 15 15 15 15 0 0 0 0 0 0 0 0 0 0 13 14 15 15 15 15 0 0 0 0 0
  0 0 0 0 0 12 13 14 15 15 15 0 0 0 0 0 0 0 0 0 0 12 13 14 15 15 15 0 0 0 0 0 0
  0 0 0 0 13 14 14 14 15 15 0 0 0 0 0 0 0 0 0 14 14 15 15 15 15 15 0 0 0 0 13
  14 15 15 15 15 15 15 15 15 15 15 0 0 0 0 13 14 15 15 15 14 14 14 14 14 0 0 0
  0 0 0 14 15 15 9 14 13 13 13 13 13 0 0 0 0 0 0 14 15 15 8 13 12 12 12 12 12 0
  0 0 0 0 0 15 15 0 0 12 11 11 11 11 11 10 9 0 0 0 15 15 15 0 0 11 10 10 10 10
  10 9 8 0 0 0 15 15 15 15 15 15 15 15 15 15 15 15 15 0 0 0 15 15 15 15 15 15
  15 15 15 15 15 15 15 0 0 0 0 15 15 15 15 15 15 15 15 15 15 15 15 0 0 0 0 15
  15 15 0 0 0 15 15 15 15 15 15 0 0 0 0 0 0 0 0 0 0 14 15 15 15 15 15 0 0 0 0 0
  0 0 0 0 0 13 14 15 15 15 15 0 0 0 0 0 0 0 0 0 0 12 13 14 15 15 15 0 0 0 0 0 0
  0 0 0 0 12 13 14 15 15 15 0 0 0 0 0 0 0 0 0 0 13 14 14 14 15 15 0 0 0 0 0 0 0
  0 0 14 14 15 15 15 15 15 0 0 0 0 0 14 15 15 15 15 15 15 15 15 15 15 0 0 0 0 0
  14 15 15 15 14 14 14 14 14 0 0 0 0 0 0 14 15 15 10 11 13 13 13 13 13 0 0 0 0
  0 0 14 15 15 9 12 12 12 12 12 12 0 0 0 0 0 0 15 15 0 0 11 11 11 11 11 11 0 0
  0 0 0 15 15 15 0 0 10 10 10 10 10 10 0 0 15 15 15 15 15 15 15 15 15 15 15 15
  15 15 15 15 15 15 15 15 15 15 15 15 15 15 15 15 15 15 15 15 0 15 15 15 15 15
  15 15 15 15 15 15 15 15 15 15 0 15 15 15 15 15 15 15 15 15 15 15 15 15 15 15
  0 15 15 15 0 0 0 0 0 0 0 15 15 15 15 15 0 0 0 0 0 0 0 0 0 0 0 14 15 15 15 15
  0 0 0 0 0 0 0 0 0 0 0 13 14 15 15 15 0 0 0 0 0 0 0 0 0 0 12 13 14 15 15 15 0
  0 0 0 0 0 0 0 0 0 13 14 14 14 15 15 0 0 0 0 0 0 0 0 0 0 14 15 15 15 15 15 0 0
  0 0 0 14 15 15 15 15 15 15 15 15 15 15 0 0 0 0 0 14 15 15 15 14 14 14 14 14 0
  0 0 0 0 0 0 15 15 15 12 13 13 13 13 13 0 0 0 0 0 0 14 15 15 0 0 12 12 12 12
  12 0 0 0 0 0 0 15 15 15 0 0 11 11 11 11 11 0 0 0 0 0 15 15 15 0 0 0 10 10 10
  10 10 0 0 15 15 15 15 15 15 15 15 15 15 15 15 15 15 15 15 15 15 15 15 15 15
  15 15 15 15 15 15 15 15 15 15 15 15 15 15 15 15 15 15 15 15 15 15 15 15 15 15
  15 15 15 15 15 15 15 15 15 15 15 15 15 15 15 15 15 15 15 15 0 0 0 0 0 0 0 15
  15 15 15 15 0 0 0 0 0 0 0 0 0 0 0 0 15 15 15 15 0 0 0 0 0 0 0 0 0 0 0 0 0 15
  15 15 0 0 0 0 0 0 0 0 0 0 0 0 0 15 15 15 0 0 0 0 0 0 0 0 0 0 0 14 14 14 15 15
  0 0 0 0 0 0 0 0 0 0 0 15 15 15 15 15 0 0 0 0 0 14 15 15 15 15 15 15 15 15 15
  15 0 0 0 0 0 14 15 15 15 14 14 14 14 0 0 0 0 0 0 0 0 15 15 15 0 0 13 13 13 0
  0 0 0 0 0 0 14 15 15 0 0 0 12 12 12 0 0 0 0 0 0 0 15 15 15 0 0 10 11 11 11 0
  0 0 0 0 0 15 15 15 0 0 0 10 10 10 10 0 0 0 15 15 15 15 15 15 15 15 15 15 15
  15 15 15 15 15 15 15 15 15 15 15 15 15 15 15 15 15 15 15 15 15 15 15 15 15 15
  15 15 15 15 15 15 15 15 15 15 15 15 15 15 15 15 15 15 15 15 15 15 15 15 15 15
  15 15 15 15 15 15 15 15 0 0 0 0 15 15 15 15 15 0 0 0 0 0 0 0 0 0 0 0 0 15 15
  15 15 0 0 0 0 0 0 0 0 0 0 0 0 0 15 15 15 0 0 0 0 0 0 0 0 0 0 0 0 0 15 15 15 0
  0 0 0 0 0 0 0 0 0 0 0 0 14 15 15 0 0 0 0 0 0 0 0 0 0 0 15 15 15 15 15 0 0 0 0
  0 0 15 15 15 15 15 15 15 15 15 15 0 0 0 0 0 0 15 15 15 0 0 0 0 0 0 0 0 0 0 0
  0 15 15 15 0 0 0 0 0 0 0 0 0 0 0 0 0 15 15 15 0 0 0 0 0 0 0 0 0 0 0 0 15 15
  15 0 0 0 10 10 0 0 0 0 0 0 0 15 15 15 0 0 0 0 10 10 0 0 0 0 15 15 15 15 15 15
  15 15 15 15 15 15 15 15 15 15 15 15 15 15 15 15 15 15 15 15 15 15 15 15 15 15
  15 15 15 15 15 15 15 15 15 15 15 15 15 15 15 15 15 15 15 15 15 15 15 15 15 15
  15 15 15 15 15 15 15 15 15 15 15 15 15 0 0 0 0 15 15 15 15 15 15 15 15 15 0 0
  0 0 0 0 0 0 15 15 15 15 0 0 0 0 0 0 0 0 0 0 0 0 0 15 15 15 0 0 0 0 0 0 0 0 0
  0 0 0 0 15 15 15 0 0 0 0 0 0 0 0 0 0 0 0 0 14 15 15 0 0 0 0 0 0 0 0 0 0 0 15
  15 15 15 15 0 0 0 0 0 0 15 15 15 15 15 15 15 15 15 15 0 0 0 0 0 0 15 15 15 0
  0 0 0 0 0 0 0 0 0 0 0 15 15 15 0 0 0 0 0 0 0 0 0 0 0 0 0 15 15 15 0 0 0 0 0 0
  0 0 0 0 0 0 15 15 15 0 0 0 0 0 0 0 0 0 0 0 0 15 15 15 0 0 0 0 0 0 0 0 0 0 15
  15 15 15 15 15 15 15 15 15 15 15 15 15 15 15 15 15 15 15 15 15 15 15 15 15 15
  15 15 15 15 15 15 15 15 15 15 15 15 15 15 15 15 15 15 15 15 15 15 15 15 15 15
  15 15 15 15 15 15 15 15 15 15 15 15 15 15 15 15 15 15 15 15 0 0 15 15 15 15
  15 15 15 15 15 15 15 15 15 15 0 0 0 15 15 15 15 15 15 15 15 15 15 15 15 15 0
  0 0 0 15 15 15 15 15 15 15 15 15 15 15 15 0 0 0 0 15 15 15 15 15 15 15 15 15
  15 15 15 0 0 0 0 14 15 15 15 15 15 15 15 15 15 15 15 0 0 15 15 15 15 15 15 15
  15 15 15 15 15 15 15 15 15 15 15 15 15 15 15 15 15 15 15 15 15 15 15 15 15 15
  15 15 15 15 15 15 15 15 15 15 15 15 15 15 15 15 15 15 15 15 15 15 15 15 15 15
  15 15 15 15 15 15 15 15 15 15 15 15 15 15 15 15 15 15 15 15 15 15 15 15 15 15
  15 15 15 15 15 15 15 15 15 15 15 15 15 15 15 15 15 15 15 15 15 15 15 15 15 15
  15 15 15 15 15 15 15 15 15 15 15 15 15 15 15 15 15 15 15 15 15 15 15 15 15 15
  15 15 15 15 15 15 15 15 15 15 15 15 15 15 15 15 15 15 15 15 15 15 15 15 15 15
  15 15 15 15 15 15 15 15 15 15 15 15 15 15 15 15 15 15 15 15 15 15 15 15 15 15
  15 15 15 15 15 15 15 15 15 15 15 15 15 15 15 15 15 15 15 15 15 15 15 15 15 15
  15 15 15 15 15 15 15 15 15 15 15 15 15 15 15 15 15 15 15 15 15 15 15 15 15 15
  15 15 15 15 15 15 15 15 15 15 15 15 15 15 15 15 15 15 15 15 15 15 15 15 15 15
  15 15 15 15 15 15 15 15 15 15 15 15 15 15 15 15 15 15 15 15 15 15 15 15 15 15
  15 15 15 15 15 15 15 15 15 15 15 15 15 15 15 15 15 15 15 15 15 15 15 15 15 15
  15 15 15 15 15 15 15 15 15 15 15 15 15 15 15 15 15 15 15 15 15 15 15 15 15 15
  15 15 15 15 15 15 15 15 15 15 15 15 15 15 15 15 15 15 15 15 15 15 15 15 15 15
  15 15 15 15 15 15 15 15 15 15 15 15 15 15 15 15 15 15 15 15 15 15 15 15 15 15
  15 15 15 15 15 15 15 15 15 15 15 15 15 15 15 15 15 15 15 15 15 15 15 15 15 15
  15 15 15 15 15 15 15 15 15 15 15 15 15 15 15 15 15 15 15 15 15 15 15 15 15 15
  15 15 15 15 15 15 15 15 15 15 15 15 15 15 15 15 15 15 15 15 15 15 15 15 15 15
  15 15 15 15 15 15 15 15 15 15 15 15 15 15 15 15 15 15 15 15 15 15 15 15 15 15
  15 15 15 15 15 15 15 15 15 15 15 15 15 15 15 15 15 15 15 15 15 15 15 15 15 15
  15 15 15 15 15 15 15 15 15 15 15 15 15 15 15 15 15 15 15 15 15 15 15 15 15 15
  15 15 15 15 15 15 15 15 15 15 15 15 15 15 15 15 15 15 15 15 15 15 15 15 15 15
  15 15 15 15 15 15 15 15 15 15 15 15 15 15 15 15 15 15 15 15 15 15 15 15 15 15
  15 15 15 15 15 15 15 15) 