
#(83 0 0 0 0 0 0 0 0 0 0 0 0 0 0 49 0 0 49 57 49 88 49 0 49 88 49 57 49 88 49
  88 0 49 88 57 88 58 88 0 88 58 88 57 88 58 88 49 0 88 58 88 58 88 49 0 49 88
  58 88 58 88 49 0 0 49 88 58 88 57 0 0 57 57 88 58 88 57 0 49 0 57 57 88 83 88
  49 57 58 88 58 88 58 88 49 88 0 49 88 58 58 58 88 57 88 58 88 57 88 58 88 49
  0 88 58 58 58 83 58 88 58 88 49 0 49 88 49 0 0 49 88 58 58 83 58 83 88 57 0 0
  0 0 0 49 57 57 57 88 58 58 58 88 58 88 49 57 49 88 49 88 88 58 88 58 58 58 88
  57 88 58 88 57 88 58 88 49 88 88 58 58 58 88 49 0 83 88 83 88 58 88 49 0 88
  58 58 58 88 57 0 0 57 57 88 58 88 57 0 49 1 58 58 88 58 88 49 0 49 88 58 88
  58 88 49 88 1 58 88 57 88 58 88 0 88 58 88 57 88 83 88 3 1 88 49 0 49 88 49 0
  49 88 49 0 49 88 83 0 88 0 0 0 0 0 0 0 0 0 0 0 0 0 0 88 83 0 0 0 0 0 0 0 0 0
  0 0 0 0 0 58 88 0 0 0 0 0 0 0 0 0 0 0 0 0 0 88 83 0 0 0 0 0 0 0 0 0 0 0 0 0 0
  57 57 0 0 0 0 0 0 0 0 0 0 0 0 0 0 88 49 0 0 0 0 0 0 0 0 0 0 0 0 0 0 58 88 0 0
  0 0 0 0 0 0 0 0 0 0 0 0 88 49 0 0 0 0 0 0 0 0 0 0 0 0 0 0 0 0 0 0 0 0 0 0 0 0
  0 0 0 0 0 0 88 49 0 0 0 0 0 0 0 0 0 0 0 0 0 0 58 88 0 0 0 0 0 0 0 0 0 0 0 0 0
  0 88 58 0 0 0 0 0 0 0 0 0 0 0 0 0 0 57 58 0 0 0 0 0 0 0 0 0 0 0 0 0 0 88 58 0
  0 0 0 0 0 0 0 0 0 0 0 0 0 58 58 0 0 0 0 0 0 0 0 0 0 0 0 0 0 88 58 0 0 0 0 0 0
  0 0 0 0 0 0 0 0 0 57 0 0 0 0 0 0 0 0 0 0 0 0 0 0 49 88 0 0 0 0 0 0 0 0 0 0 0
  0 0 0 88 83 0 0 0 0 0 0 0 0 0 0 0 0 0 0 58 88 0 0 0 0 0 0 0 0 0 0 0 0 0 0 88
  57 0 0 0 0 0 0 0 0 0 0 0 0 0 0 58 88 0 0 0 0 0 0 0 0 0 0 0 0 0 0 88 58 0 0 0
  0 0 0 0 0 0 0 0 0 0 0 49 88 0 0 0 0 0 0 0 0 0 0 0 0 0 0 0 0 0 0 0 0 0 0 0 0 0
  0 0 0 0 0 49 88 0 0 0 0 0 0 0 0 0 0 0 0 0 0 88 58 0 0 0 0 0 0 0 0 0 0 0 0 0 0
  58 58 0 0 0 0 0 0 0 0 0 0 0 0 0 0 88 58 0 0 0 0 0 0 0 0 0 0 0 0 0 0 58 58 0 0
  0 0 0 0 0 0 0 0 0 0 0 0 88 58 0 0 0 0 0 0 0 0 0 0 0 0 0 0 49 88 0 0 0 0 0 0 0
  0 0 0 0 0 0 0 0 0 0 0 0 0 0 0 0 0 0 0 0 0 0 0 0 49 0 0 0 0 0 0 0 0 0 0 0 0 0
  0 57 88 0 0 0 0 0 0 0 0 0 0 0 0 0 0 88 58 0 0 0 0 0 0 0 0 0 0 0 0 0 0 58 88 0
  0 0 0 0 0 0 0 0 0 0 0 0 0 88 58 0 0 0 0 0 0 0 0 0 0 0 0 0 0 57 88 0 0 0 0 0 0
  0 0 0 0 0 0 0 0 57 49 0 0 0 0 0 0 0 0 0 0 0 0 0 0 0 0 0 0 0 0 0 0 0 0 0 0 0 0
  0 0 0 49 0 0 0 0 0 0 0 0 0 0 0 0 0 0 57 58 0 0 0 0 0 0 0 0 0 0 0 0 0 0 88 58
  0 0 0 0 0 0 0 0 0 0 0 0 0 0 58 58 0 0 0 0 0 0 0 0 0 0 0 0 0 0 88 58 0 0 0 0 0
  0 0 0 0 0 0 0 0 0 57 88 0 0 0 0 0 0 0 0 0 0 0 0 0 0 57 49 0 0 0 0 0 0 0 0 0 0
  0 0 0 0 0 0 0 0 0 0 0 0 0 0 0 0 0 0 0 0 49 57 0 0 0 0 0 0 0 0 0 0 0 0 0 0 88
  57 0 0 0 0 0 0 0 0 0 0 0 0 0 0 58 88 0 0 0 0 0 0 0 0 0 0 0 0 0 0 88 58 0 0 0
  0 0 0 0 0 0 0 0 0 0 0 58 88 0 0 0 0 0 0 0 0 0 0 0 0 0 0 88 57 0 0 0 0 0 0 0 0
  0 0 0 0 0 0 49 0 0 0 0 0 0 0 0 0 0 0 0 0 0 0 0 0 0 0 0 0 0 0 0 0 0 0 0 0 0 0
  49 49 0 0 0 0 0 0 0 0 0 0 0 0 0 0 88 58 0 0 0 0 0 0 0 0 0 0 0 0 0 0 58 58 0 0
  0 0 0 0 0 0 0 0 0 0 0 0 88 58 0 0 0 0 0 0 0 0 0 0 0 0 0 0 58 88 0 0 0 0 0 0 0
  0 0 0 0 0 0 0 88 57 0 0 0 0 0 0 0 0 0 0 0 0 0 0 49 0 0 0 0 0 0 0 0 0 0 0 0 0
  0 0 0 0 0 0 0 0 0 0 0 0 0 0 0 0 0 0 88 49 0 0 0 0 0 0 0 0 0 0 0 0 0 0 58 88 0
  0 0 0 0 0 0 0 0 0 0 0 0 0 88 58 0 0 0 0 0 0 0 0 0 0 0 0 0 0 57 88 0 0 0 0 0 0
  0 0 0 0 0 0 0 0 88 58 0 0 0 0 0 0 0 0 0 0 0 0 0 0 58 58 0 0 0 0 0 0 0 0 0 0 0
  0 0 0 88 49 0 0 0 0 0 0 0 0 0 0 0 0 0 0 57 49 0 0 0 0 0 0 0 0 0 0 0 0 0 0 88
  58 0 0 0 0 0 0 0 0 0 0 0 0 0 0 58 58 0 0 0 0 0 0 0 0 0 0 0 0 0 0 88 58 0 0 0
  0 0 0 0 0 0 0 0 0 0 0 57 88 0 0 0 0 0 0 0 0 0 0 0 0 0 0 88 58 0 0 0 0 0 0 0 0
  0 0 0 0 0 0 58 88 0 0 0 0 0 0 0 0 0 0 0 0 0 0 88 49 0 0 0 0 0 0 0 0 0 0 0 0 0
  0 0 0 0 0 0 0 0 0 0 0 0 0 0 0 0 0 49 88 0 0 0 0 0 0 0 0 0 0 0 0 0 0 88 58 0 0
  0 0 0 0 0 0 0 0 0 0 0 0 49 88 0 0 0 0 0 0 0 0 0 0 0 0 0 0 57 57 0 0 0 0 0 0 0
  0 0 0 0 0 0 0 49 88 0 0 0 0 0 0 0 0 0 0 0 0 0 0 88 58 0 0 0 0 0 0 0 0 0 0 0 0
  0 0 58 58 0 0 0 0 0 0 0 0 0 0 0 0 0 0 88 58 0 0 0 0 0 0 0 0 0 0 0 0 0 0 58 58
  0 0 0 0 0 0 0 0 0 0 0 0 0 0 88 58 0 0 0 0 0 0 0 0 0 0 0 0 0 0 58 88 0 0 0 0 0
  0 0 0 0 0 0 0 0 0 57 57 0 0 0 0 0 0 0 0 0 0 0 0 0 0 49 88 0 0 0 0 0 0 0 0 0 0
  0 0 0 0 88 58 0 0 0 0 0 0 0 0 0 0 0 0 0 0 49 88 0 0 0 0 0 0 0 0 0 0 0 0 0 0 0
  0 0 0 0 0 0 0 0 0 0 0 0 0 0 0 0 49 0 0 0 0 0 0 0 0 0 0 0 0 0 0 0 88 0 0 0 0 0
  0 0 0 0 0 0 0 0 0 0 49 0 0 0 0 0 0 0 0 0 0 0 0 0 0 0 0 0 0 0 0 0 0 0 0 0 0 0
  0 0 0 0 49 0 0 0 0 0 0 0 0 0 0 0 0 0 0 57 88 0 0 0 0 0 0 0 0 0 0 0 0 0 0 88
  58 0 0 0 0 0 0 0 0 0 0 0 0 0 0 58 58 0 0 0 0 0 0 0 0 0 0 0 0 0 0 88 58 0 0 0
  0 0 0 0 0 0 0 0 0 0 0 57 88 0 0 0 0 0 0 0 0 0 0 0 0 0 0 57 49 0 0 0 0 0 0 0 0
  0 0 0 0 0 0 0 0 0 0 0 0 0 0 0 0 0 0 0 0 0 0 0 49 0 0 0 0 0 0 0 0 0 0 0 0 0 0
  0 88 0 0 0 0 0 0 0 0 0 0 0 0 0 0 0 49 0 0 0 0 0 0 0 0 0 0 0 0 0 0 0 0 0 0 0 0
  0 0 0 0 0 0 0 0 0 0 49 0 0 0 0 0 0 0 0 0 0 0 0 0 0 0 88 0 0 0 0 0 0 0 0 0 0 0
  0 0 0 0 49 0 0 0 0 0 0 0 0 0 0 0 0 0 0 0 0 0 0 0 0 0 0 0 0 0 0 0 0 0 0 0 49
  57 0 0 0 0 0 0 0 0 0 0 0 0 0 0 88 57 0 0 0 0 0 0 0 0 0 0 0 0 0 0 58 88 0 0 0
  0 0 0 0 0 0 0 0 0 0 0 58 58 0 0 0 0 0 0 0 0 0 0 0 0 0 0 58 88 0 0 0 0 0 0 0 0
  0 0 0 0 0 0 88 57 0 0 0 0 0 0 0 0 0 0 0 0 0 0 49 0 0 0 0 0 0 0 0 0 0 0 0 0 0
  0 0 0 0 0 0 0 0 0 0 0 0 0 0 0 0 0 49 0 0 0 0 0 0 0 0 0 0 0 0 0 0 0 88 0 0 0 0
  0 0 0 0 0 0 0 0 0 0 0 49 0 0 0 0 0 0 0 0 0 0 0 0 0 0 0 0 0 0 0 0 0 0 0 0 0 0
  0 0 0 0 0 88 49 0 0 0 0 0 0 0 0 0 0 0 0 0 0 58 88 0 0 0 0 0 0 0 0 0 0 0 0 0 0
  88 49 0 0 0 0 0 0 0 0 0 0 0 0 0 0 57 57 0 0 0 0 0 0 0 0 0 0 0 0 0 0 88 58 0 0
  0 0 0 0 0 0 0 0 0 0 0 0 58 88 0 0 0 0 0 0 0 0 0 0 0 0 0 0 58 58 0 0 0 0 0 0 0
  0 0 0 0 0 0 0 58 88 0 0 0 0 0 0 0 0 0 0 0 0 0 0 58 58 0 0 0 0 0 0 0 0 0 0 0 0
  0 0 58 88 0 0 0 0 0 0 0 0 0 0 0 0 0 0 88 49 0 0 0 0 0 0 0 0 0 0 0 0 0 0 57 57
  0 0 0 0 0 0 0 0 0 0 0 0 0 0 88 49 0 0 0 0 0 0 0 0 0 0 0 0 0 0 58 88 0 0 0 0 0
  0 0 0 0 0 0 0 0 0 88 49 0 0 0 0 0 0 0 0 0 0 0 0 0 0 0 0 0 0 0 0 0 0 0 0 0 0 0
  0 0 0 49 88 0 0 0 0 0 0 0 0 0 0 0 0 0 0 88 58 0 0 0 0 0 0 0 0 0 0 0 0 0 0 58
  88 0 0 0 0 0 0 0 0 0 0 0 0 0 0 88 57 0 0 0 0 0 0 0 0 0 0 0 0 0 0 58 88 0 0 0
  0 0 0 0 0 0 0 0 0 0 0 58 58 0 0 0 0 0 0 0 0 0 0 0 0 0 0 58 88 0 0 0 0 0 0 0 0
  0 0 0 0 0 0 49 57 0 0 0 0 0 0 0 0 0 0 0 0 0 0 49 88 0 0 0 0 0 0 0 0 0 0 0 0 0
  0 58 58 0 0 0 0 0 0 0 0 0 0 0 0 0 0 58 88 0 0 0 0 0 0 0 0 0 0 0 0 0 0 88 57 0
  0 0 0 0 0 0 0 0 0 0 0 0 0 58 88 0 0 0 0 0 0 0 0 0 0 0 0 0 0 88 58 0 0 0 0 0 0
  0 0 0 0 0 0 0 0 49 88 0 0 0 0 0 0 0 0 0 0 0 0 0 0 0 0 0 0 0 0 0 0 0 0 0 0 0 0
  0 0 0 49 0 0 0 0 0 0 0 0 0 0 0 0 0 0 57 88 0 0 0 0 0 0 0 0 0 0 0 0 0 0 88 58
  0 0 0 0 0 0 0 0 0 0 0 0 0 0 58 88 0 0 0 0 0 0 0 0 0 0 0 0 0 0 58 58 0 0 0 0 0
  0 0 0 0 0 0 0 0 0 58 88 0 0 0 0 0 0 0 0 0 0 0 0 0 0 49 49 0 0 0 0 0 0 0 0 0 0
  0 0 0 0 0 0 0 0 0 0 0 0 0 0 0 0 0 0 0 0 0 49 0 0 0 0 0 0 0 0 0 0 0 0 0 0 57
  88 0 0 0 0 0 0 0 0 0 0 0 0 0 0 88 58 0 0 0 0 0 0 0 0 0 0 0 0 0 0 58 88 0 0 0
  0 0 0 0 0 0 0 0 0 0 0 88 58 0 0 0 0 0 0 0 0 0 0 0 0 0 0 57 88 0 0 0 0 0 0 0 0
  0 0 0 0 0 0 57 49 0 0 0 0 0 0 0 0 0 0 0 0 0 0 0 0 0 0 0 0 0 0 0 0 0 0 0 0 0 0
  49 57 0 0 0 0 0 0 0 0 0 0 0 0 0 0 88 57 0 0 0 0 0 0 0 0 0 0 0 0 0 0 58 88 0 0
  0 0 0 0 0 0 0 0 0 0 0 0 58 58 0 0 0 0 0 0 0 0 0 0 0 0 0 0 58 88 0 0 0 0 0 0 0
  0 0 0 0 0 0 0 58 57 0 0 0 0 0 0 0 0 0 0 0 0 0 0 49 0 0 0 0 0 0 0 0 0 0 0 0 0
  0 0 0 0 0 0 0 0 0 0 0 0 0 0 0 0 0 0 49 57 0 0 0 0 0 0 0 0 0 0 0 0 0 0 88 57 0
  0 0 0 0 0 0 0 0 0 0 0 0 0 58 88 0 0 0 0 0 0 0 0 0 0 0 0 0 0 88 58 0 0 0 0 0 0
  0 0 0 0 0 0 0 0 58 88 0 0 0 0 0 0 0 0 0 0 0 0 0 0 88 57 0 0 0 0 0 0 0 0 0 0 0
  0 0 0 49 0 0 0 0 0 0 0 0 0 0 0 0 0 0 0 0 0 0 0 0 0 0 0 0 0 0 0 0 0 0 0 88 49
  0 0 0 0 0 0 0 0 0 0 0 0 0 0 58 88 0 0 0 0 0 0 0 0 0 0 0 0 0 0 58 58 0 0 0 0 0
  0 0 0 0 0 0 0 0 0 58 88 0 0 0 0 0 0 0 0 0 0 0 0 0 0 58 58 0 0 0 0 0 0 0 0 0 0
  0 0 0 0 58 88 0 0 0 0 0 0 0 0 0 0 0 0 0 0 88 49 0 0 0 0 0 0 0 0 0 0 0 0 0 0 0
  0 0 0 0 0 0 0 0 0 0 0 0 0 0 0 88 49 0 0 0 0 0 0 0 0 0 0 0 0 0 0 58 88 0 0 0 0
  0 0 0 0 0 0 0 0 0 0 88 58 0 0 0 0 0 0 0 0 0 0 0 0 0 0 57 88 0 0 0 0 0 0 0 0 0
  0 0 0 0 0 88 58 0 0 0 0 0 0 0 0 0 0 0 0 0 0 83 88 0 0 0 0 0 0 0 0 0 0 0 0 0 0
  88 49 0 0 0 0 0 0 0 0 0 0 0 0 0 0 57 0 0 0 0 0 0 0 0 0 0 0 0 0 0 0 49 88 0 0
  0 0 0 0 0 0 0 0 0 0 0 0 58 58 0 0 0 0 0 0 0 0 0 0 0 0 0 0 58 88 0 0 0 0 0 0 0
  0 0 0 0 0 0 0 58 57 0 0 0 0 0 0 0 0 0 0 0 0 0 0 58 88 0 0 0 0 0 0 0 0 0 0 0 0
  0 0 88 58 0 0 0 0 0 0 0 0 0 0 0 0 0 0 49 88 0 0 0 0 0 0 0 0 0 0 0 0 0 0 0 0 0
  0 0 0 0 0 0 0 0 0 0 0 0 0 49 88 0 0 0 0 0 0 0 0 0 0 0 0 0 0 88 58 0 0 0 0 0 0
  0 0 0 0 0 0 0 0 49 88 0 0 0 0 0 0 0 0 0 0 0 0 0 0 57 57 0 0 0 0 0 0 0 0 0 0 0
  0 0 0 83 88 0 0 0 0 0 0 0 0 0 0 0 0 0 0 88 58 0 0 0 0 0 0 0 0 0 0 0 0 0 0 83
  88 0 0 0 0 0 0 0 0 0 0 0 0 0 0 88 0 83 88 49 0 49 88 49 0 49 88 49 0 49 88 49
  3 88 83 88 57 88 58 88 0 88 58 88 57 88 58 58 88 49 88 58 88 58 88 49 0 49 88
  58 88 58 58 58 49 0 57 88 58 88 57 57 0 0 57 88 58 58 58 88 0 49 88 58 88 83
  88 83 0 49 88 58 58 58 88 88 49 88 58 88 57 88 58 88 57 88 58 58 58 88 58 88
  88 49 88 49 57 49 88 58 88 58 58 58 88 57 57 57 49 0 0 0 0 0 57 88 83 58 83
  58 58 88 49 0 0 49 88 49 0 49 88 58 88 58 83 58 58 58 88 0 49 88 58 88 57 88
  58 88 57 88 58 58 58 88 49 0 88 49 88 58 88 58 88 58 57 49 88 83 88 57 57 0
  49 0 57 88 58 88 57 57 0 0 57 88 58 88 49 0 0 49 88 58 88 58 88 49 0 49 88 58
  88 58 88 0 49 88 58 88 57 88 58 88 0 88 58 88 57 88 49 0 88 49 88 49 57 49 88
  49 0 49 88 49 57 49 0 0 49 0 0 0 0 0 0 0 0 0 0 0 0 0 0 83) 
#(0 0 0 0 0 0 0 0 0 0 0 0 0 0 0 0 0 0 0 0 0 0 0 0 0 0 0 0 0 0 0 0 0 0 0 0 0 0 0
  0 0 0 0 0 0 0 0 0 0 0 0 0 0 0 0 0 0 0 0 0 0 0 0 0 0 0 0 0 0 0 0 0 0 0 0 0 0 0
  0 0 0 0 0 0 0 0 0 0 0 0 0 0 0 0 0 0 0 0 0 0 0 0 0 0 0 0 0 0 0 0 0 0 0 0 0 0 0
  0 0 0 0 0 0 0 0 0 0 0 0 0 0 0 0 0 0 0 0 0 0 0 0 0 0 0 0 0 0 0 0 0 0 0 0 0 0 0
  0 0 0 0 0 0 0 0 0 0 0 0 0 0 0 0 0 0 0 0 0 0 0 0 0 0 0 0 0 0 0 0 0 0 0 0 0 0 0
  0 0 0 0 0 0 0 0 0 0 0 0 0 0 0 0 0 0 0 0 0 0 0 0 0 0 0 0 0 0 0 0 0 0 0 0 0 0 0
  0 0 0 0 0 0 0 0 0 0 0 0 0 0 0 0 0 0 0 0 0 0 0 0 0 0 0 0 0 0 0 0 0 0 0 0 0 0 0
  0 0 0 0 0 0 0 0 0 0 0 0 0 0 0 0 0 0 0 0 0 0 0 0 0 0 0 0 0 0 0 0 0 0 0 0 0 0 0
  0 0 0 0 0 0 0 0 0 0 0 0 0 0 0 0 0 0 0 0 0 0 0 0 0 0 0 0 0 0 0 0 0 0 0 0 0 0 0
  0 0 0 0 0 0 0 0 0 0 0 0 0 0 0 0 0 0 0 0 0 0 0 0 0 0 0 0 0 0 0 0 0 0 0 0 0 0 0
  0 0 0 0 0 0 0 0 0 0 0 0 0 0 0 0 0 0 0 0 0 0 0 0 0 0 0 0 0 0 0 0 0 0 0 0 0 0 0
  0 0 0 0 0 0 0 0 0 0 0 0 0 0 0 0 0 0 0 0 0 0 0 0 0 0 0 0 0 0 0 0 0 0 0 0 0 0 0
  0 0 0 0 0 0 0 0 0 0 0 0 0 0 0 0 0 0 0 0 0 0 0 0 0 0 0 0 0 0 0 0 0 0 0 0 0 0 0
  0 0 0 0 0 0 0 0 0 0 0 0 0 0 0 0 0 0 0 0 0 0 0 0 0 0 0 0 0 0 0 0 0 0 0 0 0 0 0
  0 0 0 0 0 0 0 0 0 0 0 0 0 0 0 0 0 0 0 0 0 0 0 0 0 0 0 0 0 0 0 0 0 0 0 0 0 0 0
  0 0 0 0 0 0 0 0 0 0 0 0 0 0 0 0 0 0 0 0 0 0 0 0 0 0 0 0 0 0 0 0 0 0 0 0 0 0 0
  0 0 0 0 0 0 0 0 0 0 0 0 0 0 0 0 0 0 0 0 0 0 0 0 0 0 0 0 0 0 0 0 0 0 0 0 0 0 0
  0 0 0 0 0 0 0 0 0 0 0 0 0 0 0 0 0 0 0 0 0 0 0 0 0 0 0 0 0 0 0 0 0 0 0 0 0 0 0
  0 0 0 0 0 0 0 0 0 0 0 0 0 0 0 0 0 0 0 0 0 0 0 0 0 0 0 0 0 0 0 0 0 0 0 0 0 0 0
  0 0 0 0 0 0 0 0 0 0 0 0 0 0 0 0 0 0 0 0 0 0 0 0 0 0 0 0 0 0 0 0 0 0 0 0 0 0 0
  0 0 0 0 0 0 0 0 0 0 0 0 0 0 0 0 0 0 0 0 0 0 0 0 0 0 0 0 0 0 0 0 0 0 0 0 0 0 0
  0 0 0 0 0 0 0 0 0 0 0 0 0 0 0 0 0 0 0 0 0 0 0 0 0 0 0 0 0 0 0 0 0 0 0 0 0 0 0
  0 0 0 0 0 0 0 0 0 0 0 0 0 0 0 0 0 0 0 0 0 0 0 0 0 0 0 0 0 0 0 0 0 0 0 0 0 0 0
  0 0 0 0 0 0 0 0 0 0 0 0 0 0 0 0 0 0 0 0 0 0 0 0 0 0 0 0 0 0 0 0 0 0 0 0 0 0 0
  0 0 0 0 0 0 0 0 0 0 0 0 0 0 0 0 0 0 0 0 0 0 0 0 0 0 0 0 0 0 0 0 0 0 0 0 0 0 0
  0 0 0 0 0 0 0 0 0 0 0 0 0 0 0 0 0 0 0 0 0 0 0 0 0 0 0 0 0 0 0 0 0 0 0 0 0 0 0
  0 0 0 0 0 0 0 0 0 0 0 0 0 0 0 0 0 0 0 0 0 0 0 0 0 0 0 0 0 0 0 0 0 0 0 0 0 0 0
  0 0 0 0 0 0 0 0 0 0 0 0 0 0 0 0 0 0 0 0 0 0 0 0 0 0 0 0 0 0 0 0 0 0 0 0 0 0 0
  0 0 0 0 0 0 0 0 0 0 0 0 0 0 0 0 0 0 0 0 0 0 0 0 0 0 0 0 0 0 0 0 0 0 0 0 0 0 0
  0 0 0 0 0 0 0 0 0 0 0 0 0 0 0 0 0 0 0 0 0 0 0 0 0 0 0 0 0 0 0 0 0 0 0 0 0 0 0
  0 0 0 0 0 0 0 0 0 0 0 0 0 0 0 0 0 0 0 0 0 0 0 0 0 0 0 0 0 0 0 0 0 0 0 0 0 0 0
  0 0 0 0 0 0 0 0 0 0 0 0 0 0 0 0 0 0 0 0 0 0 0 0 0 0 0 0 0 0 0 0 0 0 0 0 0 0 0
  0 0 0 0 0 0 0 0 0 0 0 0 0 0 0 0 0 0 0 0 0 0 0 0 0 0 0 0 0 0 0 0 0 0 0 0 0 0 0
  0 0 0 0 0 0 0 0 0 0 0 0 0 0 0 0 0 0 0 0 0 0 0 0 0 0 0 0 0 0 0 0 0 0 0 0 0 0 0
  0 0 0 0 0 0 0 0 0 0 0 0 0 0 0 0 0 0 0 0 0 0 0 0 0 0 0 0 0 0 0 0 0 0 0 0 0 0 0
  0 0 0 0 0 0 0 0 0 0 0 0 0 0 0 0 0 0 0 0 0 0 0 0 0 0 0 0 0 0 0 0 0 0 0 0 0 0 0
  0 0 0 0 0 0 0 0 0 0 0 0 0 0 0 0 0 0 0 0 0 0 0 0 0 0 0 0 0 0 0 0 0 0 0 0 0 0 0
  0 0 0 0 0 0 0 0 0 0 0 0 0 0 0 0 0 0 0 0 0 0 0 0 0 0 0 0 0 0 0 0 0 0 0 0 0 0 0
  0 0 0 0 0 0 0 0 0 0 0 0 0 0 0 0 0 0 0 0 0 0 0 0 0 0 0 0 0 0 0 0 0 0 0 0 0 0 0
  0 0 0 0 0 0 0 0 0 0 0 0 0 0 0 0 0 0 0 0 0 0 0 0 0 0 0 0 0 0 0 0 0 0 0 0 0 0 0
  0 0 0 0 0 0 0 0 0 0 0 0 0 0 0 0 0 0 0 0 0 0 0 0 0 0 0 0 0 0 0 0 0 0 0 0 0 0 0
  0 0 0 0 0 0 0 0 0 0 0 0 0 0 0 0 0 0 0 0 0 0 0 0 0 0 0 0 0 0 0 0 0 0 0 0 0 0 0
  0 0 0 0 0 0 0 0 0 0 0 0 0 0 0 0 0 0 0 0 0 0 0 0 0 0 0 0 0 0 0 0 0 0 0 0 0 0 0
  0 0 0 0 0 0 0 0 0 0 0 0 0 0 0 0 0 0 0 0 0 0 0 0 0 0 0 0 0 0 0 0 0 0 0 0 0 0 0
  0 0 0 0 0 0 0 0 0 0 0 0 0 0 0 0 0 0 0 0 0 0 0 0 0 0 0 0 0 0 0 0 0 0 0 0 0 0 0
  0 0 0 0 0 0 0 0 0 0 0 0 0 0 0 0 0 0 0 0 0 0 0 0 0 0 0 0 0 0 0 0 0 0 0 0 0 0 0
  0 0 0 0 0 0 0 0 0 0 0 0 0 0 0 0 0 0 0 0 0 0 0 0 0 0 0 0 0 0 0 0 0 0 0 0 0 0 0
  0 0 0 0 0 0 0 0 0 0 0 0 0 0 0 0 0 0 0 0 0 0 0 0 0 0 0 0 0 0 0 0 0 0 0 0 0 0 0
  0 0 0 0 0 0 0 0 0 0 0 0 0 0 0 0 0 0 0 0 0 0 0 0 0 0 0 0 0 0 0 0 0 0 0 0 0 0 0
  0 0 0 0 0 0 0 0 0 0 0 0 0 0 0 0 0 0 0 0 0 0 0 0 0 0 0 0 0 0 0 0 0 0 0 0 0 0 0
  0 0 0 0 0 0 0 0 0 0 0 0 0 0 0 0 0 0 0 0 0 0 0 0 0 0 0 0 0 0 0 0 0 0 0 0 0 0 0
  0 0 0 0 0 0 0 0 0 0 0 0 0 0 0 0 0 0 0 0 0 0 0 0 0 0 0 0 0 0 0 0 0 0 0 0 0 0 0
  0 0 0 0 0 0 0 0 0 0 0 0 0 0 0 0 0 0 0 0 0 0 0 0 0 0 0 0 0 0 0 0 0 0 0 0 0 0 0
  0 0 0 0 0 0 0 0 0 0 0 0 0 0 0 0 0 0 0 0 0 0 0 0 0 0 0 0 0 0 0 0 0 0 0 0 0 0 0
  0 0 0 0 0 0 0 0 0 0 0 0 0 0 0 0 0 0 0 0 0 0 0 0 0 0 0 0 0 0 0 0 0 0 0 0 0 0 0
  0 0 0 0 0 0 0 0 0 0 0 0 0 0 0 0 0 0 0 0 0 0 0 0 0 0 0 0 0 0 0 0 0 0 0 0 0 0 0
  0 0 0 0 0 0 0 0 0 0 0 0 0 0 0 0 0 0 0 0 0 0 0 0 0 0 0 0 0 0 0 0 0 0 0 0 0 0 0
  0 0 0 0 0 0 0 0 0 0 0 0 0 0 0 0 0 0 0 0 0 0 0 0 0 0 0 0 0 0 0 0 0 0 0 0 0 0 0
  0 0 0 0 0 0 0 0 0 0 0 0 0 0 0 0 0 0 0 0 0 0 0 0 0 0 0 0 0 0 0 0 0 0 0 0 0 0 0
  0 0 0 0 0 0 0 0 0 0 0 0 0 0 0 0 0 0 0 0 0 0 0 0 0 0 0 0 0 0 0 0 0 0 0 0 0 0 0
  0 0 0 0 0 0 0 0 0 0 0 0 0 0 0 0 0 0 0 0 0 0 0 0 0 0 0 0 0 0 0 0 0 0 0 0 0 0 0
  0 0 0 0 0 0 0 0 0 0 0 0 0 0 0 0 0 0 0 0 0 0 0 0 0 0 0 0 0 0 0 0 0 0 0 0 0 0 0
  0 0 0 0 0 0 0 0 0 0 0 0 0 0 0 0 0 0 0 0 0 0 0 0 0 0 0 0 0 0 0 0 0 0 0 0 0 0 0
  0 0 0 0 0 0 0 0 0 0 0 0 0 0 0 0 0 0 0 0 0 0 0 0 0 0 0 0 0 0 0 0 0 0 0 0 0 0 0
  0 0 0 0 0 0 0 0 0 0 0 0 0 0 0 0 0 0 0 0 0 0 0 0 0 0 0 0 0 0 0 0 0 0 0 0 0 0 0
  0 0 0 0 0 0 0 0 0 0 0 0 0 0 0 0 0 0 0 0 0 0 0 0 0 0 0 0 0 0 0 0 0 0 0 0 0 0 0
  0 0 0 0 0 0 0 0 0 0 0 0 0 0 0 0 0 0 0 0 0 0 0 0 0 0 0 0 0 0 0 0 0 0 0 0 0 0 0
  0 0 0 0 0 0 0 0 0 0 0 0 0 0 0 0 0 0 0 0 0 0 0 0 0 0 0 0 0 0 0 0 0 0 0 0 0 0 0
  0 0 0 0 0 0 0 0 0 0 0 0 0 0 0 0 0 0 0 0 0 0 0 0 0 0 0 0 0 0 0 0 0 0 0 0 0 0 0
  0 0 0 0 0 0 0 0 0 0 0 0 0 0 0 0 0 0 0 0 0 0 0 0 0 0 0 0 0 0 0 0 0 0 0 0 0 0 0
  0 0 0 0 0 0 0 0 0 0 0 0 0 0 0 0 0 0 0 0 0 0 0 0 0 0 0 0 0 0 0 0 0 0 0 0 0 0 0
  0 0 0 0 0 0 0 0 0 0 0 0 0 0 0 0 0 0 0 0 0 0 0 0 0 0 0 0 0 0 0 0 0 0 0 0 0 0 0
  0 0 0 0 0 0 0 0 0 0 0 0 0 0 0 0 0 0 0 0 0 0 0 0 0 0 0 0 0 0 0 0 0 0 0 0 0 0 0
  0 0 0 0 0 0 0 0 0 0 0 0 0 0 0 0 0 0 0 0 0 0 0 0 0 0 0 0 0 0 0 0 0 0 0 0 0 0 0
  0 0 0 0 0 0 0 0 0 0 0 0 0 0 0 0 0 0 0 0 0 0 0 0 0 0 0 0 0 0 0 0 0 0 0 0 0 0 0
  0 0 0 0 0 0 0 0 0 0 0 0 0 0 0 0 0 0 0 0 0 0 0 0 0 0 0 0 0 0 0 0 0 0 0 0 0 0 0
  0 0 0 0 0 0 0 0 0 0 0 0 0 0 0 0 0 0 0 0 0 0 0 0 0 0 0 0 0 0 0 0 0 0 0 0 0 0 0
  0 0 0 0 0 0 0 0 0 0 0 0 0 0 0 0 0 0 0 0 0 0 0 0 0 0 0 0 0 0 0 0 0 0 0 0 0 0 0
  0 0 0 0 0 0 0 0 0 0 0 0 0 0 0 0 0 0 0 0 0 0 0 0 0 0 0 0 0 0 0 0 0 0 0 0 0 0 0
  0 0 0 0 0 0 0 0 0 0 0 0 0 0 0 0 0 0 0 0 0 0 0 0 0 0 0 0 0 0 0 0 0 0 0 0 0 0 0
  0 0 0 0 0 0 0 0 0 0 0 0 0 0 0 0 0 0 0 0 0 0 0 0 0 0 0 0 0 0 0 0 0 0 0 0 0 0 0
  0 0 0 0 0 0 0 0 0 0 0 0 0 0 0 0 0 0 0 0 0 0 0 0 0 0 0 0 0 0 0 0 0 0 0 0 0 0 0
  0 0 0 0 0 0 0 0 0 0 0 0 0 0 0 0 0 0 0 0 0 0 0 0 0 0 0 0 0 0 0 0 0 0 0 0 0 0 0
  0 0 0 0 0 0 0 0 0 0 0 0 0 0 0 0 0 0 0 0 0 0 0 0 0 0 0 0 0 0 0 0 0 0 0 0 0 0 0
  0 0 0 0 0 0 0 0 0 0 0 0 0 0 0 0 0 0 0 0 0 0 0 0 0 0 0 0 0 0 0 0 0 0 0 0 0 0 0
  0 0 0 0 0 0 0 0 0 0 0 0 0 0 0 0 0 0 0 0 0 0 0 0 0 0 0 0 0 0 0 0 0 0 0 0 0 0 0
  0 0 0 0 0 0 0 0 0 0 0 0 0 0 0 0 0 0 0 0 0 0 0 0 0 0 0 0 0 0 0 0 0 0 0 0 0 0 0
  0 0 0 0 0 0 0 0 0 0 0 0 0 0 0 0 0 0 0 0 0 0 0 0 0 0 0 0 0 0 0 0 0 0 0 0 0 0 0
  0 0 0 0 0 0 0 0 0 0 0 0 0 0 0 0 0 0 0 0 0 0 0 0 0 0 0 0 0 0 0 0 0 0 0 0 0 0 0
  0 0 0 0 0 0 0 0 0 0 0 0 0 0 0 0 0 0 0 0 0 0 0 0 0 0 0 0 0 0 0 0 0 0 0 0 0 0 0
  0 0 0 0 0 0 0 0 0 0 0 0 0 0 0 0 0 0 0 0 0 0 0 0 0 0 0 0 0 0 0 0 0 0 0 0 0 0 0
  0 0 0 0 0 0 0 0 0 0 0 0 0 0 0 0 0 0 0 0 0 0 0 0 0 0 0 0 0 0 0 0 0 0 0 0 0 0 0
  0 0 0 0 0 0 0 0 0 0 0 0 0 0 0 0 0 0 0 0 0 0 0 0 0 0 0 0 0 0 0 0 0 0 0 0 0 0 0
  0 0 0 0 0 0 0 0 0 0 0 0 0 0 0 0 0 0 0 0 0 0 0 0 0 0 0 0 0 0 0 0 0 0 0 0 0 0 0
  0 0 0 0 0 0 0 0 0 0 0 0 0 0 0 0 0 0 0 0 0 0 0 0 0 0 0 0 0 0 0 0 0 0 0 0 0 0 0
  0 0 0 0 0 0 0 0 0 0 0 0 0 0 0 0 0 0 0 0 0 0 0 0 0 0 0 0 0 0 0 0 0 0 0 0 0 0 0
  0 0 0 0 0 0 0 0 0 0 0 0 0 0 0 0 0 0 0 0 0 0 0 0 0 0 0 0 0 0 0 0 0 0 0 0 0 0 0
  0 0 0 0 0 0 0 0 0 0 0 0 0 0 0 0 0 0 0 0 0 0 0 0 0 0 0 0 0 0 0 0 0 0 0 0 0 0 0
  0 0 0 0 0 0 0 0 0 0 0 0 0 0 0 0 0 0 0 0 0 0 0 0 0 0 0 0 0 0 0 0 0 0 0 0 0 0 0
  0 0 0 0 0 0 0 0 0 0 0 0 0 0 0 0 0 0 0 0 0 0 0 0 0 0 0 0 0 0 0 0 0 0 0 0 0 0 0
  0 0 0 0 0 0 0 0 0 0 0 0 0 0 0 0 0 0 0 0 0 0 0 0 0 0 0 0 0 0 0 0 0 0 0 0 0 0 0
  0 0 0 0 0 0 0 0 0 0 0 0 0 0 0 0 0 0 0 0 0 0 0 0 0 0 0 0 0 0 0 0 0 0 0 0 0 0 0
  0 0 0 0 0 0 0 0 0 0 0 0 0 0 0 0 0 0 0 0 0 0 0 0 0 0 0 0 0 0 0 0 0 0 0 0 0 0 0
  0 0 0 0 0 0 0 0 0 0 0 0 0 0 0 0 0 0 0 0 0 0 0 0 0 0 0 0 0 0 0 0 0 0 0 0 0 0 0
  0 0 0 0 0 0 0 0 0 0 0 0 0 0 0 0 0 0 0 0 0 0 0 0 0 0 0 0 0 0 0 0 0 0 0 0 0 0 0
  0) 
#(0 15 15 15 15 15 15 15 15 15 15 15 15 15 15 0 15 15 0 0 0 0 0 15 0 0 0 0 0 0
  0 0 15 0 0 0 0 0 0 15 0 0 0 0 0 0 0 0 15 0 0 0 0 0 0 15 0 0 0 0 0 0 0 15 15 0
  0 0 0 0 15 15 0 0 0 0 0 0 15 0 15 0 0 0 0 0 0 0 0 0 0 0 0 0 0 0 15 0 0 0 0 0
  0 0 0 0 0 0 0 0 0 0 15 0 0 0 0 0 0 0 0 0 0 15 0 0 0 15 15 0 0 0 0 0 0 0 0 0
  15 15 15 15 15 0 0 0 0 0 0 0 0 0 0 0 0 0 0 0 0 0 0 0 0 0 0 0 0 0 0 0 0 0 0 0
  0 0 0 0 0 0 0 0 0 0 0 0 0 0 0 0 0 15 0 0 0 0 0 0 0 0 0 0 0 0 0 0 15 0 0 0 0 0
  0 0 0 0 0 0 0 0 0 0 0 0 0 0 0 0 0 0 0 0 0 0 0 0 0 0 0 0 0 0 0 0 0 0 0 0 0 0 0
  0 0 0 0 0 0 0 0 0 15 15 15 15 15 15 15 15 15 15 15 0 0 0 0 15 15 15 15 15 15
  15 15 15 15 15 15 0 0 15 0 0 15 15 15 15 15 15 15 15 15 15 15 0 0 0 0 15 15
  15 15 15 15 15 15 15 15 15 15 0 0 15 0 0 15 15 15 15 15 15 15 15 15 15 15 0 0
  0 0 0 15 15 15 15 15 15 15 15 15 15 15 0 0 15 0 15 15 15 15 15 15 15 15 15 15
  15 15 0 0 0 0 15 15 15 15 15 15 15 15 15 15 15 15 15 15 15 0 0 15 15 15 15 15
  15 15 15 15 15 15 0 0 0 0 0 15 15 15 15 15 15 15 15 15 15 15 0 0 15 0 15 15
  15 15 15 15 15 15 15 15 15 15 0 0 0 0 15 15 15 15 15 15 15 15 15 15 15 15 0 0
  15 0 0 15 15 15 15 15 15 15 15 15 15 15 0 0 0 0 0 15 15 15 15 15 15 15 15 15
  15 15 0 0 15 0 0 0 15 15 15 15 15 15 15 15 15 15 0 0 0 0 0 0 0 0 0 0 0 0 0 0
  0 0 0 0 0 0 0 15 15 15 15 15 15 15 15 15 15 15 0 0 0 0 0 15 15 15 15 15 15 15
  15 15 15 15 0 0 15 0 0 15 15 15 15 15 15 15 15 15 15 15 0 0 0 0 0 15 15 15 15
  15 15 15 15 15 15 15 0 0 0 0 15 0 15 15 15 15 15 15 15 15 15 15 0 0 0 0 0 0
  15 15 15 15 15 15 15 15 15 15 0 0 0 0 15 15 15 15 15 15 15 15 15 15 15 15 0 0
  0 0 0 0 15 15 15 15 15 15 15 15 15 15 15 15 0 0 15 15 15 15 15 15 15 15 15 15
  15 15 0 0 0 0 0 15 15 15 15 15 15 15 15 15 15 15 0 0 0 0 15 0 15 15 15 15 15
  15 15 15 15 15 0 0 0 0 0 0 15 15 15 15 15 15 15 15 15 15 0 0 0 0 15 15 15 15
  15 15 15 15 15 15 15 15 0 0 0 0 0 0 15 15 15 15 15 15 15 15 15 15 0 0 0 0 0
  15 15 15 15 15 15 15 15 15 15 15 0 0 0 0 0 0 0 0 0 0 0 0 0 0 0 0 0 0 15 0 15
  15 15 15 15 15 15 15 15 15 15 15 15 0 15 15 15 15 15 15 15 15 15 15 15 15 15
  15 0 0 15 0 15 0 15 15 15 15 15 15 15 15 15 15 0 0 15 15 0 0 15 15 15 15 15
  15 15 15 15 15 0 0 15 0 15 0 15 15 15 15 15 15 15 15 15 15 0 0 15 0 0 0 0 15
  15 15 15 15 15 15 15 15 0 0 15 15 15 15 15 15 15 15 15 15 15 15 15 15 0 0 0
  15 0 0 15 15 15 15 15 15 15 15 15 15 15 0 0 0 0 15 0 15 15 15 15 15 15 15 15
  15 15 0 0 0 0 0 0 15 15 15 15 15 15 15 15 15 0 0 0 0 15 0 15 15 15 15 15 15
  15 15 15 15 0 0 0 0 0 0 0 15 15 15 15 15 15 15 15 15 0 0 15 15 15 15 15 15 15
  15 15 15 15 15 15 15 0 0 15 15 0 0 0 15 15 15 15 15 15 15 15 15 0 0 15 0 15 0
  15 15 15 15 15 15 15 15 15 15 0 0 15 0 0 0 0 0 15 15 15 15 15 15 15 15 15 15
  0 0 0 15 15 15 15 15 15 15 15 15 15 15 0 0 15 0 0 15 15 15 15 15 15 15 15 15
  15 15 0 0 15 0 0 0 15 15 15 15 15 15 15 15 15 15 0 0 15 15 0 0 15 15 15 15 15
  15 15 15 15 15 0 0 15 15 15 15 15 15 15 15 15 15 15 15 15 15 0 0 15 15 15 0 0
  15 15 15 15 15 15 15 15 15 0 0 15 15 0 0 15 0 15 15 15 15 15 15 15 15 0 0 0 0
  0 0 0 0 15 15 15 15 15 15 15 15 15 0 0 0 15 15 0 15 15 15 15 15 15 15 15 15 0
  0 0 0 0 0 0 0 15 15 15 15 15 15 15 15 0 0 0 0 15 15 15 15 15 15 15 15 15 15
  15 15 0 0 0 15 15 0 0 15 15 15 15 15 15 15 15 15 0 0 15 15 0 0 15 0 15 15 15
  15 15 15 15 15 0 0 15 15 0 0 0 0 15 15 15 15 15 15 15 15 0 0 15 15 15 15 15
  15 15 15 15 15 15 15 15 15 0 0 15 15 0 0 0 0 15 0 0 0 0 15 15 15 15 0 15 15
  15 15 15 15 15 15 15 15 15 15 15 15 0 0 0 0 15 0 15 15 15 15 15 15 15 15 15
  15 0 0 15 15 15 0 15 15 15 15 15 15 15 15 15 15 0 0 15 15 15 15 15 15 15 15
  15 15 15 15 15 15 0 0 15 15 15 0 15 0 15 15 15 15 15 15 15 15 0 0 15 15 15 0
  0 0 15 15 15 15 15 15 15 15 0 0 15 15 15 15 15 0 15 15 15 15 15 15 15 15 0 0
  15 15 15 0 0 0 0 15 15 15 15 15 15 15 0 0 0 15 15 15 15 15 15 15 15 15 15 15
  15 15 0 0 0 15 15 15 0 0 15 15 15 15 15 15 15 15 0 0 15 15 15 0 0 15 0 15 15
  15 15 15 15 15 0 0 15 15 15 0 0 0 0 15 15 15 15 15 15 15 0 0 15 15 15 15 15 0
  15 15 15 15 15 15 15 15 0 0 15 15 15 15 0 0 15 15 15 15 15 15 15 15 0 0 15 15
  15 0 0 15 0 15 15 15 15 15 15 15 0 0 15 15 15 0 0 0 0 0 0 0 0 15 15 15 15 0 0
  0 15 15 15 15 15 15 15 15 15 15 15 15 0 0 0 0 0 0 15 15 15 15 15 15 15 15 15
  15 0 0 15 0 0 0 0 15 15 15 15 15 15 15 15 15 0 0 15 15 15 0 0 15 15 15 15 15
  15 15 15 15 0 0 15 15 15 0 0 0 15 15 15 15 15 15 15 15 0 0 15 15 15 15 0 0 15
  15 15 15 15 15 15 15 0 0 15 15 15 15 15 15 15 15 15 15 15 15 15 15 0 0 15 15
  15 15 15 0 0 15 15 15 15 15 15 15 0 0 15 15 15 15 0 0 15 0 15 15 15 15 15 15
  0 0 0 15 15 15 0 0 0 0 15 15 15 15 15 15 0 0 15 15 15 15 15 15 0 15 15 15 15
  15 15 15 0 0 15 15 15 15 0 0 0 0 15 15 15 15 15 15 0 0 15 15 15 15 15 15 15
  15 15 15 15 15 15 15 0 0 15 15 15 15 0 0 0 0 15 15 15 15 15 15 0 0 15 15 15
  15 15 15 0 15 15 15 15 15 15 15 0 0 15 15 15 15 0 0 0 0 15 15 15 15 15 15 15
  15 15 15 0 15 15 15 15 15 15 15 15 15 15 15 15 0 15 15 0 15 15 15 15 15 15 15
  15 15 15 15 15 0 15 15 15 15 15 15 15 15 15 15 15 15 15 15 15 0 15 15 0 0 15
  0 15 15 15 15 15 15 15 15 15 0 15 15 15 15 15 0 15 15 15 15 15 15 15 15 15 0
  15 15 15 15 15 15 15 15 15 15 15 15 15 15 0 0 15 15 15 15 15 0 15 0 15 15 15
  15 15 15 0 0 15 15 15 15 15 0 0 0 15 15 15 15 15 15 0 0 15 15 15 15 15 15 15
  0 15 15 15 15 15 15 0 0 15 15 15 15 15 0 0 0 0 15 15 15 15 15 0 0 15 15 15 15
  15 15 15 15 15 15 15 15 15 15 0 0 15 15 15 15 15 15 0 0 15 15 15 15 15 15 15
  0 15 15 15 15 15 0 0 15 0 15 15 15 15 15 15 0 15 15 15 15 15 0 0 0 0 15 15 15
  15 15 15 0 15 15 15 15 15 15 15 15 15 15 15 15 15 15 15 0 15 15 15 15 15 0 0
  0 0 15 15 15 15 15 15 15 0 0 0 15 15 15 15 15 15 15 15 15 15 15 0 15 0 0 0 0
  15 15 15 15 15 15 15 15 15 15 0 15 15 15 0 0 15 15 15 15 15 15 15 15 15 15 0
  0 15 15 0 0 0 0 15 15 15 15 15 15 15 15 15 0 15 15 15 0 0 0 0 15 15 15 15 15
  15 15 0 0 15 15 15 15 15 0 0 15 15 15 15 15 15 15 0 0 15 15 15 15 15 0 0 0 15
  15 15 15 15 15 0 0 15 15 15 15 15 15 0 0 15 15 15 15 15 15 0 0 15 15 15 15 15
  15 15 15 15 15 15 15 15 15 0 0 15 15 15 15 15 15 15 0 0 15 15 15 15 15 0 0 15
  15 15 15 15 15 0 0 15 0 15 15 15 15 0 0 15 15 15 15 15 15 0 0 0 0 15 15 15 15
  15 0 15 15 15 15 15 15 15 15 0 15 15 15 15 15 0 0 15 15 15 15 15 15 15 0 0 15
  15 15 15 15 0 0 15 15 15 15 15 15 0 0 15 0 15 15 15 15 0 0 15 15 15 15 15 15
  0 0 0 0 15 15 15 15 15 0 15 0 15 15 15 15 15 15 15 15 15 15 15 15 0 0 15 15
  15 15 15 15 15 15 15 15 15 15 15 15 0 0 15 0 0 15 0 15 15 15 15 15 15 15 15
  15 0 0 15 15 15 15 0 15 15 15 15 15 15 15 15 15 0 0 15 15 15 15 15 15 15 15
  15 15 15 15 15 15 0 0 15 15 15 15 0 0 15 0 15 15 15 15 15 15 0 0 15 15 15 15
  15 15 15 0 15 15 15 15 15 15 0 0 15 15 15 15 15 15 15 15 15 15 15 15 15 15 0
  0 15 15 15 15 15 15 15 0 15 0 15 15 15 15 0 0 15 15 15 15 15 15 15 0 0 0 15
  15 15 15 0 0 15 15 15 15 15 15 15 15 15 0 15 15 15 15 0 0 15 15 15 15 15 15
  15 0 0 0 0 15 15 15 0 0 15 15 15 15 15 15 15 15 15 15 15 15 15 15 0 0 15 15
  15 15 15 15 15 0 0 0 0 15 15 15 0 0 15 15 15 15 15 15 15 15 15 0 15 15 15 15
  0 0 15 15 15 15 15 15 15 0 0 0 0 15 15 15 15 0 0 0 0 15 15 15 15 15 15 15 15
  15 15 15 0 0 15 0 0 15 15 15 15 15 15 15 15 15 15 15 0 0 15 0 0 0 0 15 15 15
  15 15 15 15 15 15 0 0 15 15 0 0 0 0 15 15 15 15 15 15 15 15 0 0 15 15 15 15 0
  0 15 15 15 15 15 15 15 15 0 0 15 15 15 15 0 0 0 0 15 15 15 15 15 15 0 0 15 15
  15 15 15 0 0 0 0 15 15 15 15 15 0 0 15 15 15 15 15 15 15 0 0 15 15 15 15 15 0
  0 15 15 15 15 15 15 15 0 0 0 15 15 15 15 0 0 15 15 15 15 15 15 15 15 0 0 15
  15 15 15 0 0 15 15 15 15 15 15 15 15 15 15 15 15 15 15 0 0 15 15 15 15 15 15
  15 15 15 0 0 15 15 15 0 0 15 15 15 15 15 15 15 15 0 0 15 0 15 15 0 0 15 15 15
  15 15 15 15 15 0 0 0 0 15 15 0 0 15 15 15 15 15 15 15 15 15 15 15 15 15 15 0
  0 15 15 15 15 15 15 15 15 0 0 0 0 15 15 15 15 15 15 15 15 15 15 15 15 15 15
  15 15 15 15 15 0 0 0 15 0 15 15 15 15 15 15 15 15 15 15 0 0 15 15 15 0 15 15
  15 15 15 15 15 15 15 15 0 0 15 15 15 15 15 15 15 15 15 15 15 15 15 15 0 0 15
  15 15 0 0 15 0 15 15 15 15 15 15 15 0 0 15 15 15 15 15 15 0 15 15 15 15 15 15
  15 0 0 15 15 15 15 15 15 15 15 15 15 15 15 15 15 0 0 15 15 15 15 15 15 0 0 15
  0 15 15 15 15 15 0 15 15 15 15 15 15 15 15 15 0 15 15 15 15 15 0 15 15 15 15
  15 15 15 15 15 15 15 15 15 15 0 0 15 15 15 15 15 15 15 15 15 0 15 0 15 15 0 0
  15 15 15 15 15 15 15 15 15 0 0 0 15 15 0 0 15 15 15 15 15 15 15 15 15 15 15 0
  15 15 0 0 15 15 15 15 15 15 15 15 15 15 0 0 15 15 0 0 15 15 15 15 15 15 15 15
  15 0 0 15 0 15 0 0 15 15 15 15 15 15 15 15 15 0 0 0 0 15 15 15 0 0 15 15 15
  15 15 15 15 15 15 15 15 15 0 0 0 0 0 0 15 15 15 15 15 15 15 15 15 15 0 0 15 0
  0 0 0 15 15 15 15 15 15 15 15 15 0 0 15 15 15 0 0 15 15 15 15 15 15 15 15 15
  0 0 15 15 15 0 0 0 0 15 15 15 15 15 15 15 0 0 15 15 15 15 0 0 0 0 15 15 15 15
  15 15 0 0 15 15 15 15 15 15 0 0 15 15 15 15 15 15 0 0 15 15 15 15 15 15 0 0 0
  0 15 15 15 15 15 0 15 15 15 15 15 15 15 0 0 0 0 15 15 15 0 0 15 15 15 15 15
  15 15 15 15 0 0 15 15 15 0 0 15 15 15 15 15 15 15 15 15 0 0 0 15 15 0 0 15 15
  15 15 15 15 15 15 15 15 0 0 15 15 0 0 15 15 15 15 15 15 15 15 15 15 0 15 0 15
  0 0 15 15 15 15 15 15 15 15 15 15 0 0 0 0 0 0 15 15 15 15 15 15 15 15 15 15
  15 15 0 15 0 0 15 15 15 15 15 15 15 15 15 15 0 0 0 0 15 0 15 15 0 15 15 15 15
  15 15 15 15 15 15 15 0 0 15 15 0 15 15 15 15 15 15 15 15 15 15 15 0 0 15 15
  15 15 15 15 15 15 15 15 15 15 15 15 0 0 15 15 0 0 15 0 15 15 15 15 15 15 15
  15 0 0 15 15 15 15 15 0 15 15 15 15 15 15 15 15 0 0 15 15 15 15 15 15 15 15
  15 15 15 15 15 15 0 0 15 15 15 15 15 0 0 15 0 15 15 15 15 15 0 0 15 15 15 15
  15 15 15 15 0 15 15 15 15 15 15 0 15 15 15 15 15 15 15 15 15 15 15 15 15 15 0
  0 15 15 15 15 15 15 15 15 0 0 15 0 15 15 0 0 15 15 15 15 15 15 15 15 15 15 15
  0 15 15 0 0 15 15 15 15 15 15 15 15 15 15 0 15 0 15 0 0 15 15 15 15 15 15 15
  15 15 15 15 15 0 15 0 0 15 15 15 15 15 15 15 15 15 15 15 0 0 0 0 0 15 15 15
  15 15 15 15 15 15 15 15 15 15 15 0 0 15 15 15 15 15 15 15 15 15 15 15 0 0 0 0
  0 0 0 0 15 15 15 15 15 15 15 15 15 15 15 0 0 0 0 0 15 15 15 15 15 15 15 15 15
  15 15 0 0 15 0 0 0 0 15 15 15 15 15 15 15 15 15 0 0 15 15 0 0 0 0 15 15 15 15
  15 15 15 15 0 0 15 15 15 15 0 0 15 15 15 15 15 15 15 15 0 0 15 15 15 15 0 0 0
  0 15 15 15 15 15 15 0 0 15 15 15 15 15 0 0 0 0 15 15 15 15 15 0 0 15 15 15 15
  15 15 15 0 0 15 15 15 15 15 15 0 15 15 15 15 15 15 15 0 0 0 0 15 15 15 0 0 15
  15 15 15 15 15 15 15 0 0 0 0 15 15 0 0 15 15 15 15 15 15 15 15 15 15 0 0 15
  15 0 0 15 15 15 15 15 15 15 15 15 15 0 0 0 0 0 0 15 15 15 15 15 15 15 15 15
  15 15 0 0 0 0 0 15 15 15 15 15 15 15 15 15 15 15 15 0 0 0 0 15 15 15 15 15 15
  15 15 15 15 15 15 0 15 0 0 15 15 15 15 15 15 15 15 15 15 15 15 0 0 0 0 0 0 0
  15 0 0 0 15 0 0 0 15 0 0 0 0 0 0 0 0 0 0 0 15 0 0 0 0 0 0 0 0 0 0 0 0 0 0 0
  15 0 0 0 0 0 0 0 0 15 0 0 0 0 0 0 15 15 0 0 0 0 0 0 0 0 0 0 0 0 0 0 15 0 0 0
  0 0 0 0 0 0 0 0 0 0 0 0 0 0 0 0 0 0 0 0 0 0 0 0 0 0 0 0 0 0 0 0 0 0 0 0 0 15
  15 15 15 15 0 0 0 0 0 0 0 0 0 15 0 0 0 0 15 0 0 0 0 0 0 0 0 0 0 15 0 0 0 0 0
  0 0 0 0 0 0 0 0 0 0 15 0 0 0 0 0 0 0 0 0 0 0 0 0 0 0 15 0 15 0 0 0 0 0 0 15
  15 0 0 0 0 0 15 0 0 0 0 0 0 0 0 15 0 0 0 0 0 0 0 0 0 0 0 0 0 0 0 15 0 0 0 0 0
  0 0 0 0 0 0 0 0 0 0 15 0 0 0 0 0 15 15 0 15 15 15 15 15 15 15 15 15 15 15 15
  15 15 0) 